[[(array([[ 79.06193806, 310.45304695],
         [ 25.16183816, 286.04545455],
         [ 37.87412587, 265.1973027 ],
         [ 10.41558442, 250.45104895],
         [  4.82217782, 220.95854146],
         [ 24.14485514, 206.72077922],
         [ 21.6023976 , 176.71978022],
         [ 47.02697303, 182.82167832],
         [ 40.92507493, 168.58391608],
         [ 31.77222777, 155.36313686],
         [  9.90709291, 147.73576424],
         [ 19.56843157, 135.02347652],
         [ 17.02597403, 125.36213786],
         [  5.33066933, 108.58191808],
         [ 26.17882118, 109.09040959],
         [ 22.61938062,  97.9035964 ],
         [ 12.95804196,  90.27622378],
         [  4.82217782,  94.85264735],
         [  7.87312687,  75.52997003],
         [ 17.02597403,  74.0044955 ],
         [ 27.1958042 ,  77.56393606],
         [ 29.73826174,  63.83466533],
         [ 16.51748252,  58.24125874],
         [ 10.92407592,  42.98651349],
         [ 22.11088911,  48.07142857],
         [ 36.85714286,  55.6988012 ],
         [ 37.36563437,  49.08841159],
         [ 42.95904096,  39.93556444],
         [ 24.14485514,  35.86763237],
         [ 16.00899101,  25.18931069],
         [  4.82217782,  26.71478521],
         [  6.85614386,  19.5959041 ],
         [ 15.5004995 ,   6.37512488],
         [  6.85614386,   7.39210789],
         [ 19.05994006,  15.01948052],
         [ 28.21278721,  15.01948052],
         [ 28.72127872,  23.66383616],
         [ 33.2977023 ,   8.91758242],
         [ 24.65334665,   6.88361638],
         [ 44.99300699,  17.05344655],
         [ 40.92507493,  21.62987013],
         [ 47.53546454,  24.17232767],
         [ 41.94205794,  30.27422577],
         [ 57.70529471,  33.83366633],
         [ 50.58641359,  46.54595405],
         [ 54.14585415,  56.20729271],
         [ 51.6033966 ,  62.81768232],
         [ 38.89110889,  67.39410589],
         [ 52.11188811,  76.54695305],
         [ 51.09490509,  91.8016983 ],
         [ 41.43356643,  90.78471528],
         [ 45.5014985 , 106.03946054],
         [ 57.70529471, 111.12437562],
         [ 69.90909091, 100.95454545],
         [ 71.94305694,  88.24225774],
         [ 65.84115884,  76.54695305],
         [ 69.90909091,  62.81768232],
         [ 79.06193806,  60.78371628],
         [ 69.4005994 ,  49.08841159],
         [ 78.55344655,  48.07142857],
         [ 73.46853147,  41.46103896],
         [ 80.07892108,  37.39310689],
         [ 67.87512488,  30.27422577],
         [ 73.46853147,  25.6978022 ],
         [ 63.80719281,  22.64685315],
         [ 66.85814186,  17.56193806],
         [ 59.23076923,  15.52797203],
         [ 67.87512488,  11.96853147],
         [ 58.21378621,   8.91758242],
         [ 41.43356643,   7.39210789],
         [ 48.04395604,   9.42607393],
         [ 69.90909091,   6.88361638],
         [ 76.51948052,  16.54495504],
         [ 84.65534466,  23.15534466],
         [ 92.28271728,  17.56193806],
         [ 88.21478521,  11.46003996],
         [ 83.12987013,   7.39210789],
         [ 96.35064935,   6.37512488],
         [101.94405594,  11.46003996],
         [ 93.80819181,  27.73176823],
         [ 92.28271728,  34.85064935],
         [ 98.38461538,  41.96953047],
         [100.41858142,  52.13936064],
         [ 94.31668332,  61.29220779],
         [ 87.70629371,  55.6988012 ],
         [ 87.1978022 ,  74.51298701],
         [ 97.87612388,  74.51298701],
         [ 85.67232767,  84.68281718],
         [102.45254745,  85.6998002 ],
         [ 94.31668332,  93.32717283],
         [ 88.21478521, 103.497003  ],
         [104.48651349,  98.92057942],
         [100.41858142, 129.43006993],
         [ 71.94305694, 113.15834166],
         [ 63.2987013 , 124.34515485],
         [ 51.09490509, 131.46403596],
         [ 48.55244755, 147.73576424],
         [ 66.85814186, 139.5999001 ],
         [ 64.31568432, 169.09240759],
         [ 79.57042957, 174.68581419],
         [ 84.14685315, 152.31218781],
         [ 82.62137862, 131.97252747],
         [106.52047952, 155.87162837],
         [ 98.38461538, 165.02447552],
         [103.97802198, 181.8046953 ],
         [ 74.48551449, 204.17832168],
         [ 99.91008991, 222.48401598],
         [ 69.4005994 , 231.12837163],
         [ 91.77422577, 259.6038961 ],
         [107.02897103, 201.63586414],
         [127.87712288, 216.89060939],
         [151.77622378, 202.65284715],
         [121.77522478, 194.00849151],
         [130.92807193, 168.58391608],
         [116.69030969, 167.56693307],
         [115.67332667, 127.3961039 ],
         [116.69030969, 110.10739261],
         [126.86013986, 116.20929071],
         [126.86013986, 127.9045954 ],
         [136.01298701, 140.10839161],
         [136.52147852, 149.76973027],
         [144.65734266, 163.499001  ],
         [155.84415584, 233.67082917],
         [150.75924076, 254.51898102],
         [125.84315684, 245.87462537],
         [112.62237762, 303.84265734],
         [116.69030969, 329.77572428],
         [180.76023976, 326.72477522],
         [155.84415584, 306.38511489],
         [155.84415584, 270.28221778],
         [185.84515485, 259.6038961 ],
         [177.70929071, 232.14535465],
         [191.43856144, 232.65384615],
         [219.40559441, 233.16233766],
         [216.35464535, 267.73976024],
         [212.28671329, 304.35114885],
         [236.69430569, 317.06343656],
         [250.93206793, 299.26623377],
         [255.50849151, 270.79070929],
         [238.21978022, 255.02747253],
         [242.7962038 , 225.53496503],
         [233.13486513, 193.5       ],
         [216.86313686, 199.6018981 ],
         [204.65934066, 202.14435564],
         [179.23476523, 189.43206793],
         [210.76123876, 176.71978022],
         [191.94705295, 181.8046953 ],
         [174.65834166, 158.92257742],
         [184.82817183, 166.04145854],
         [188.38761239, 151.8036963 ],
         [185.84515485, 133.498002  ],
         [174.14985015, 136.04045954],
         [173.13286713, 126.37912088],
         [163.98001998, 117.73476523],
         [147.1998002 , 120.78571429],
         [154.31868132, 141.63386613],
         [161.94605395, 107.05644356],
         [147.1998002 , 104.51398601],
         [155.33566434,  97.9035964 ],
         [130.92807193,  95.86963037],
         [114.65634366,  91.8016983 ],
         [110.58841159,  70.44505495],
         [134.996004  ,  82.64885115],
         [128.89410589,  70.44505495],
         [145.16583417,  70.44505495],
         [136.52147852,  62.30919081],
         [145.16583417,  60.27522478],
         [122.79220779,  58.74975025],
         [117.1988012 ,  47.05444555],
         [114.65634366,  33.32517483],
         [126.86013986,  33.83366633],
         [139.06393606,  39.93556444],
         [151.26773227,  36.37612388],
         [147.1998002 ,  32.30819181],
         [137.53846154,  27.22327672],
         [120.24975025,  17.56193806],
         [126.86013986,  15.01948052],
         [111.60539461,  10.95154845],
         [124.31768232,   6.37512488],
         [131.94505495,   8.40909091],
         [146.18281718,  14.51098901],
         [155.33566434,   7.39210789],
         [161.94605395,  13.49400599],
         [153.81018981,  18.07042957],
         [166.01398601,  23.15534466],
         [157.36963037,  27.73176823],
         [167.53946054,  34.34215784],
         [169.57342657,  42.47802198],
         [157.87812188,  47.56293706],
         [160.92907093,  55.6988012 ],
         [147.1998002 ,  46.03746254],
         [261.61038961, 205.1953047 ],
         [261.1018981 , 188.92357642],
         [257.54245754, 160.95654346],
         [238.21978022, 152.82067932],
         [210.25274725, 125.36213786],
         [193.47252747, 118.75174825],
         [198.04895105, 104.00549451],
         [174.14985015, 102.48001998],
         [168.55644356,  90.78471528],
         [153.3016983 ,  87.22527473],
         [164.997003  ,  79.5979021 ],
         [173.64135864,  75.52997003],
         [187.87912088,  76.54695305],
         [181.77722278,  64.85164835],
         [180.25174825,  54.17332667],
         [179.74325674,  36.88461538],
         [177.70929071,  23.66383616],
         [174.65834166,  15.01948052],
         [181.77722278,   7.39210789],
         [184.82817183,  15.01948052],
         [185.33666334,  22.64685315],
         [201.0999001 ,  23.15534466],
         [188.38761239,  35.35914086],
         [207.2017982 ,  36.37612388],
         [196.01498501,  48.57992008],
         [204.65934066,  62.81768232],
         [193.47252747,  66.88561439],
         [209.74425574,  77.05544456],
         [221.94805195,  88.75074925],
         [213.3036963 ,  98.41208791],
         [191.43856144,  93.32717283],
         [212.28671329, 110.61588412],
         [233.13486513, 115.19230769],
         [236.18581419, 125.36213786],
         [232.62637363, 137.56593407],
         [293.64535465, 302.31718282],
         [315.51048951, 333.33516484],
         [327.71428571, 312.48701299],
         [326.18881119, 284.01148851],
         [307.88311688, 259.6038961 ],
         [300.76423576, 212.82267732],
         [294.66233766, 187.90659341],
         [279.40759241, 152.31218781],
         [273.30569431, 140.61688312],
         [255.        , 137.05744256],
         [267.2037962 , 127.3961039 ],
         [259.06793207, 113.66683317],
         [247.88111888, 107.05644356],
         [231.60939061,  93.32717283],
         [248.8981019 ,  87.22527473],
         [248.38961039,  76.54695305],
         [233.64335664,  76.03846154],
         [236.69430569,  69.42807193],
         [226.52447552,  66.37712288],
         [223.98201798,  58.74975025],
         [215.84615385,  57.22427572],
         [217.37162837,  39.93556444],
         [218.8971029 ,  32.30819181],
         [228.04995005,  34.34215784],
         [227.03296703,  22.13836164],
         [210.76123876,  20.1043956 ],
         [204.15084915,  13.49400599],
         [199.06593407,   5.35814186],
         [208.72727273,   6.37512488],
         [220.42257742,   5.35814186],
         [228.04995005,   6.88361638],
         [227.54145854,  15.52797203],
         [237.2027972 ,  14.51098901],
         [240.25374625,  31.7997003 ],
         [248.8981019 ,  24.68081918],
         [260.08491508,  36.88461538],
         [243.3046953 ,  44.51198801],
         [237.2027972 ,  58.74975025],
         [226.01598402,  46.54595405],
         [248.38961039,  56.20729271],
         [257.03396603,  52.13936064],
         [250.93206793,  67.39410589],
         [263.13586414,  78.07242757],
         [261.1018981 ,  63.83466533],
         [281.44155844,  80.61488511],
         [263.13586414,  92.31018981],
         [271.27172827, 102.98851149],
         [280.93306693,  98.41208791],
         [299.74725275,  90.78471528],
         [304.32367632,  77.05544456],
         [291.61138861,  70.44505495],
         [278.39060939,  64.85164835],
         [281.44155844,  54.17332667],
         [273.30569431,  44.51198801],
         [275.84815185,  37.39310689],
         [279.40759241,  27.73176823],
         [271.27172827,  25.6978022 ],
         [258.55944056,  19.5959041 ],
         [266.6953047 ,  18.57892108],
         [259.06793207,  10.44305694],
         [249.40659341,   4.34115884],
         [274.32267732,   4.34115884],
         [295.67932068,  10.44305694],
         [290.59440559,  17.56193806],
         [290.59440559,  27.73176823],
         [295.67932068,  25.6978022 ],
         [294.15384615,  42.98651349],
         [293.64535465,  52.13936064],
         [305.84915085,  42.47802198],
         [305.84915085,  50.61388611],
         [312.96803197,  50.10539461],
         [320.08691309,  48.07142857],
         [315.001998  ,  36.88461538],
         [305.84915085,  29.76573427],
         [309.40859141,  18.07042957],
         [322.12087912,  25.18931069],
         [330.25674326,  17.05344655],
         [310.42557443,   6.37512488],
         [306.35764236,  63.83466533],
         [321.1038961 ,  62.30919081],
         [320.08691309,  78.58091908],
         [320.08691309,  90.27622378],
         [309.91708292, 100.44605395],
         [299.74725275, 102.98851149],
         [282.96703297, 123.32817183],
         [289.06893107, 112.14135864],
         [298.22177822, 117.22627373],
         [314.49350649, 117.73476523],
         [306.86613387, 144.17632368],
         [313.98501499, 162.99050949],
         [368.39360639, 280.96053946],
         [378.05494505, 322.65684316],
         [360.76623377, 367.91258741],
         [410.08991009, 353.16633367],
         [428.9040959 , 324.69080919],
         [456.36263736, 340.45404595],
         [472.63436563, 352.14935065],
         [501.10989011, 345.03046953],
         [486.36363636, 334.86063936],
         [474.66833167, 300.28321678],
         [426.36163836, 288.07942058],
         [436.02297702, 265.70579421],
         [416.19180819, 254.01048951],
         [397.88611389, 259.0954046 ],
         [378.05494505, 245.36613387],
         [345.51148851, 250.45104895],
         [336.35864136, 222.48401598],
         [328.22277722, 198.58491508],
         [353.64735265, 206.72077922],
         [357.20679321, 189.43206793],
         [340.42657343, 180.27922078],
         [356.18981019, 159.93956044],
         [355.17282717, 145.19330669],
         [335.85014985, 132.48101898],
         [325.68031968, 111.12437562],
         [344.49450549, 108.58191808],
         [339.40959041,  97.9035964 ],
         [330.76523477,  92.81868132],
         [332.29070929,  82.64885115],
         [341.44355644,  76.54695305],
         [336.86713287,  57.22427572],
         [330.25674326,  40.95254745],
         [351.1048951 ,  66.88561439],
         [360.76623377,  85.19130869],
         [354.66433566,  75.52997003],
         [377.54645355,  68.41108891],
         [378.05494505,  82.64885115],
         [385.17382617,  94.85264735],
         [388.22477522, 112.14135864],
         [368.9020979 , 119.26023976],
         [353.64735265, 126.88761239],
         [373.47852148, 140.61688312],
         [387.20779221, 151.8036963 ],
         [375.51248751, 166.54995005],
         [396.36063936, 195.53396603],
         [405.004995  , 174.17732268],
         [390.76723277, 171.63486513],
         [407.54745255, 144.68481518],
         [405.51348651, 117.22627373],
         [421.27672328, 113.15834166],
         [404.4965035 ,  98.92057942],
         [395.34365634,  90.27622378],
         [401.44555445,  82.64885115],
         [390.76723277,  74.51298701],
         [400.42857143,  65.36013986],
         [387.20779221,  59.25824176],
         [386.6993007 ,  42.98651349],
         [360.76623377,  42.47802198],
         [350.5964036 ,  44.0034965 ],
         [349.57942058,  26.71478521],
         [335.34165834,  26.71478521],
         [348.56243756,   8.91758242],
         [331.78221778,   3.83266733],
         [358.73226773,  17.56193806],
         [373.98701299,  34.85064935],
         [370.42757243,  28.24025974],
         [390.25874126,  23.66383616],
         [381.61438561,  15.01948052],
         [379.07192807,   8.40909091],
         [400.93706294,  11.46003996],
         [415.68331668,   7.39210789],
         [415.17482517,  15.52797203],
         [403.98801199,  31.29120879],
         [397.37762238,  25.6978022 ],
         [409.07292707,  39.42707293],
         [400.93706294,  38.41008991],
         [389.24175824,  34.34215784],
         [417.71728272,  22.13836164],
         [425.85314685,   9.42607393],
         [433.48051948,   3.32417582],
         [346.52847153,  15.52797203],
         [340.42657343,  11.46003996],
         [320.08691309,   9.93456543],
         [428.9040959 , 161.46503497],
         [453.82017982, 159.93956044],
         [426.87012987, 134.00649351],
         [439.58241758, 124.34515485],
         [458.3966034 , 138.58291708],
         [454.32867133, 112.14135864],
         [466.53246753, 114.17532468],
         [432.97202797, 100.95454545],
         [415.68331668,  90.78471528],
         [423.81918082,  83.15734266],
         [416.19180819,  71.97052947],
         [413.64935065,  56.20729271],
         [433.98901099,  59.76673327],
         [423.31068931,  40.95254745],
         [417.71728272,  46.03746254],
         [432.46353646,  33.32517483],
         [439.07392607,  46.54595405],
         [459.41358641,  65.36013986],
         [453.82017982,  46.03746254],
         [447.20979021,  51.63086913],
         [448.73526474,  31.7997003 ],
         [449.75224775,  19.5959041 ],
         [440.09090909,  16.54495504],
         [454.83716284,   7.39210789],
         [467.54945055,  17.56193806],
         [476.7022977 ,  11.46003996],
         [471.10889111,  24.17232767],
         [465.51548452,  27.73176823],
         [464.4985015 ,  38.41008991],
         [476.7022977 ,  56.20729271],
         [497.04195804,  54.68181818],
         [491.95704296,  60.27522478],
         [486.87212787,  42.98651349],
         [492.46553447,  36.88461538],
         [480.77022977,  32.30819181],
         [490.43156843,  27.73176823],
         [487.88911089,  16.54495504],
         [495.00799201,  18.57892108],
         [502.12687313,  10.95154845],
         [482.2957043 ,   8.40909091],
         [468.56643357,  76.54695305],
         [487.38061938,  70.44505495],
         [464.4985015 ,  86.71678322],
         [439.07392607,  81.63186813],
         [464.4985015 ,  96.88661339],
         [444.15884116,  96.88661339],
         [478.22777223, 137.56593407],
         [475.68531469, 125.36213786],
         [485.85514486,  94.85264735],
         [483.82117882, 270.79070929],
         [467.04095904, 244.34915085],
         [443.14185814, 237.23026973],
         [417.20879121, 215.36513487],
         [425.85314685, 198.58491508],
         [450.76923077, 198.58491508],
         [484.83816184, 214.34815185],
         [493.99100899, 235.1963037 ],
         [496.53346653, 195.02547453],
         [484.83816184, 167.05844156],
         [503.14385614, 141.63386613],
         [492.46553447, 109.09040959],
         [492.46553447, 127.3961039 ],
         [506.19480519, 115.19230769],
         [505.17782218,  96.88661339],
         [505.17782218,  69.93656344],
         [503.65234765,  37.9015984 ],
         [500.09290709,  30.27422577],
         [503.65234765,  20.61288711],
         [281.95004995, 250.45104895]]), array([[468]], dtype=uint16))]]
