[[(array([[474.73076923, -21.76223776],
         [186.47902098, 303.62237762],
         [243.75174825, 289.14685315],
         [271.44405594, 273.41258741],
         [242.49300699, 261.45454545],
         [196.54895105, 255.79020979],
         [148.71678322, 269.00699301],
         [107.80769231, 229.98601399],
         [ 78.22727273, 236.90909091],
         [ 70.67482517, 191.59440559],
         [ 96.47902098, 204.18181818],
         [ 20.95454545, 255.16083916],
         [ 23.47202797, 145.02097902],
         [ 41.09440559, 156.34965035],
         [ 73.19230769, 170.82517483],
         [101.51398601, 141.87412587],
         [ 56.1993007 , 125.51048951],
         [ 39.83566434, 122.99300699],
         [ 30.3951049 , 111.66433566],
         [ 28.50699301, 128.02797203],
         [ 23.47202797,  86.48951049],
         [ 17.17832168,  76.41958042],
         [  8.9965035 ,  80.1958042 ],
         [ 30.3951049 ,  78.30769231],
         [ 36.05944056,  75.79020979],
         [ 22.84265734,  64.46153846],
         [ 49.90559441,  75.79020979],
         [ 41.09440559,  85.23076923],
         [ 42.98251748,  92.78321678],
         [ 36.05944056,  99.07692308],
         [ 58.71678322, 110.40559441],
         [ 53.68181818,  96.55944056],
         [ 63.75174825,  86.48951049],
         [ 59.97552448,  66.34965035],
         [ 80.11538462,  66.34965035],
         [ 74.45104895,  80.82517483],
         [ 76.96853147, 116.6993007 ],
         [127.94755245, 197.25874126],
         [111.58391608, 161.38461538],
         [143.05244755, 144.39160839],
         [131.72377622, 125.51048951],
         [121.65384615, 114.81118881],
         [109.6958042 , 106.62937063],
         [ 90.18531469, 121.1048951 ],
         [ 88.92657343,  93.41258741],
         [ 85.77972028,  83.34265734],
         [ 85.15034965,  74.53146853],
         [ 87.66783217,  68.86713287],
         [ 95.84965035,  81.45454545],
         [110.95454545,  88.37762238],
         [ 99.62587413, 102.85314685],
         [159.41608392, 156.97902098],
         [219.83566434, 219.91608392],
         [216.05944056, 204.81118881],
         [172.0034965 , 196.62937063],
         [194.66083916, 167.04895105],
         [335.63986014, 267.11888112],
         [285.29020979, 214.88111888],
         [252.56293706, 196.        ],
         [248.78671329, 157.60839161],
         [219.20629371, 159.4965035 ],
         [292.84265734, 249.4965035 ],
         [328.71678322, 204.18181818],
         [312.35314685, 189.70629371],
         [287.80769231, 181.52447552],
         [378.43706294, 260.1958042 ],
         [426.8986014 , 260.1958042 ],
         [397.31818182, 208.58741259],
         [353.89160839, 223.06293706],
         [374.03146853, 167.67832168],
         [401.09440559, 172.08391608],
         [385.98951049, 160.75524476],
         [425.63986014, 193.48251748],
         [447.66783217, 185.93006993],
         [464.66083916, 233.76223776],
         [477.87762238, 258.30769231],
         [538.2972028 , 301.1048951 ],
         [575.43006993, 275.3006993 ],
         [572.91258741, 338.23776224],
         [594.31118881, 355.86013986],
         [535.77972028, 254.53146853],
         [515.01048951, 231.87412587],
         [502.42307692, 221.17482517],
         [511.86363636, 202.29370629],
         [533.26223776, 200.40559441],
         [554.66083916, 219.91608392],
         [569.76573427, 243.2027972 ],
         [589.90559441, 235.65034965],
         [589.27622378, 204.81118881],
         [611.3041958 , 213.62237762],
         [615.08041958, 186.55944056],
         [620.11538462, 160.75524476],
         [600.6048951 , 171.45454545],
         [608.78671329, 152.57342657],
         [587.38811189, 155.09090909],
         [582.35314685, 167.04895105],
         [567.24825175, 175.23076923],
         [580.46503497, 185.3006993 ],
         [547.73776224, 154.46153846],
         [569.76573427, 154.46153846],
         [564.1013986 , 146.90909091],
         [556.54895105, 139.35664336],
         [541.44405594, 138.0979021 ],
         [535.77972028, 156.34965035],
         [525.70979021, 170.82517483],
         [523.82167832, 141.87412587],
         [524.45104895, 131.17482517],
         [524.45104895, 119.84615385],
         [509.34615385, 154.46153846],
         [323.05244755, 168.30769231],
         [268.92657343, 167.04895105],
         [280.25524476, 156.97902098],
         [306.68881119, 129.28671329],
         [287.17832168, 128.65734266],
         [287.80769231, 146.27972028],
         [ 83.41958042, 102.02622378],
         [139.11888112, 133.80944056],
         [159.57342657, 115.55769231],
         [168.06993007, 119.01923077],
         [152.02097902, 109.26398601],
         [142.26573427,  99.50874126],
         [120.55244755, 100.4527972 ],
         [131.56643357,  92.58566434],
         [119.92307692,  92.58566434],
         [118.66433566,  76.22202797],
         [107.02097902,  76.22202797],
         [ 98.52447552,  71.81643357],
         [124.01398601,  70.55769231],
         [116.77622378,  64.89335664],
         [117.09090909,  59.85839161],
         [109.53846154,  59.85839161],
         [109.53846154,  52.93531469],
         [117.40559441,  52.30594406],
         [101.04195804,  47.90034965],
         [101.67132867,  53.56468531],
         [100.0979021 ,  59.85839161],
         [111.11188811,  43.49475524],
         [111.11188811,  48.21503497],
         [117.72027972,  44.12412587],
         [126.53146853,  43.80944056],
         [126.53146853,  52.93531469],
         [134.08391608,  55.4527972 ],
         [134.08391608,  60.80244755],
         [132.82517483,  65.52272727],
         [125.58741259,  59.54370629],
         [149.18881119,  56.39685315],
         [155.16783217,  70.24300699],
         [136.91608392,  85.03321678],
         [151.70629371,  96.0472028 ],
         [172.79020979,  74.6486014 ],
         [185.69230769,  65.52272727],
         [188.20979021,  71.50174825],
         [189.78321678,  78.42482517],
         [189.46853147,  86.29195804],
         [164.29370629,  59.85839161],
         [170.9020979 ,  54.82342657],
         [161.77622378,  54.50874126],
         [152.96503497,  49.15909091],
         [163.34965035,  47.90034965],
         [150.44755245,  45.06818182],
         [147.3006993 ,  47.27097902],
         [141.32167832,  46.32692308],
         [137.23076923,  42.86538462],
         [133.13986014,  37.83041958],
         [128.1048951 ,  37.83041958],
         [124.64335664,  35.94230769],
         [121.4965035 ,  38.45979021],
         [113.94405594,  37.83041958],
         [110.7972028 ,  34.99825175],
         [105.44755245,  34.68356643],
         [106.70629371,  38.45979021],
         [100.0979021 ,  36.88636364],
         [ 97.58041958,  38.45979021],
         [ 93.8041958 ,  42.23601399],
         [102.61538462,  42.5506993 ],
         [ 93.8041958 ,  34.68356643],
         [ 92.54545455,  31.53671329],
         [ 97.58041958,  33.11013986],
         [151.70629371,  39.71853147],
         [144.15384615,  38.77447552],
         [141.32167832,  37.20104895],
         [161.77622378,  42.23601399],
         [168.06993007,  45.69755245],
         [173.73426573,  47.58566434],
         [179.71328671,  47.27097902],
         [176.56643357,  51.99125874],
         [174.36363636,  61.43181818],
         [185.37762238,  51.36188811],
         [184.11888112,  56.08216783],
         [193.55944056,  57.34090909],
         [197.65034965,  59.54370629],
         [196.39160839,  66.1520979 ],
         [205.2027972 ,  61.11713287],
         [202.37062937,  71.18706294],
         [204.25874126,  83.77447552],
         [197.02097902,  82.20104895],
         [218.41958042,  76.22202797],
         [214.32867133,  87.5506993 ],
         [229.74825175,  80.94230769],
         [223.76923077,  68.3548951 ],
         [218.1048951 ,  67.09615385],
         [218.41958042,  60.48776224],
         [211.81118881,  59.85839161],
         [207.09090909,  57.97027972],
         [230.06293706,  63.00524476],
         [234.78321678,  59.85839161],
         [234.78321678,  71.81643357],
         [243.59440559,  70.55769231],
         [253.66433566,  63.9493007 ],
         [250.83216783,  68.98426573],
         [245.16783217,  64.89335664],
         [240.76223776,  62.06118881],
         [239.81818182,  67.41083916],
         [221.88111888,  99.82342657],
         [248.62937063,  87.23601399],
         [235.72727273,  95.10314685],
         [239.18881119, 104.85839161],
         [253.97902098, 111.1520979 ],
         [253.97902098, 127.83041958],
         [251.46153846, 137.90034965],
         [266.56643357, 123.42482517],
         [225.34265734, 132.23601399],
         [198.59440559, 126.57167832],
         [190.0979021 , 137.90034965],
         [172.47552448, 106.43181818],
         [191.98601399, 101.71153846],
         [170.27272727,  85.97727273],
         [156.74125874,  87.86538462],
         [164.60839161,  76.22202797],
         [145.41258741,  72.13111888],
         [146.98601399,  83.1451049 ],
         [126.53146853,  76.53671329],
         [126.53146853,  84.40384615],
         [150.44755245,  62.37587413],
         [144.15384615,  59.85839161],
         [139.11888112,  54.82342657],
         [229.90559441, 114.81118881],
         [218.57692308, 118.9020979 ],
         [214.48601399, 107.25874126],
         [301.02447552, 118.9020979 ],
         [289.06643357, 114.4965035 ],
         [294.41608392, 109.77622378],
         [306.68881119, 108.2027972 ],
         [300.3951049 , 100.96503497],
         [284.34615385, 100.02097902],
         [283.08741259, 109.46153846],
         [275.22027972, 109.14685315],
         [270.18531469,  94.35664336],
         [252.87762238,  92.78321678],
         [266.40909091,  85.54545455],
         [286.54895105,  87.43356643],
         [292.21328671,  70.44055944],
         [269.87062937,  65.09090909],
         [261.37412587,  67.60839161],
         [245.32517483,  76.73426573],
         [238.71678322,  86.17482517],
         [254.13636364,  78.30769231],
         [261.68881119,  73.9020979 ],
         [272.7027972 ,  73.58741259],
         [273.01748252,  78.93706294],
         [280.56993007,  74.21678322],
         [290.01048951,  78.30769231],
         [295.36013986,  82.71328671],
         [304.17132867,  82.08391608],
         [307.63286713,  89.63636364],
         [298.50699301,  92.15384615],
         [320.22027972,  93.41258741],
         [317.07342657,  99.70629371],
         [309.20629371, 100.33566434],
         [316.44405594, 114.81118881],
         [320.22027972, 130.86013986],
         [326.82867133, 117.95804196],
         [330.6048951 , 103.7972028 ],
         [329.97552448,  86.48951049],
         [340.36013986,  82.08391608],
         [322.73776224,  80.82517483],
         [316.44405594,  83.65734266],
         [323.05244755,  87.43356643],
         [340.04545455,  98.44755245],
         [337.52797203,  91.20979021],
         [326.1993007 ,  93.72727273],
         [350.74475524,  92.15384615],
         [353.89160839,  94.98601399],
         [356.09440559, 102.22377622],
         [350.74475524, 111.34965035],
         [343.50699301, 110.72027972],
         [349.8006993 , 124.25174825],
         [337.21328671, 136.20979021],
         [302.5979021 , 162.64335664],
         [293.47202797, 166.41958042],
         [349.48601399, 160.12587413],
         [324.31118881, 159.18181818],
         [340.36013986, 169.56643357],
         [359.87062937, 143.76223776],
         [349.48601399, 137.46853147],
         [366.16433566, 123.62237762],
         [362.7027972 , 113.55244755],
         [363.33216783, 107.25874126],
         [372.14335664, 107.57342657],
         [372.45804196,  98.13286713],
         [365.22027972,  97.18881119],
         [368.68181818,  89.95104895],
         [372.45804196,  94.35664336],
         [366.47902098,  93.0979021 ],
         [354.52097902,  88.69230769],
         [346.65384615,  89.00699301],
         [301.65384615,  77.04895105],
         [463.4020979 , 206.06993007],
         [482.28321678, 199.14685315],
         [467.17832168, 160.12587413],
         [382.21328671, 135.26573427],
         [380.32517483, 126.76923077],
         [390.3951049 , 124.88111888],
         [384.1013986 , 117.32867133],
         [397.94755245, 117.95804196],
         [404.24125874, 108.51748252],
         [411.79370629, 103.7972028 ],
         [429.1013986 , 111.34965035],
         [425.01048951, 104.42657343],
         [483.22727273, 110.72027972],
         [474.73076923, 115.44055944],
         [467.17832168, 125.1958042 ],
         [460.56993007, 117.32867133],
         [452.07342657, 117.32867133],
         [454.59090909, 107.88811189],
         [427.84265734, 122.99300699],
         [414.62587413, 131.48951049],
         [404.24125874, 128.34265734],
         [395.74475524, 140.3006993 ],
         [411.79370629, 148.16783217],
         [423.12237762, 154.14685315],
         [430.67482517, 140.3006993 ],
         [452.07342657, 138.41258741],
         [441.68881119, 131.48951049],
         [447.66783217, 155.09090909],
         [463.4020979 , 149.74125874],
         [473.47202797, 140.3006993 ],
         [484.17132867, 142.5034965 ],
         [496.12937063, 135.8951049 ],
         [481.02447552, 163.27272727],
         [496.44405594, 153.2027972 ],
         [506.1993007 , 177.43356643]]), array([[342]], dtype=uint16))]]
