[[(array([[ 520.88633694,  355.12851601],
         [ 486.20957849,  313.09608153],
         [ 579.73174522,  283.67337739],
         [ 433.66903539,  397.16095049],
         [ 358.01065332,  289.97824256],
         [ 326.48632745,  326.75662273],
         [ 266.59010831,  275.26689049],
         [ 196.18578055,  310.9944598 ],
         [ 211.94794348,  280.5209448 ],
         [ 164.66145469,  282.62256652],
         [ 127.88307451,  278.41932308],
         [  95.30793779,  323.60419015],
         [  43.81820554,  371.9414898 ],
         [ 121.57820934,  428.68527636],
         [ 121.57820934,  428.68527636],
         [ 187.77929365,  513.80095619],
         [ 224.55767383,  620.98366412],
         [ 328.58794918,  630.44096188],
         [ 406.34795297,  545.32528205],
         [ 552.41066281,  533.76636257],
         [ 650.13607298,  535.86798429],
         [ 672.20310109,  634.64420533],
         [ 827.72310868,  513.80095619],
         [ 845.58689334,  636.74582706],
         [ 980.09068369,  617.83123154],
         [ 985.344738  ,  478.07338688],
         [ 921.24527541,  348.82365084],
         [ 861.34905627,  384.55122015],
         [ 777.2841873 ,  362.48419204],
         [ 726.84526592,  253.19986238],
         [ 761.52202437,  198.55769755],
         [ 768.8777004 ,  163.88093911],
         [ 716.3371573 ,  161.77931738],
         [ 745.75986144,  131.30580238],
         [ 311.77497538,   85.07012445],
         [ 339.0960578 ,   65.10471807],
         [ 327.53713832,   48.29174427],
         [ 293.91119073,   65.10471807],
         [ 274.99659521,   43.03768996],
         [ 291.809569  ,   28.32633789],
         [ 309.67335366,   18.86904013],
         [ 259.23443228,   72.4603941 ],
         [ 249.77713452,   84.01931358],
         [ 246.62470193,   58.79985289],
         [ 223.50686297,   68.25715065],
         [ 206.69388917,   31.47877048],
         [ 223.50686297,   18.86904013],
         [ 106.86685727,  121.84850462],
         [ 133.13712882,  139.71228928],
         [ 106.86685727,  155.47445221],
         [  78.49496399,  149.16958704],
         [  25.95442089,  164.93174997],
         [  31.2084752 ,  135.50904583],
         [   7.03982537,  106.08634169],
         [  46.97063813,   87.17174617],
         [  78.49496399,   68.25715065],
         [ 108.968479  ,   53.54579858],
         [ 124.73064193,   84.01931358],
         [ 151.00091348,   90.32417876],
         [ 136.28956141,   98.73066565],
         [ 144.69604831,   65.10471807],
         [ 193.03334796,  118.69607203],
         [ 211.94794348,  133.4074241 ],
         [ 174.11875245,  165.98256083],
         [ 248.72632366,  182.79553462],
         [ 289.70794728,  186.99877807],
         [ 328.58794918,  217.47229307],
         [ 388.48416832,  197.50688669],
         [ 474.65065901,  243.74256463],
         [ 390.58579004,  291.02905342],
         [   8.09063623,  495.93717153],
         [  65.88523365,  610.4755555 ],
         [ 544.00417591,  495.93717153],
         [ 657.49174902,  357.23013773],
         [ 665.89823592,  257.40310583],
         [ 961.17608817,  101.88309824],
         [ 985.344738  ,  146.01715445],
         [ 974.83662938,  178.59229117],
         [ 940.15987093,  185.94796721],
         [ 903.38149075,  146.01715445],
         [ 905.48311248,  120.79769376],
         [ 933.85500575,   82.96850272],
         [ 913.88959937,   94.52742221],
         [ 982.19230541,   47.24093341],
         [1009.51338783,   20.97066186],
         [ 945.41392524,   24.12309444],
         [ 890.77176041,   33.5803922 ],
         [ 861.34905627,   57.74904203],
         [ 875.00959748,   88.22255703],
         [ 843.48527161,   94.52742221],
         [ 823.51986523,   60.90147462],
         [ 790.94472851,   77.71444841],
         [ 740.50580713,   38.83444651],
         [ 752.06472661,   73.51120496],
         [ 753.11553747,   97.67985479],
         [ 774.13175471,  106.08634169],
         [ 798.30040454,  103.98471996],
         [ 807.7577023 ,  134.45823497],
         [ 367.46795108,  146.01715445],
         [ 333.84200349,  169.13499342],
         [ 424.21173763,  121.84850462],
         [ 487.26038936,   79.81607014],
         [ 451.53282004,   55.64742031],
         [ 475.70146987,   28.32633789],
         [ 498.81930884,   53.54579858],
         [ 495.66687625,   32.52958134],
         [ 541.90255419,   46.19012255],
         [ 563.96958229,   38.83444651],
         [ 517.73390436,   65.10471807],
         [ 529.29282384,   88.22255703],
         [ 541.90255419,  116.59445031],
         [ 576.57931264,  110.28958514],
         [ 572.37606919,  141.813911  ],
         [ 622.81499057,  135.50904583],
         [ 651.18688385,  141.813911  ],
         [ 649.08526212,  105.03553083],
         [ 661.69499247,   73.51120496],
         [ 704.77823781,   76.66363755],
         [ 710.03229212,  119.7468829 ],
         [ 652.23769471,   28.32633789],
         [ 660.6441816 ,   13.61498582],
         [ 410.55119642,   47.24093341],
         [ 423.16092677,   79.81607014],
         [ 381.12849228,   72.4603941 ],
         [ 353.80740987,   31.47877048],
         [ 331.74038176,    9.41174237],
         [ 248.72632366,   31.47877048],
         [ 170.96631986,   28.32633789],
         [ 122.6290202 ,   29.37714875],
         [  89.00307262,   33.5803922 ],
         [  77.44415313,   26.22471617],
         [  38.56415123,   24.12309444],
         [  30.15766434,   46.19012255],
         [  28.05604261,   68.25715065],
         [  61.6819902 ,   57.74904203],
         [ 139.441994  ,  209.06580618],
         [ 123.67983107,  192.25283238],
         [ 203.54145659,  238.48851032],
         [ 462.04092867,  158.62688479],
         [ 489.36201108,  175.43985859],
         [ 508.2766066 ,  146.01715445],
         [ 526.14039125,  157.57607393],
         [ 549.25823022,  183.84634549],
         [ 591.29066471,  194.35445411],
         [ 575.52850177,  234.28526687],
         [ 681.66039885,  208.01499531],
         [ 679.55877712,  175.43985859],
         [ 847.68851506,  180.6939129 ],
         [ 852.94256937,  140.76310014],
         [ 837.18040644,  123.95012635],
         [ 867.65392144,  127.10255893],
         [ 892.87338213,  286.82580997],
         [1006.36095524,  353.02689429],
         [ 809.85932402,  445.49825015],
         [ 852.94256937,   28.32633789],
         [ 800.40202627,   10.46255324],
         [ 614.40850367,   16.76741841],
         [ 546.10579763,   20.97066186],
         [ 510.37822832,   32.52958134],
         [ 510.37822832,    6.25930979],
         [ 463.09173953,    2.05606634],
         [ 433.66903539,    6.25930979],
         [ 384.28092487,    3.1068772 ],
         [ 271.84416262,    6.25930979],
         [ 112.12091158,    9.41174237],
         [  80.59658572,    4.15768806],
         [  38.56415123,    7.31012065],
         [  57.47874675,  171.23661514],
         [  60.63117934,  209.06580618],
         [  45.91982727,  263.70797101],
         [   9.1414471 ,  343.56959653],
         [ 363.26470763,  110.28958514],
         [ 186.72848279,    9.41174237],
         [ 886.56851696,  221.67553652],
         [ 719.48958988,   43.03768996],
         [ 716.3371573 ,   16.76741841],
         [ 758.36959178,   33.5803922 ],
         [ 682.29403586,   66.05056799],
         [ 306.86146843,  404.65596259],
         [ 323.2291008 ,  448.64397458],
         [ 453.14718271,  661.42319536],
         [ 508.38794195,  635.84876979],
         [ 615.80052937,  652.21640215],
         [  97.15117872,  385.73088767],
         [  30.65767222,  106.4581604 ],
         [  10.19813177,   30.7578607 ],
         [  93.05927063,  116.68793063],
         [ 214.79353636,  165.79082773],
         [ 151.36896094,   29.73488367],
         [ 145.2310988 ,   11.32129726],
         [ 164.66766223,    9.27534321],
         [ 199.44888102,   54.28633222],
         [ 206.60972018,   97.25136719],
         [ 270.0342956 ,  137.14747109],
         [ 267.98834156,  151.46914941],
         [ 281.28704285,  102.3662523 ],
         [ 284.35597392,    6.20641214],
         [ 338.57375614,   92.13648207],
         [ 382.56176813,  111.57304551],
         [ 426.54978012,  344.81180675],
         [ 394.8374924 ,  169.88273582],
         [ 405.06726263,  104.41220635],
         [ 422.45787202,   18.48213642],
         [ 354.94138851,   13.36725131],
         [ 460.30802188,   25.64297558],
         [ 449.05527462,   18.48213642],
         [ 486.90542447,   18.48213642],
         [ 498.15817173,   16.43618237],
         [ 478.72160829,   11.32129726],
         [ 445.98634355,  106.4581604 ],
         [ 444.96336653,   85.99861994],
         [ 597.38694295,  247.62898957],
         [ 652.62770219,  423.58103752],
         [ 705.82250739,  455.29332523],
         [ 793.79853137,  232.28433422],
         [ 638.30602387,   75.76884971],
         [ 614.77755234,   78.83778078],
         [ 595.34098891,   71.67694162],
         [ 618.86946044,   49.17144711],
         [ 589.20312677,   25.64297558],
         [ 676.15617372,   45.07953902],
         [ 754.92540449,   54.28633222],
         [ 745.71861129,   19.50511344],
         [ 817.32700289,   32.80381474],
         [ 833.69463526,   48.14847009],
         [ 859.26906084,   75.76884971],
         [ 909.39493496,   23.59702154],
         [ 930.87745244,   22.57404451],
         [1002.48584405,   91.11350505],
         [ 967.70462527,  145.33128727],
         [ 946.22210779,   66.5620565 ],
         [ 914.50982008,   66.5620565 ],
         [ 988.16416573,   11.32129726],
         [ 450.07825165,   43.03358497],
         [ 254.68964026,    9.27534321],
         [ 202.51781208,   17.4591594 ],
         [ 214.79353636,    5.18343512],
         [ 530.89343646,   19.50511344],
         [1000.43989001,  289.57104751],
         [1000.43989001,  220.00860995],
         [ 325.27505484,  268.08853003],
         [ 455.19313676,  131.00960895],
         [ 877.68264725,   15.41320535]]), array([[243]], dtype=uint8))]]
