[[(array([[  46.10688705,  578.13774105],
         [  54.56969697,  651.48209366],
         [  65.85344353,  630.32506887],
         [  87.01046832,  651.48209366],
         [  99.7046832 ,  576.72727273],
         [ 113.80936639,  578.13774105],
         [ 102.52561983,  610.5785124 ],
         [ 116.63030303,  611.98898072],
         [ 154.71294766,  611.98898072],
         [ 160.35482094,  592.24242424],
         [ 157.5338843 ,  665.58677686],
         [ 187.15371901,  654.3030303 ],
         [ 194.20606061,  610.5785124 ],
         [ 213.95261708,  610.5785124 ],
         [ 195.61652893,  576.72727273],
         [ 178.69090909,  540.05509642],
         [ 173.04903581,  493.50964187],
         [ 142.01873278,  462.47933884],
         [ 126.50358127,  475.17355372],
         [ 108.16749311,  537.23415978],
         [ 127.91404959,  537.23415978],
         [  79.95812672,  462.47933884],
         [  30.59173554,  465.30027548],
         [  19.30798898,  452.60606061],
         [ 225.23636364,  654.3030303 ],
         [ 244.98292011,  644.42975207],
         [ 235.10964187,  575.31680441],
         [ 226.64683196,  534.41322314],
         [ 253.44573003,  528.77134986],
         [ 291.52837466,  579.54820937],
         [ 281.65509642,  678.28099174],
         [ 308.45399449,  671.22865014],
         [ 339.48429752,  579.54820937],
         [ 352.1785124 ,  627.50413223],
         [ 367.69366391,  572.49586777],
         [ 349.35757576,  545.6969697 ],
         [ 299.99118457,  524.5399449 ],
         [ 277.42369146,  516.07713499],
         [ 236.52011019,  489.27823691],
         [ 246.39338843,  459.6584022 ],
         [ 292.93884298,  476.58402204],
         [ 326.79008264,  483.63636364],
         [ 384.61928375,  507.61432507],
         [ 410.0077135 ,  578.13774105],
         [ 381.79834711,  630.32506887],
         [ 422.70192837,  624.68319559],
         [ 411.41818182,  678.28099174],
         [ 480.53112948,  588.01101928],
         [ 457.96363636,  569.67493113],
         [ 429.75426997,  586.60055096],
         [ 486.17300275,  634.55647383],
         [ 445.26942149,  650.07162534],
         [ 449.50082645,  617.63085399],
         [ 515.79283747,  604.93663912],
         [ 531.30798898,  596.4738292 ],
         [ 529.89752066,  634.55647383],
         [ 556.69641873,  637.37741047],
         [ 587.72672176,  620.45179063],
         [ 622.98842975,  634.55647383],
         [ 624.39889807,  671.22865014],
         [ 641.32451791,  665.58677686],
         [ 669.5338843 ,  665.58677686],
         [ 696.33278237,  665.58677686],
         [ 654.01873278,  620.45179063],
         [ 634.27217631,  604.93663912],
         [ 606.06280992,  600.70523416],
         [ 676.5862259 ,  627.50413223],
         [ 703.38512397,  631.73553719],
         [ 682.22809917,  606.34710744],
         [ 696.33278237,  595.06336088],
         [ 735.82589532,  661.3553719 ],
         [ 768.26666667,  661.3553719 ],
         [ 744.28870523,  683.92286501],
         [ 754.16198347,  576.72727273],
         [ 738.64683196,  530.18181818],
         [ 804.93884298,  572.49586777],
         [ 834.55867769,  611.98898072],
         [ 864.1785124 ,  611.98898072],
         [ 888.15647383,  602.11570248],
         [ 893.79834711,  627.50413223],
         [ 927.64958678,  610.5785124 ],
         [ 944.57520661,  600.70523416],
         [ 923.41818182,  635.96694215],
         [ 896.61928375,  671.22865014],
         [ 923.41818182,  671.22865014],
         [ 941.75426997,  624.68319559],
         [ 988.29972452,  634.55647383],
         [ 954.44848485,  675.4600551 ],
         [ 985.47878788,  668.4077135 ],
         [1012.27768595,  661.3553719 ],
         [1010.86721763,  627.50413223],
         [ 999.58347107,  540.05509642],
         [ 978.42644628,  537.23415978],
         [ 995.35206612,  504.79338843],
         [ 957.26942149,  513.25619835],
         [ 986.8892562 ,  459.6584022 ],
         [ 965.7322314 ,  473.7630854 ],
         [ 919.18677686,  487.8677686 ],
         [ 899.44022039,  507.61432507],
         [ 855.71570248,  509.02479339],
         [ 803.52837466,  485.04683196],
         [ 838.79008264,  468.12121212],
         [  24.94986226,  555.57024793],
         [ 907.9030303 ,  455.42699725],
         [ 974.19504132,  420.16528926],
         [ 941.75426997,  422.9862259 ],
         [ 917.77630854,  422.9862259 ],
         [ 874.05179063,  517.48760331],
         [ 714.66887052,  496.33057851],
         [ 783.78181818,  466.7107438 ],
         [ 803.52837466,  465.30027548],
         [ 680.81763085,  483.63636364],
         [ 651.19779614,  466.7107438 ],
         [ 642.73498623,  499.15151515],
         [ 610.29421488,  506.20385675],
         [ 577.85344353,  513.25619835],
         [ 572.21157025,  535.82369146],
         [ 599.01046832,  483.63636364],
         [ 566.56969697,  469.53168044],
         [ 628.63030303,  473.7630854 ],
         [ 622.98842975,  410.29201102],
         [ 659.66060606,  413.11294766],
         [ 644.14545455,  403.23966942],
         [ 717.48980716,  422.9862259 ],
         [ 779.55041322,  430.03856749],
         [ 745.69917355,  420.16528926],
         [ 728.77355372,  472.35261708],
         [ 693.51184573,  387.72451791],
         [ 662.4815427 ,  377.85123967],
         [ 730.18402204,  390.54545455],
         [ 759.80385675,  380.67217631],
         [ 800.70743802,  360.92561983],
         [ 954.44848485,  369.38842975],
         [ 981.24738292,  372.20936639],
         [1016.50909091,  367.97796143],
         [  86.65785124,  291.41267218],
         [  30.23911846,  276.13259871],
         [   2.02975207,  219.71386593],
         [  38.46685032,  189.15371901],
         [  30.23911846,  148.01505969],
         [  69.02699725,  150.36584022],
         [  78.43011938,  195.03067034],
         [ 138.37502296,  249.09862259],
         [ 172.46134068,  183.27676768],
         [ 141.90119376,  118.63030303],
         [ 107.81487603,  133.91037649],
         [ 141.90119376,   77.49164371],
         [ 119.5687787 ,   44.58071625],
         [ 118.39338843,   57.51000918],
         [ 151.30431589,    6.96822773],
         [  56.09770432,   15.1959596 ],
         [  67.85160698,   23.42369146],
         [ 181.86446281,   50.45766758],
         [ 194.79375574,  112.7533517 ],
         [ 227.7046832 ,  123.3318641 ],
         [ 272.36951331,  126.85803489],
         [ 333.48980716,  123.3318641 ],
         [ 322.91129477,   32.82681359],
         [ 380.50541781,   44.58071625],
         [ 369.92690542,  131.55959596],
         [ 382.85619835,  117.45491276],
         [ 423.99485767,  100.99944904],
         [ 448.67805326,  109.2271809 ],
         [ 466.30890725,   19.89752066],
         [ 496.86905418,   34.00220386],
         [ 488.64132231,  112.7533517 ],
         [ 453.37961433,  136.26115702],
         [ 422.8194674 ,  133.91037649],
         [ 407.53939394,  202.08301194],
         [ 405.18861341,  169.17208448],
         [ 362.87456382,  164.47052342],
         [ 329.96363636,  164.47052342],
         [ 285.29880624,  118.63030303],
         [ 255.91404959,  199.7322314 ],
         [ 212.42460973,  167.99669421],
         [ 203.0214876 ,  238.52011019],
         [ 208.89843893,  258.50174472],
         [ 163.05821855,  320.79742883],
         [ 175.98751148,  319.62203857],
         [ 138.37502296,  329.0251607 ],
         [ 193.61836547,  345.48062443],
         [ 195.96914601,  380.74233242],
         [ 232.40624426,  325.4989899 ],
         [ 265.31717172,  318.4466483 ],
         [ 232.40624426,  398.37318641],
         [ 274.72029385,  377.21616162],
         [ 254.73865932,  380.74233242],
         [ 285.29880624,  358.40991736],
         [ 299.40348944,  327.84977043],
         [ 322.91129477,  379.56694215],
         [ 299.40348944,  430.1087236 ],
         [ 334.66519743,  452.44113866],
         [ 348.76988062,  414.82865014],
         [ 392.25932048,  419.5302112 ],
         [ 385.20697888,  460.66887052],
         [ 392.25932048,  352.53296602],
         [ 367.57612489,  309.04352617],
         [ 282.94802571,  243.22167126],
         [ 307.6312213 ,  238.52011019],
         [ 344.06831956,  240.87089073],
         [ 105.4640955 ,  317.27125803],
         [ 389.90853994,  236.16932966],
         [ 387.55775941,  271.43103765],
         [ 408.71478421,  274.95720845],
         [ 449.85344353,  419.5302112 ],
         [ 418.11790634,  460.66887052],
         [ 460.43195592,  463.01965106],
         [ 465.13351699,  448.91496786],
         [ 478.06280992,  453.61652893],
         [ 471.01046832,  508.85987144],
         [ 452.20422406,  505.33370064],
         [ 512.14912764,  504.15831038],
         [ 523.9030303 ,  466.54582185],
         [ 552.11239669,  421.88099174],
         [ 532.13076217,  405.42552801],
         [ 587.37410468,  412.47786961],
         [ 624.9865932 ,  386.61928375],
         [ 599.12800735,  378.39155188],
         [ 574.44481175,  385.44389348],
         [ 525.07842057,  370.16382002],
         [ 543.88466483,  318.4466483 ],
         [ 494.51827365,  331.37594123],
         [ 489.81671258,  246.74784206],
         [ 446.32727273,  246.74784206],
         [ 452.20422406,  209.13535354],
         [ 509.79834711,  170.34747475],
         [ 532.13076217,  123.3318641 ],
         [ 532.13076217,  144.48888889],
         [ 556.81395776,  145.66427916],
         [ 553.28778696,  106.87640037],
         [ 549.76161616,   50.45766758],
         [ 568.56786042,   62.21157025],
         [ 585.02332415,  139.78732782],
         [ 592.07566575,  148.01505969],
         [ 606.18034894,  123.3318641 ],
         [ 632.0389348 ,  110.40257117],
         [ 654.37134986,   41.05454545],
         [ 628.512764  ,   69.26391185],
         [ 659.07291093,   73.96547291],
         [ 696.68539945,   52.80844812],
         [ 717.84242424,   78.66703398],
         [ 749.57796143,   57.51000918],
         [ 836.55684114,   58.68539945],
         [ 828.32910927,  131.55959596],
         [ 813.04903581,  123.3318641 ],
         [ 796.59357208,  148.01505969],
         [ 810.69825528,  156.24279155],
         [ 842.43379247,  162.11974288],
         [ 828.32910927,  191.50449954],
         [ 805.99669421,  189.15371901],
         [ 774.26115702,  192.67988981],
         [ 777.78732782,  169.17208448],
         [ 751.92874197,  117.45491276],
         [ 726.07015611,  126.85803489],
         [ 696.68539945,  156.24279155],
         [ 660.24830119,  152.71662075],
         [ 657.89752066,  111.57796143],
         [ 641.44205693,  153.89201102],
         [ 614.40808081,  184.45215794],
         [ 585.02332415,  184.45215794],
         [ 573.26942149,  185.62754821],
         [ 563.86629936,  210.3107438 ],
         [ 541.5338843 ,  210.3107438 ],
         [ 483.93976125,  210.3107438 ],
         [ 522.72764004,  240.87089073],
         [ 526.25381084,  283.18494031],
         [ 635.5651056 ,  251.44940312],
         [ 627.33737374,  257.32635445],
         [ 633.21432507,  274.95720845],
         [ 627.33737374,  331.37594123],
         [ 585.02332415,  316.09586777],
         [ 583.84793388,  287.88650138],
         [ 561.51551882,  294.93884298],
         [ 668.47603306,  299.64040404],
         [ 676.70376492,  337.25289256],
         [ 695.51000918,  336.0775023 ],
         [ 740.1748393 ,  336.0775023 ],
         [ 755.45491276,  336.0775023 ],
         [ 749.57796143,  293.76345271],
         [ 770.73498623,  298.46501377],
         [ 800.11974288,  296.11423324],
         [ 833.03067034,  303.16657484],
         [ 828.32910927,  232.64315886],
         [ 808.34747475,  234.99393939],
         [ 805.99669421,  262.02791552],
         [ 738.99944904,  251.44940312],
         [ 723.71937557,  267.90486685],
         [ 727.24554637,  226.76620753],
         [ 706.08852158,  191.50449954],
         [ 688.45766758,  200.90762167],
         [ 660.24830119,  199.7322314 ],
         [ 650.84517906,  195.03067034],
         [ 595.60183655,  217.3630854 ],
         [ 617.93425161,  224.415427  ],
         [ 731.94710744,  184.45215794],
         [ 755.45491276,  249.09862259],
         [ 780.13810836,  345.48062443],
         [ 642.6174472 ,  222.06464646],
         [ 880.53839494,  291.82817183],
         [ 844.73419913,  320.47152847],
         [ 914.2966367 ,  301.03496503],
         [ 938.84808525,  298.98901099],
         [ 930.66426906,  328.65534466],
         [ 963.3995338 ,  291.82817183],
         [ 932.71022311,  265.23076923],
         [ 918.38854479,  268.2997003 ],
         [ 897.92900433,  268.2997003 ],
         [ 903.04388944,  230.44955045],
         [ 870.30862471,  237.61038961],
         [ 868.26267066,  189.53046953],
         [ 899.97495837,  189.53046953],
         [ 883.60732601,  160.88711289],
         [ 879.51541792,  120.99100899],
         [ 851.8950383 ,  120.99100899],
         [ 907.13579754,  122.01398601],
         [ 929.64129204,  125.08291708],
         [ 913.27365967,   79.04895105],
         [ 864.17076257,   65.75024975],
         [ 978.74418914,   62.68131868],
         [ 986.92800533,   86.20979021],
         [ 976.6982351 ,  131.22077922],
         [ 953.16976357,  158.84115884],
         [ 928.61831502,  176.23176823],
         [ 951.12380952,  197.71428571],
         [ 933.73320013,  223.28871129],
         [ 971.58334998,  235.56443556],
         [ 975.67525808,  267.27672328],
         [ 999.2037296 ,  265.23076923],
         [ 993.06586747,  232.4955045 ],
         [ 973.62930403,  189.53046953],
         [ 997.15777556,  195.66833167],
         [1007.38754579,  169.07092907],
         [ 977.72121212,  170.09390609],
         [ 980.79014319,  154.74925075],
         [1012.5024309 ,  135.31268731],
         [1005.34159174,  301.03496503],
         [ 987.95098235,  327.63236763],
         [1016.59433899,  337.86213786]]), array([[338]], dtype=uint16))]]
