[[(array([[ 15.11038961, 357.86363636],
         [ 37.83766234, 324.0974026 ],
         [ 16.40909091, 272.14935065],
         [ 69.65584416, 248.12337662],
         [ 31.99350649, 225.3961039 ],
         [ 41.08441558, 187.73376623],
         [ 15.75974026, 181.24025974],
         [  9.91558442, 162.40909091],
         [ 29.3961039 , 133.83766234],
         [ 42.38311688, 120.85064935],
         [ 15.11038961, 129.29220779],
         [  5.37012987, 132.53896104],
         [ 57.96753247, 132.53896104],
         [ 86.53896104, 139.68181818],
         [ 89.13636364, 168.9025974 ],
         [ 60.56493506, 177.99350649],
         [ 79.3961039 , 195.52597403],
         [115.75974026, 252.01948052],
         [109.91558442, 216.95454545],
         [111.21428571, 170.85064935],
         [107.31818182, 147.47402597],
         [134.59090909, 161.11038961],
         [137.83766234, 181.24025974],
         [119.65584416, 149.42207792],
         [128.74675325, 140.98051948],
         [138.48701299, 356.56493506],
         [107.96753247, 315.00649351],
         [ 74.2012987 , 305.26623377],
         [ 72.9025974 , 331.88961039],
         [152.12337662, 274.74675325],
         [148.22727273, 417.6038961 ],
         [194.98051948, 390.98051948],
         [239.78571429, 357.86363636],
         [222.25324675, 300.72077922],
         [196.27922078, 270.85064935],
         [234.59090909, 233.18831169],
         [168.35714286, 226.04545455],
         [161.86363636, 189.03246753],
         [176.14935065, 174.0974026 ],
         [157.96753247, 166.95454545],
         [152.12337662, 144.87662338],
         [260.56493506, 279.29220779],
         [263.16233766, 313.05844156],
         [307.96753247, 294.87662338],
         [348.87662338, 246.82467532],
         [304.72077922, 226.69480519],
         [263.16233766, 219.55194805],
         [264.46103896, 198.77272727],
         [250.17532468, 190.98051948],
         [221.6038961 , 200.07142857],
         [198.87662338, 189.03246753],
         [190.43506494, 168.25324675],
         [226.14935065, 177.99350649],
         [186.53896104, 139.68181818],
         [170.95454545, 138.38311688],
         [163.81168831, 110.46103896],
         [141.08441558, 107.86363636],
         [219.00649351, 154.61688312],
         [228.0974026 , 134.48701299],
         [252.77272727, 168.25324675],
         [269.00649351, 157.86363636],
         [262.51298701, 136.43506494],
         [284.59090909, 127.99350649],
         [242.38311688,  26.69480519],
         [291.73376623,  16.95454545],
         [304.72077922,  13.05844156],
         [307.96753247,  25.3961039 ],
         [317.70779221,  26.69480519],
         [335.24025974,  24.74675325],
         [325.5       ,  13.05844156],
         [339.13636364,   4.61688312],
         [361.86363636,  14.35714286],
         [357.31818182,  22.7987013 ],
         [382.64285714,  29.94155844],
         [415.11038961,  22.7987013 ],
         [471.6038961 , 166.95454545],
         [488.48701299, 168.25324675],
         [452.77272727, 172.14935065],
         [435.88961039, 196.82467532],
         [419.65584416, 168.25324675],
         [400.82467532, 194.87662338],
         [381.99350649, 170.85064935],
         [363.16233766, 189.03246753],
         [345.62987013, 176.04545455],
         [359.26623377, 163.70779221],
         [326.14935065, 176.04545455],
         [309.91558442, 164.35714286],
         [296.92857143, 189.03246753],
         [278.0974026 , 185.78571429],
         [324.85064935, 205.26623377],
         [357.96753247, 215.00649351],
         [387.83766234, 239.68181818],
         [377.44805195, 315.00649351],
         [377.44805195, 381.88961039],
         [287.83766234, 421.5       ],
         [421.6038961 , 415.65584416],
         [479.3961039 , 425.3961039 ],
         [462.51298701, 360.46103896],
         [417.70779221, 325.3961039 ],
         [454.07142857, 292.27922078],
         [419.00649351, 255.91558442],
         [460.56493506, 253.96753247],
         [482.64285714, 240.98051948],
         [353.42207792, 124.74675325],
         [370.30519481, 122.7987013 ],
         [331.99350649, 116.95454545],
         [319.00649351, 126.04545455],
         [311.86363636, 124.0974026 ],
         [217.70779221, 124.0974026 ],
         [554.07142857, 163.05844156],
         [580.69480519, 170.85064935],
         [567.05844156, 228.64285714],
         [536.53896104, 233.83766234],
         [504.72077922, 283.18831169],
         [543.68181818, 296.82467532],
         [507.31818182, 338.38311688],
         [604.72077922, 353.31818182],
         [642.38311688, 322.7987013 ],
         [582.64285714, 431.24025974],
         [598.22727273, 253.96753247],
         [637.18831169, 260.46103896],
         [584.59090909, 207.21428571],
         [614.46103896, 214.35714286],
         [639.13636364, 181.24025974],
         [642.38311688, 215.65584416],
         [632.64285714, 134.48701299],
         [615.11038961, 125.3961039 ],
         [629.3961039 , 118.9025974 ],
         [417.05844156, 108.51298701],
         [385.24025974, 121.5       ],
         [463.81168831, 215.33116883]]), array([[131]], dtype=uint8))]]
