[[(array([[ 129.32509485,  534.76249322],
         [  10.55219512,  451.5104607 ],
         [  68.27360434,  324.96737127],
         [ 204.80693767,  341.61777778],
         [ 357.99067751,  341.61777778],
         [ 463.44325203,  582.49365854],
         [ 621.06710027,  351.60802168],
         [ 896.35382114,  449.2904065 ],
         [ 860.83295393,  361.59826558],
         [ 774.25084011,  313.86710027],
         [ 865.27306233,  243.93539295],
         [ 988.48607046,  286.11642276],
         [ 805.33159892,  221.73485095],
         [ 858.61289973,  187.32401084],
         [ 903.01398374,  183.99392954],
         [ 957.40531165,  183.99392954],
         [1005.13647696,  126.27252033],
         [ 971.83566396,  135.15273713],
         [ 936.31479675,  157.35327913],
         [ 909.67414634,  138.48281843],
         [ 886.36357724,  124.05246612],
         [ 829.75219512,  171.78363144],
         [ 774.25084011,  207.30449864],
         [ 722.0795664 ,  233.94514905],
         [ 672.12834688,  195.09420054],
         [ 706.53918699,  181.77387534],
         [ 631.05734417,  201.75436314],
         [ 744.2801084 ,  147.36303523],
         [ 729.8497561 ,  174.00368564],
         [ 585.54623306,  207.30449864],
         [ 534.48498645,  193.98417344],
         [ 513.39447154,  185.10395664],
         [ 562.23566396,  175.11371274],
         [ 429.03241192,  209.52455285],
         [ 382.41127371,  273.90612466],
         [ 325.7998916 ,  261.69582656],
         [ 204.80693767,  267.24596206],
         [ 157.07577236,  273.90612466],
         [  96.02428184,  266.13593496],
         [  40.52292683,  273.90612466],
         [   5.00205962,  247.26547425],
         [  74.93376694,  213.96466125],
         [ 134.87523035,  221.73485095],
         [ 149.30558266,  219.51479675],
         [ 185.93647696,  223.95490515],
         [ 207.02699187,  193.98417344],
         [ 271.40856369,  207.30449864],
         [ 285.83891599,  209.52455285],
         [ 351.33051491,  209.52455285],
         [  35.38905149,  202.30937669],
         [  53.70449864,  212.2996206 ],
         [   7.63837398,  205.08444444],
         [   9.85842818,  186.21398374],
         [  17.07360434,  171.22861789],
         [  24.84379404,  162.34840108],
         [   8.19338753,  158.46330623],
         [   4.30829268,  146.25300813],
         [  14.29853659,  148.47306233],
         [  29.83891599,  152.35815718],
         [  41.49420054,  146.25300813],
         [  47.59934959,  143.47794038],
         [  54.81452575,  151.24813008],
         [  53.70449864,  171.22861789],
         [  38.16411924,  176.22373984],
         [ 118.08607046,  195.09420054],
         [ 115.31100271,  211.1895935 ],
         [ 144.17170732,  183.43891599],
         [ 123.63620596,  177.33376694],
         [ 168.59230352,  194.53918699],
         [ 169.70233062,  175.11371274],
         [ 143.06168022,  160.12834688],
         [ 109.76086721,  168.45355014],
         [  89.7803794 ,  166.23349593],
         [  73.68498645,  159.57333333],
         [  70.9099187 ,  144.58796748],
         [  73.1299729 ,  139.59284553],
         [ 100.88065041,  136.26276423],
         [ 106.43078591,  146.25300813],
         [ 100.88065041,  148.47306233],
         [  96.44054201,  151.24813008],
         [ 114.75598916,  140.14785908],
         [ 121.41615176,  151.24813008],
         [ 128.63132791,  159.01831978],
         [ 140.28661247,  147.36303523],
         [ 128.63132791,  140.14785908],
         [ 131.96140921,  132.37766938],
         [ 136.95653117,  139.03783198],
         [ 140.28661247,  131.26764228],
         [ 149.72184282,  142.36791328],
         [ 161.93214092,  152.35815718],
         [ 160.26710027,  140.14785908],
         [ 157.49203252,  131.26764228],
         [ 169.14731707,  130.15761518],
         [ 174.14243902,  137.37279133],
         [ 184.68769648,  156.24325203],
         [ 191.34785908,  142.36791328],
         [ 184.13268293,  133.48769648],
         [ 193.01289973,  128.49257453],
         [ 199.11804878,  137.37279133],
         [ 207.99826558,  136.26276423],
         [ 215.21344173,  143.47794038],
         [ 212.99338753,  155.13322493],
         [ 253.50937669,  200.08932249],
         [ 231.30883469,  218.40476965],
         [ 395.03783198,  210.63457995],
         [ 375.61235772,  181.21886179],
         [ 377.83241192,  152.35815718],
         [ 359.51696477,  144.58796748],
         [ 338.98146341,  172.33864499],
         [ 301.24054201,  172.33864499],
         [ 264.05463415,  157.35327913],
         [ 254.61940379,  176.22373984],
         [ 241.29907859,  168.45355014],
         [ 224.64867209,  164.56845528],
         [ 240.74406504,  160.12834688],
         [ 237.41398374,  152.35815718],
         [ 235.19392954,  146.25300813],
         [ 229.64379404,  135.15273713],
         [ 251.28932249,  143.47794038],
         [ 240.18905149,  137.37279133],
         [ 244.62915989,  131.26764228],
         [ 235.19392954,  123.49745257],
         [ 224.64867209,  125.16249322],
         [ 245.18417344,  121.27739837],
         [ 253.50937669,  124.05246612],
         [ 260.72455285,  119.05734417],
         [ 272.93485095,  137.37279133],
         [ 282.3700813 ,  134.04271003],
         [ 296.24542005,  134.04271003],
         [ 291.2502981 ,  145.14298103],
         [ 296.24542005,  149.02807588],
         [ 287.36520325,  128.49257453],
         [ 292.3603252 ,  126.27252033],
         [ 273.4898645 ,  125.16249322],
         [ 290.140271  ,  116.28227642],
         [ 296.8004336 ,  114.06222222],
         [ 308.45571816,  112.39718157],
         [ 309.01073171,  121.27739837],
         [ 303.46059621,  127.38254743],
         [ 307.34569106,  137.37279133],
         [ 320.11100271,  137.37279133],
         [ 325.10612466,  152.35815718],
         [ 337.87143631,  185.10395664],
         [ 325.66113821,  181.21886179],
         [ 342.31154472,  137.37279133],
         [ 334.54135501,  141.25788618],
         [ 337.87143631,  116.28227642],
         [ 333.43132791,  112.39718157],
         [ 321.22102981,  121.27739837],
         [ 346.75165312,  124.05246612],
         [ 348.41669377,  116.28227642],
         [ 358.40693767,  128.49257453],
         [ 355.07685637,  119.05734417],
         [ 355.63186992,  109.06710027],
         [ 360.07197832,  112.39718157],
         [ 365.06710027,  115.17224932],
         [ 373.39230352,  114.06222222],
         [ 371.17224932,  123.49745257],
         [ 375.61235772,  132.37766938],
         [ 380.60747967,  140.14785908],
         [ 393.37279133,  128.49257453],
         [ 380.05246612,  122.38742547],
         [ 392.26276423,  113.50720867],
         [ 385.04758808,  110.17712737],
         [ 388.93268293,  103.51696477],
         [ 399.47794038,  107.40205962],
         [ 405.58308943,  106.29203252],
         [ 412.79826558,  107.40205962],
         [ 408.35815718,  120.16737127],
         [ 416.12834688,  120.16737127],
         [ 421.12346883,  115.17224932],
         [ 426.67360434,  112.39718157],
         [ 437.77387534,  113.50720867],
         [ 422.78850949,  104.07197832],
         [ 445.54406504,  111.28715447],
         [ 453.31425474,  115.17224932],
         [ 445.54406504,  106.29203252],
         [ 448.87414634,  129.04758808],
         [ 437.77387534,  127.38254743],
         [ 431.11371274,  144.03295393],
         [ 409.46818428,  148.47306233],
         [ 433.33376694,  159.57333333],
         [ 472.18471545,  179.55382114],
         [ 467.1895935 ,  154.57821138],
         [ 466.0795664 ,  143.47794038],
         [ 462.19447154,  130.15761518],
         [ 473.29474255,  127.38254743],
         [ 488.83512195,  160.12834688],
         [ 495.49528455,  149.02807588],
         [ 497.1603252 ,  130.15761518],
         [ 486.0600542 ,  116.28227642],
         [ 503.8204878 ,  116.28227642],
         [ 476.0698103 ,  115.17224932],
         [ 462.19447154,  108.51208672],
         [ 462.74948509,  100.18688347],
         [ 453.31425474,  104.07197832],
         [ 474.9597832 ,  101.29691057],
         [ 471.6297019 ,   97.41181572],
         [ 482.7299729 ,  102.40693767],
         [ 492.16520325,  106.29203252],
         [ 496.0502981 ,  100.18688347],
         [ 508.26059621,  105.18200542],
         [ 502.7104607 ,  101.29691057],
         [ 487.72509485,   94.08173442],
         [ 593.31642276,  153.19067751],
         [ 611.63186992,  167.62102981],
         [ 684.89365854,  145.97550136],
         [ 675.45842818,  135.98525745],
         [ 649.92780488,  150.97062331],
         [ 627.17224932,  128.21506775],
         [ 601.08661247,  142.64542005],
         [ 585.54623306,  135.98525745],
         [ 542.8101897 ,  155.96574526],
         [ 529.4898645 ,  124.88498645],
         [ 519.4996206 ,  130.9901355 ],
         [ 510.61940379,  140.9803794 ],
         [ 543.36520325,  128.7700813 ],
         [ 546.140271  ,  117.11479675],
         [ 557.24054201,  122.66493225],
         [ 539.4801084 ,  106.01452575],
         [ 532.26493225,  108.7895935 ],
         [ 529.4898645 ,  102.12943089],
         [ 519.4996206 ,  104.90449864],
         [ 517.2795664 ,   97.13430894],
         [ 521.7196748 ,   91.02915989],
         [ 502.84921409,   94.91425474],
         [ 534.48498645,   96.02428184],
         [ 545.0302439 ,   92.13918699],
         [ 549.4703523 ,   96.02428184],
         [ 550.5803794 ,  108.7895935 ],
         [ 550.5803794 ,  101.01940379],
         [ 557.24054201,  102.68444444],
         [ 562.23566396,   93.80422764],
         [ 570.00585366,   93.80422764],
         [ 570.56086721,  113.78471545],
         [ 567.23078591,  104.90449864],
         [ 578.33105691,  108.7895935 ],
         [ 583.88119241,  111.0096477 ],
         [ 595.53647696,  120.9998916 ],
         [ 594.98146341,  101.01940379],
         [ 589.43132791,   94.91425474],
         [ 587.21127371,   88.80910569],
         [ 580.55111111,   86.03403794],
         [ 593.31642276,   91.02915989],
         [ 598.31154472,   89.91913279],
         [ 602.19663957,   99.90937669],
         [ 608.85680217,  101.01940379],
         [ 621.62211382,  106.01452575],
         [ 607.19176152,  117.11479675],
         [ 634.94243902,  108.7895935 ],
         [ 634.94243902,   99.90937669],
         [ 627.17224932,   93.80422764],
         [ 623.28715447,   89.91913279],
         [ 618.84704607,   87.14406504],
         [ 611.63186992,   87.14406504],
         [ 663.24813008,  106.01452575],
         [ 656.03295393,  111.0096477 ],
         [ 667.68823848,  119.8898645 ],
         [ 719.8595122 ,  129.8801084 ],
         [ 705.42915989,  118.7798374 ],
         [ 679.89853659,  114.89474255],
         [ 748.7202168 ,  111.0096477 ],
         [ 629.39230352,   83.81398374],
         [ 652.70287263,   89.91913279],
         [ 665.46818428,   91.02915989],
         [ 688.77875339,  101.01940379],
         [ 695.43891599,   87.14406504],
         [ 717.08444444,  108.7895935 ],
         [ 734.2898645 ,   97.13430894],
         [ 725.96466125,   93.80422764],
         [ 712.08932249,   89.91913279],
         [ 716.52943089,   87.14406504],
         [ 683.78363144,   88.80910569],
         [ 680.45355014,   91.02915989],
         [ 677.12346883,   82.70395664],
         [ 722.63457995,   81.03891599],
         [ 727.07468835,   84.92401084],
         [ 732.62482385,   79.92888889],
         [ 739.84      ,   86.03403794],
         [ 742.0600542 ,   78.81886179],
         [ 747.6101897 ,   81.03891599],
         [ 764.26059621,   87.14406504],
         [ 784.79609756,   84.92401084],
         [ 778.13593496,   84.92401084],
         [ 801.44650407,  108.7895935 ],
         [ 784.79609756,   98.79934959],
         [ 767.59067751,  103.79447154],
         [ 795.34135501,  125.99501355],
         [ 803.11154472,  137.6502981 ],
         [ 832.52726287,  111.0096477 ],
         [ 823.09203252,   97.13430894],
         [ 811.43674797,   69.93864499],
         [ 821.98200542,   73.26872629],
         [ 813.65680217,   82.70395664],
         [ 801.44650407,   88.80910569],
         [ 804.77658537,   77.70883469],
         [ 798.11642276,   74.37875339],
         [ 790.90124661,   73.26872629],
         [ 772.58579946,   74.93376694],
         [ 765.92563686,   79.92888889],
         [ 757.6004336 ,   79.92888889],
         [ 829.75219512,   81.03891599],
         [ 835.85734417,   83.81398374],
         [ 839.18742547,   78.81886179],
         [ 839.18742547,   72.71371274],
         [ 832.52726287,   69.38363144],
         [ 828.08715447,  139.8703523 ],
         [ 869.85192412,  116.00476965],
         [ 880.39718157,  101.01940379],
         [ 859.86168022,  101.01940379],
         [ 860.41669377,   84.92401084],
         [ 881.50720867,   91.02915989],
         [ 892.60747967,   87.14406504],
         [ 909.25788618,   88.80910569],
         [ 928.12834688,  113.78471545],
         [ 943.11371274,  102.12943089],
         [ 919.80314363,   97.13430894],
         [ 923.68823848,   86.03403794],
         [ 937.00856369,   77.70883469],
         [ 940.89365854,   89.91913279],
         [ 960.31913279,  101.01940379],
         [ 964.20422764,  109.8996206 ],
         [ 951.43891599,  117.6698103 ],
         [ 985.29474255,  113.78471545],
         [ 991.95490515,  102.12943089],
         [ 981.96466125,   92.69420054],
         [1000.2801084 ,   92.13918699],
         [1012.4904065 ,   97.68932249],
         [1020.26059621,   86.03403794],
         [1005.8302439 ,   82.70395664],
         [1012.4904065 ,   76.04379404],
         [1005.8302439 ,   77.15382114],
         [ 984.739729  ,   79.92888889],
         [ 964.75924119,   74.93376694],
         [ 948.66384824,   70.49365854],
         [ 954.21398374,   68.27360434],
         [ 965.86926829,   63.83349593],
         [ 970.30937669,   58.83837398],
         [ 985.8497561 ,   65.49853659],
         [ 996.9500271 ,   58.28336043],
         [1004.16520325,   63.83349593],
         [ 919.24813008,   74.93376694],
         [ 931.45842818,   74.93376694],
         [ 923.68823848,   66.05355014],
         [ 913.69799458,   74.93376694],
         [ 890.38742547,   74.93376694],
         [ 872.07197832,   73.26872629],
         [ 880.95219512,   69.93864499],
         [ 867.07685637,   66.60856369],
         [ 908.14785908,   68.82861789],
         [ 903.15273713,   71.04867209],
         [ 852.09149051,   78.81886179],
         [ 848.20639566,   91.02915989],
         [ 637.59912976,   81.4406216 ],
         [ 643.22550339,   84.50955267],
         [ 654.98973915,   83.99806416],
         [ 662.15057831,   80.92913309],
         [ 668.28844045,   78.88317904],
         [ 666.75397491,   85.53252969],
         [ 685.67904984,   76.32573649],
         [ 689.77095793,   77.86020202],
         [ 688.2364924 ,   80.41764458],
         [ 679.02969919,   78.37169053],
         [ 695.90882007,   77.34871351],
         [ 699.48923965,   78.88317904],
         [ 704.60412476,   75.81424797],
         [ 706.65007881,   83.99806416],
         [ 710.23049839,   79.39466755],
         [ 422.77395493,  100.36569653],
         [ 429.93479409,   99.3427195 ],
         [ 436.07265623,   99.3427195 ],
         [ 441.18754135,   99.85420801],
         [ 446.30242646,   98.31974248],
         [ 451.41731158,   99.3427195 ],
         [ 457.0436852 ,   96.78527695],
         [ 783.11761128,   73.25680542],
         [ 767.77295593,   74.79127095],
         [ 763.68104784,   74.79127095],
         [ 761.6350938 ,   74.79127095],
         [ 753.96276612,   72.74531691],
         [ 746.80192696,   72.74531691],
         [ 751.91681208,   77.86020202],
         [ 732.48024864,   75.81424797],
         [ 724.29643246,   74.79127095],
         [ 717.64708181,   76.32573649],
         [ 854.72600289,   64.05001221],
         [ 850.12260628,   70.18787435],
         [ 848.58814075,   65.58447774],
         [ 857.79493395,   69.67638584],
         [ 876.20852037,   64.05001221],
         [ 884.90382506,   64.56150072],
         [ 890.01871018,   66.09596626],
         [ 895.13359529,   67.63043179],
         [ 897.69103785,   63.5385237 ],
         [ 905.87485403,   61.49256965],
         [ 912.01271617,   61.49256965],
         [ 914.57015873,   65.58447774],
         [ 920.19653236,   61.49256965],
         [ 927.86886003,   64.05001221],
         [ 932.98374514,   63.02703519],
         [ 930.42630259,   56.88917305],
         [ 940.65607282,   62.00405816],
         [ 950.37435453,   60.46959263],
         [ 941.67904984,   66.09596626],
         [ 953.95477411,   57.40066156],
         [ 961.11561328,   57.91215007],
         [ 975.4372916 ,   62.51554668],
         [ 985.66706183,   57.91215007],
         [1007.66106782,   58.9351271 ],
         [1011.2414874 ,   57.91215007],
         [1019.9367921 ,   56.88917305]]), array([[411]], dtype=uint16))]]
