[[(array([[  13.35717647,  443.43717647],
         [  41.66776471,  453.07482353],
         [  44.07717647,  489.81835294],
         [  61.84658824,  488.31247059],
         [  88.95247059,  484.096     ],
         [ 103.40894118,  477.16894118],
         [  63.35247059,  437.11247059],
         [  96.48188235,  427.47482353],
         [ 156.71717647,  419.94541176],
         [ 164.84894118,  397.95952941],
         [ 178.10070588,  475.66305882],
         [ 187.73835294,  498.25129412],
         [ 185.63011765,  447.65364706],
         [ 213.33835294,  394.64658824],
         [ 225.98776471,  412.71717647],
         [ 194.06305882,  444.03952941],
         [  67.26776471,  390.43011765],
         [  22.69364706,  404.58541176],
         [  85.03717647,  427.47482353],
         [  19.98305882,  308.66070588],
         [  21.79011765,  336.36894118],
         [   7.936     ,  370.70305882],
         [  63.35247059,  344.19952941],
         [  88.65129412,  330.94776471],
         [ 136.23717647,  338.176     ],
         [ 124.19011765,  371.00423529],
         [ 155.21129412,  346.30776471],
         [ 166.656     ,  295.10776471],
         [ 188.64188235,  273.12188235],
         [ 212.43482353,  287.57835294],
         [ 225.38541176,  275.23011765],
         [ 238.93835294,  302.336     ],
         [ 228.096     ,  350.82541176],
         [ 200.08658824,  363.17364706],
         [ 253.09364706,  376.42541176],
         [  55.82305882,  294.80658824],
         [ -39.95105882,  393.29129412],
         [  13.80894118,  266.19482353],
         [  49.95011765,  268.60423529],
         [  45.13129412,  239.08894118],
         [  82.47717647,  251.73835294],
         [ 109.58305882,  255.95482353],
         [ 142.11011765,  234.87247059],
         [ 152.35011765,  247.52188235],
         [ 172.83011765,  222.22305882],
         [ 211.98305882,  245.11247059],
         [  73.59247059,  219.51247059],
         [  61.54541176,  221.01835294],
         [ 105.81835294,  221.62070588],
         [ 110.336     ,  243.00423529],
         [ 124.79247059,  206.86305882],
         [ 134.73129412,  189.09364706],
         [ 239.84188235,  221.01835294],
         [ 262.73129412,  240.59482353],
         [ 250.98541176,  185.47952941],
         [ 229.30070588,  201.14070588],
         [ 155.21129412,  236.07717647],
         [  17.87482353,  194.21364706],
         [  18.47717647,  159.57835294],
         [  76.00188235,  175.54070588],
         [  92.26541176,  157.77129412],
         [ 126.90070588,  148.736     ],
         [ 149.79011765,  136.08658824],
         [ 161.23482353,  165.60188235],
         [ 186.23247059,  178.55247059],
         [ 183.82305882,  169.216     ],
         [ 182.91952941,  197.52658824],
         [ 241.95011765,  151.44658824],
         [ 204.90541176,  141.80894118],
         [ 243.75717647,  128.55717647],
         [  64.85835294,  136.68894118],
         [  87.44658824,  128.85835294],
         [   3.11717647,   81.57364706],
         [  26.30776471,  117.71482353],
         [  20.88658824,  109.88423529],
         [  35.64423529,   62.59952941],
         [  38.05364706,   86.09129412],
         [  58.53364706,   96.63247059],
         [  87.74776471,   94.82541176],
         [  73.89364706,   71.33364706],
         [  73.59247059,   50.55247059],
         [ 118.76894118,   68.02070588],
         [ 133.82776471,   54.46776471],
         [ 117.86541176,   46.63717647],
         [ 167.86070588,   83.68188235],
         [ 160.33129412,  104.46305882],
         [ 129.31011765,  114.40188235],
         [ 197.376     ,   99.64423529],
         [ 205.80894118,   88.50070588],
         [ 223.57835294,   99.64423529],
         [ 243.75717647,   75.85129412],
         [ 226.89129412,   60.49129412],
         [ 171.47482353,   53.56423529],
         [  17.87482353,   10.64658824],
         [  29.62070588,   44.67952941],
         [  35.64423529,   14.26070588],
         [  65.46070588,   31.12658824],
         [  77.50776471,    9.44188235],
         [ 100.69835294,   25.40423529],
         [ 119.67247059,    5.82776471],
         [ 139.85129412,   12.75482353],
         [ 136.83952941,   38.05364706],
         [ 164.24658824,   13.35717647],
         [ 195.26776471,   21.79011765],
         [ 213.03717647,    8.53835294],
         [ 245.26305882,    8.53835294],
         [ 137.89364706,   47.54070588],
         [ 262.12894118,   76.15247059],
         [ 252.79247059,  102.35482353],
         [ 268.75482353,  103.55952941],
         [ 281.40423529,   62.29835294],
         [ 302.18541176,   63.80423529],
         [ 307.30541176,   44.22776471],
         [ 319.05129412,   34.28894118],
         [ 327.78541176,   55.37129412],
         [ 331.39952941,   70.43011765],
         [ 344.65129412,   78.86305882],
         [ 352.48188235,   99.94541176],
         [ 359.40894118,  118.016     ],
         [ 378.98541176,   96.63247059],
         [ 357.90305882,   55.97364706],
         [ 340.736     ,   38.50541176],
         [ 365.13129412,   39.10776471],
         [ 378.08188235,   36.69835294],
         [ 383.50305882,   60.49129412],
         [ 329.74305882,    8.38776471],
         [ 419.49364706,   42.11952941],
         [ 449.00894118,   32.48188235],
         [ 439.37129412,   68.62305882],
         [ 458.64658824,   51.75717647],
         [ 477.92188235,   40.91482353],
         [ 487.55952941,   67.41835294],
         [ 468.28423529,   88.50070588],
         [ 449.61129412,   90.91011765],
         [ 454.43011765,  115.00423529],
         [ 413.47011765,  119.82305882],
         [ 395.39952941,  129.46070588],
         [ 373.71482353,  145.12188235],
         [ 333.20658824,  140.90541176],
         [ 348.26541176,  207.46541176],
         [ 454.27952941,  141.80894118],
         [ 494.63717647,  110.48658824],
         [ 511.50305882,   74.04423529],
         [ 513.91247059,  128.85835294],
         [ 508.49129412,  160.48188235],
         [ 557.28188235,  130.36423529],
         [ 541.62070588,   75.55011765],
         [ 542.52423529,   46.03482353],
         [ 523.85129412,   39.71011765],
         [ 566.91952941,   67.71952941],
         [ 318.14776471,  196.32188235],
         [ 309.41364706,  190.59952941],
         [ 303.99247059,  150.54305882],
         [ 357.90305882,  159.57835294],
         [ 370.55247059,  166.20423529],
         [ 392.53835294,  183.67247059],
         [ 419.94541176,  156.86776471],
         [ 402.47717647,  138.496     ],
         [ 478.37364706,  160.78305882],
         [ 471.44658824,  178.85364706],
         [ 434.40188235,  214.69364706],
         [ 455.18305882,  232.46305882],
         [ 413.01835294,  235.17364706],
         [ 408.19952941,  205.35717647],
         [ 389.22541176,  223.12658824],
         [ 365.13129412,  234.87247059],
         [ 334.11011765,  226.43952941],
         [ 302.78776471,  238.48658824],
         [ 524.45364706,  190.29835294],
         [ 536.35011765,  287.87952941],
         [ 453.22541176,  272.21835294],
         [ 316.64188235,  289.38541176],
         [ 311.22070588,  261.376     ],
         [ 287.72894118,  259.87011765],
         [ 340.736     ,  260.77364706],
         [ 360.91482353,  279.44658824],
         [ 380.49129412,  270.41129412],
         [ 403.98305882,  253.84658824],
         [ 432.29364706,  261.97835294],
         [ 418.13835294,  302.63717647],
         [ 393.14070588,  316.19011765],
         [ 393.14070588,  282.45835294],
         [ 332.30305882,  304.74541176],
         [ 295.55952941,  309.86541176],
         [ 493.13129412,  286.67482353],
         [ 315.43717647,  380.03952941],
         [ 335.31482353,  349.92188235],
         [ 318.44894118,  345.70541176],
         [ 297.66776471,  359.55952941],
         [ 285.01835294,  401.42305882],
         [ 332.30305882,  420.39717647],
         [ 371.75717647,  406.54305882],
         [ 368.44423529,  375.22070588],
         [ 377.78070588,  354.43952941],
         [ 358.20423529,  328.83952941],
         [ 406.99482353,  357.15011765],
         [ 414.82541176,  389.67717647],
         [ 419.04188235,  418.59011765],
         [ 453.376     ,  377.32894118],
         [ 484.096     ,  365.28188235],
         [ 452.17129412,  320.70776471],
         [ 429.58305882,  346.60894118],
         [ 508.19011765,  326.73129412],
         [ 462.41129412,  422.80658824],
         [ 253.24423529,  472.19952941],
         [ 271.31482353,  449.91247059],
         [ 291.19247059,  430.63717647],
         [ 309.26305882,  458.34541176],
         [ 358.656     ,  472.19952941],
         [ 412.86776471,  479.42776471],
         [ 389.97835294,  443.28658824],
         [ 350.22305882,  428.83011765],
         [ 269.50776471,  306.55247059],
         [  52.05835294,  519.18305882],
         [ 479.72894118,  461.95952941],
         [ 509.24423529,  442.68423529],
         [ 523.70070588,  430.63717647],
         [ 524.90541176,  390.88188235],
         [ 529.72423529,  360.16188235],
         [ 548.99952941,  337.87482353],
         [ 564.05835294,  348.71717647],
         [ 592.36894118,  381.84658824],
         [ 585.14070588,  423.40894118],
         [ 610.43952941,  484.84894118],
         [ 667.51247059,  347.21129412],
         [ 637.99717647,  382.75011765],
         [ 671.12658824,  397.80894118],
         [ 704.256     ,  360.76423529],
         [ 737.08423529,  383.05129412],
         [ 725.63952941,  330.34541176],
         [ 706.36423529,  292.99952941],
         [ 667.21129412,  289.08423529],
         [ 630.46776471,  300.83011765],
         [ 600.65129412,  331.24894118],
         [ 580.77364706,  292.096     ],
         [ 715.70070588,  270.41129412],
         [ 681.36658824,  259.87011765],
         [ 688.29364706,  224.33129412],
         [ 714.79717647,  226.43952941],
         [ 748.83011765,  236.67952941],
         [ 765.09364706,  255.35247059],
         [ 758.76894118,  297.216     ],
         [ 779.24894118,  309.86541176],
         [ 792.50070588,  324.32188235],
         [ 807.25835294,  308.35952941],
         [ 798.22305882,  280.95247059],
         [ 832.85835294,  272.82070588],
         [ 854.24188235,  242.10070588],
         [ 859.96423529,  266.19482353],
         [ 855.14541176,  301.43247059],
         [ 835.56894118,  325.82776471],
         [ 868.39717647,  313.17835294],
         [ 883.75717647,  330.04423529],
         [ 889.78070588,  283.66305882],
         [ 917.18776471,  258.96658824],
         [ 872.31247059,  246.31717647],
         [ 876.52894118,  227.94541176],
         [ 827.73835294,  232.46305882],
         [ 785.87482353,  274.62776471],
         [ 623.23952941,  142.11011765],
         [ 580.17129412,  152.04894118],
         [ 615.40894118,  208.36894118],
         [ 591.91717647,  238.48658824],
         [ 568.12423529,  251.136     ],
         [ 548.24658824,  237.28188235],
         [ 564.81129412,  203.55011765],
         [ 645.82776471,  171.32423529],
         [ 675.34305882,  148.13364706],
         [ 685.88423529,  180.66070588],
         [ 642.51482353,  227.94541176],
         [ 632.87717647,  253.24423529],
         [ 664.19952941,  206.86305882],
         [ 663.89835294,  197.82776471],
         [ 717.20658824,  190.59952941],
         [ 737.98776471,  191.20188235],
         [ 758.46776471,  169.216     ],
         [ 780.75482353,  192.40658824],
         [ 790.99482353,  213.18776471],
         [ 717.80894118,  163.19247059],
         [ 735.27717647,  149.03717647],
         [ 794.00658824,  159.57835294],
         [ 612.69835294,   94.22305882],
         [ 579.26776471,  105.66776471],
         [ 600.65129412,   81.27247059],
         [ 580.77364706,  140.60423529],
         [ 594.02541176,  136.38776471],
         [ 628.66070588,  110.78776471],
         [ 637.696     ,  118.31717647],
         [ 642.816     ,  137.89364706],
         [ 662.39247059,  123.43717647],
         [ 683.17364706,  136.08658824],
         [ 711.18305882,  136.38776471],
         [ 730.45835294,  114.70305882],
         [ 685.28188235,   90.91011765],
         [ 724.13364706,   86.99482353],
         [ 662.09129412,   68.02070588],
         [ 642.51482353,   55.07011765],
         [ 631.07011765,   80.67011765],
         [ 702.44894118,   57.78070588],
         [ 742.80658824,   50.85364706],
         [ 724.736     ,   38.95717647],
         [ 711.18305882,   12.75482353],
         [ 746.11952941,   12.75482353],
         [ 775.03247059,   24.80188235],
         [ 766.29835294,   54.91952941],
         [ 781.35717647,   54.016     ],
         [ 826.83482353,   24.80188235],
         [ 833.46070588,   48.896     ],
         [ 842.496     ,   55.22070588],
         [ 865.98776471,   79.01364706],
         [ 834.66541176,   87.44658824],
         [ 812.98070588,   80.51952941],
         [ 778.64658824,  106.72188235],
         [ 785.57364706,  105.81835294],
         [ 804.54776471,  120.27482353],
         [ 932.24658824,   67.26776471],
         [ 878.336     ,   10.64658824],
         [ 922.30776471,   17.27247059],
         [ 937.66776471,   32.33129412],
         [ 932.24658824,    2.816     ],
         [ 792.19952941,    5.82776471],
         [ 878.336     ,  210.77835294],
         [ 888.87717647,  201.14070588],
         [ 875.62541176,  193.31011765],
         [ 906.64658824,  183.07011765],
         [ 932.24658824,  168.91482353],
         [ 908.15247059,  213.48894118],
         [ 921.40423529,  234.87247059],
         [ 953.93129412,  213.48894118],
         [ 983.44658824,  230.35482353],
         [1001.81835294,  181.56423529],
         [ 951.52188235,  143.01364706],
         [ 845.80894118,  137.89364706],
         [ 815.39011765,  153.55482353],
         [ 800.33129412,  150.24188235],
         [ 875.02305882,  145.12188235],
         [ 926.52423529,  304.14305882],
         [ 964.17129412,  255.05129412],
         [1009.34776471,  250.53364706],
         [ 999.40894118,  273.12188235],
         [ 836.77364706,  408.04894118],
         [ 807.86070588,  383.05129412],
         [ 839.18305882,  379.136     ],
         [ 774.73129412,  372.20894118],
         [ 777.74305882,  406.54305882],
         [ 873.216     ,  359.55952941],
         [ 914.77835294,  348.416     ],
         [ 886.46776471,  397.20658824],
         [ 957.24423529,  349.01835294],
         [ 971.09835294,  418.28894118],
         [ 979.23011765,  353.23482353],
         [ 975.91717647,  391.78541176],
         [ 628.66070588,  398.71247059],
         [ 684.37835294,  459.24894118],
         [ 715.70070588,  440.27482353],
         [ 733.47011765,  422.80658824],
         [ 666.00658824,  474.00658824],
         [ 706.21364706,  490.87247059],
         [ 755.60658824,  471.59717647],
         [ 776.68894118,  429.43247059],
         [ 797.16894118,  457.74305882],
         [ 826.68423529,  436.66070588],
         [ 856.19952941,  454.12894118],
         [ 842.34541176,  492.07717647],
         [ 798.37364706,  506.53364706],
         [ 767.05129412,  510.75011765],
         [ 552.61364706,  496.896     ],
         [ 374.91952941,  495.08894118],
         [ 424.91482353,  509.54541176],
         [ 652.60423529,  278.24188235],
         [ 600.80188235,  272.82070588],
         [ 556.83011765,  266.79717647],
         [ 368.896     ,  336.06776471],
         [ 979.38070588,   22.24188235],
         [ 967.33364706,   56.576     ],
         [1005.88423529,   63.20188235],
         [ 993.23482353,  114.40188235],
         [1008.14305882,    2.51482353],
         [ 669.92188235,   32.63247059],
         [ 685.88423529,    3.41835294],
         [ 646.73129412,   15.16423529],
         [ 642.816     ,   30.52423529],
         [ 620.83011765,   13.35717647],
         [ 604.26541176,   28.416     ],
         [ 595.23011765,   40.16188235],
         [ 583.18305882,   30.22305882],
         [ 587.39952941,    4.92423529],
         [ 561.19717647,   44.67952941],
         [ 529.87482353,   12.75482353],
         [ 658.77835294,    3.11717647],
         [ 427.47482353,   17.57364706],
         [ 445.54541176,    4.92423529],
         [ 469.94070588,    4.32188235],
         [ 509.09364706,   32.03011765],
         [ 282.45835294,  174.63717647],
         [ 930.59011765,  439.07011765],
         [ 895.65364706,  457.14070588],
         [ 908.90541176,  492.07717647],
         [ 989.01835294,  495.08894118],
         [ 955.88894118,  446.29835294],
         [1015.52188235,  443.88894118],
         [1018.53364706,  492.67952941],
         [ 770.36423529,  355.34305882],
         [ 622.78776471,  413.77129412]]), array([[404]], dtype=uint16))]]
