[[(array([[ 24.03333333, 398.88888889],
         [ 83.98888889, 391.52592593],
         [127.64074074, 404.14814815],
         [168.13703704, 382.58518519],
         [193.38148148, 379.95555556],
         [202.84814815, 407.82962963],
         [214.41851852, 408.35555556],
         [236.50740741, 408.88148148],
         [265.95925926, 400.99259259],
         [303.82592593, 405.72592593],
         [262.27777778, 362.07407407],
         [338.01111111, 370.48888889],
         [362.2037037 , 371.54074074],
         [368.51481481, 406.25185185],
         [484.74444444, 396.78518519],
         [458.97407407, 383.11111111],
         [524.71481481, 414.66666667],
         [506.30740741, 360.4962963 ],
         [563.10740741, 371.01481481],
         [512.09259259, 322.1037037 ],
         [544.17407407, 317.8962963 ],
         [571.52222222, 286.34074074],
         [532.07777778, 277.4       ],
         [501.57407407, 272.14074074],
         [520.50740741, 253.20740741],
         [514.1962963 , 217.97037037],
         [505.25555556, 202.71851852],
         [543.12222222, 196.40740741],
         [528.3962963 , 180.62962963],
         [542.5962963 , 146.97037037],
         [516.3       , 169.05925926],
         [491.05555556, 172.74074074],
         [572.04814815, 174.31851852],
         [567.31481481, 103.84444444],
         [521.03333333, 122.25185185],
         [535.75925926, 108.57777778],
         [519.45555556,  95.95555556],
         [529.44814815,  80.17777778],
         [515.77407407,  79.12592593],
         [543.12222222,  76.4962963 ],
         [482.64074074,  74.39259259],
         [494.73703704,  97.53333333],
         [487.37407407, 123.3037037 ],
         [469.49259259, 165.9037037 ],
         [468.44074074, 240.58518519],
         [462.65555556, 288.97037037],
         [434.78148148, 315.26666667],
         [444.24814815, 334.72592593],
         [377.98148148, 328.94074074],
         [361.15185185, 316.31851852],
         [383.24074074, 267.93333333],
         [437.41111111, 265.82962963],
         [438.46296296, 221.12592593],
         [422.15925926, 222.17777778],
         [412.16666667, 211.13333333],
         [382.71481481, 195.35555556],
         [425.84074074, 172.74074074],
         [439.51481481, 149.6       ],
         [403.75185185, 140.13333333],
         [437.41111111, 119.0962963 ],
         [444.24814815,  99.63703704],
         [391.65555556, 106.47407407],
         [383.76666667,  93.85185185],
         [411.64074074,  72.28888889],
         [367.46296296,  73.86666667],
         [308.55925926,  76.4962963 ],
         [313.81851852, 105.42222222],
         [342.74444444, 110.15555556],
         [358.52222222, 113.31111111],
         [354.31481481, 133.82222222],
         [377.98148148, 138.02962963],
         [367.46296296, 159.06666667],
         [330.12222222, 161.17037037],
         [318.02592593, 144.34074074],
         [301.1962963 , 139.60740741],
         [302.24814815, 118.04444444],
         [280.15925926, 112.25925926],
         [264.38148148, 102.26666667],
         [256.49259259,  72.28888889],
         [200.21851852,  89.11851852],
         [210.21111111,  79.12592593],
         [190.75185185, 109.1037037 ],
         [199.16666667, 120.67407407],
         [211.78888889, 153.28148148],
         [224.41111111, 180.62962963],
         [236.50740741, 202.71851852],
         [263.85555556, 182.73333333],
         [260.7       , 143.81481481],
         [313.81851852, 203.24444444],
         [339.06296296, 189.04444444],
         [346.95185185, 210.60740741],
         [346.95185185, 236.37777778],
         [362.2037037 , 249.        ],
         [321.70740741, 243.74074074],
         [296.46296296, 252.15555556],
         [287.52222222, 230.06666667],
         [282.26296296, 211.65925926],
         [314.87037037, 271.08888889],
         [321.70740741, 293.7037037 ],
         [239.66296296, 302.64444444],
         [229.14444444, 274.77037037],
         [216.52222222, 252.68148148],
         [186.54444444, 244.26666667],
         [204.42592593, 224.80740741],
         [189.17407407, 210.60740741],
         [180.23333333, 187.99259259],
         [156.04074074, 148.02222222],
         [177.07777778, 136.45185185],
         [151.30740741, 114.88888889],
         [149.2037037 ,  90.6962963 ],
         [132.9       , 134.34814815],
         [150.25555556, 201.14074074],
         [133.42592593, 186.94074074],
         [141.84074074, 223.75555556],
         [194.43333333, 278.97777778],
         [163.92962963, 285.81481481],
         [145.52222222, 292.12592593],
         [165.50740741, 339.98518519],
         [151.83333333, 334.2       ],
         [ 78.2037037 , 333.14814815],
         [102.92222222, 317.8962963 ],
         [ 39.28518519, 349.45185185],
         [ 15.09259259, 322.62962963],
         [ 26.66296296, 261.62222222],
         [ 44.01851852, 252.15555556],
         [ 51.38148148, 225.33333333],
         [  3.52222222, 252.15555556],
         [ 40.33703704, 199.56296296],
         [  8.78148148, 165.9037037 ],
         [ 21.4037037 , 157.48888889],
         [ 68.73703704, 184.83703704],
         [ 89.24814815, 194.3037037 ],
         [ 80.83333333, 164.85185185],
         [ 50.85555556, 144.86666667],
         [ 69.26296296, 138.55555556],
         [ 80.83333333, 123.82962963],
         [103.97407407, 152.22962963],
         [ 93.98148148, 106.47407407],
         [ 97.66296296,  84.91111111],
         [ 38.23333333,  78.07407407],
         [ 21.4037037 ,  78.07407407],
         [  6.15185185,  82.80740741],
         [ 14.04074074, 114.88888889],
         [ 36.12962963, 103.84444444],
         [493.57592408, -50.61388611],
         [ 86.95454545,  55.79170829],
         [133.82367632,  40.59090909],
         [118.62287712,  21.58991009],
         [ 79.98751249,  24.75674326],
         [163.59190809,  55.15834166],
         [614.54895105, 392.10939061],
         [629.74975025, 316.10539461],
         [597.44805195, 240.1013986 ],
         [603.14835165, 210.96653347],
         [626.58291708, 201.46603397],
         [616.44905095, 174.23126873],
         [617.08241758, 158.3971029 ],
         [603.14835165, 134.32917083],
         [582.24725275, 129.8956044 ],
         [ 82.04595405,  42.71328671],
         [168.18381618,  22.12887113],
         [183.06793207,  28.14585415],
         [241.02097902,  41.44655345],
         [234.05394605,  24.97902098],
         [209.66933067,  30.67932068],
         [202.06893107,  15.7952048 ],
         [ 12.05894106,  25.61238761],
         [ 27.25974026,  19.5954046 ],
         [ 37.39360639,  28.14585415],
         [ 23.45954046,   9.46153846],
         [ 19.02597403,  59.4975025 ],
         [291.05694306,  43.02997003],
         [300.55744256,  62.98101898],
         [284.40659341,  26.56243756],
         [250.52147852,  15.7952048 ],
         [227.4035964 ,  12.94505495],
         [277.43956044,   8.19480519],
         [360.56893107,  48.19130869],
         [326.36713287,  61.49200799],
         [400.47102897,  20.32317682],
         [400.47102897,  51.35814186],
         [449.87362637,  64.02547453],
         [475.20829171,  39.95754246],
         [533.47802198,  57.69180819],
         [579.71378621,  50.72477522],
         [624.68281718,  50.72477522],
         [605.04845155,  22.22327672],
         [550.57892108,  17.78971029],
         [484.07542458,  21.58991009],
         [439.10639361,  29.19030969],
         [337.13436563,  31.09040959],
         [348.53496503,  36.15734266],
         [423.11388611,  13.26173826],
         [576.70529471,  14.21178821],
         [107.85564436, 274.93656344],
         [123.68981019, 260.36913087],
         [141.42407592,  74.06493506],
         [158.20829171,  76.28171828],
         [529.83616384,  11.36163836],
         [ 98.98851149,   8.28921079],
         [ 48.31918082,   7.65584416],
         [191.46003996,   7.02247752],
         [517.01048951,   7.65584416],
         [563.24625375,   7.02247752]]), array([[204]], dtype=uint8))]]
