[[(array([[ 100.33524166,  771.64877889],
         [ 137.65562511,  740.76294432],
         [ 182.6974672 ,  718.88547816],
         [ 267.63351229,  676.41745561],
         [ 468.39143704,  684.13891426],
         [ 582.92640693,  739.47603454],
         [ 618.9598806 ,  762.64041048],
         [ 850.60363993,  761.3535007 ],
         [ 884.06329405,  660.97453833],
         [ 992.16371507,  716.31165861],
         [ 769.52832416,  648.10544059],
         [ 602.23005354,  671.26981652],
         [ 546.89293325,  635.23634285],
         [ 378.30775285,  565.74321505],
         [ 208.43566268,  574.75158347],
         [ 181.41055742,  565.74321505],
         [  60.44103866,  586.33377143],
         [ 168.54145968,  529.70974137],
         [ 144.09017398,  511.69300454],
         [ 164.68073036,  500.11081657],
         [ 192.99274539,  502.68463612],
         [ 671.72318134,  613.35887669],
         [ 653.7064445 ,  579.89922256],
         [ 706.46974523,  563.1693955 ],
         [ 790.11888055,  538.71810979],
         [ 863.47273767,  536.14429024],
         [ 882.77638428,  583.75995188],
         [ 947.12187298,  556.73484663],
         [1003.74590304,  521.98828273],
         [1012.75427146,  586.33377143],
         [ 958.70406095,  473.08571132],
         [ 917.52294818,  476.94644064],
         [ 885.35020383,  497.53699702],
         [ 736.06867004,  502.68463612],
         [ 922.67058727,  509.11918499],
         [ 680.73154975,  511.69300454],
         [ 658.8540836 ,  521.98828273],
         [ 620.24679037,  521.98828273],
         [ 595.79550467,  542.57883911],
         [ 573.91803851,  491.10244815],
         [ 546.89293325,  505.25845567],
         [ 521.15473777,  502.68463612],
         [ 501.85109116,  478.23335041],
         [ 461.95688817,  538.71810979],
         [ 449.08779043,  478.23335041],
         [ 384.74230172,  452.49515493],
         [ 402.75903856,  446.06060606],
         [ 362.86483556,  460.21661358],
         [ 346.1350085 ,  449.92133538],
         [ 321.6837228 ,  448.63442561],
         [ 315.24917392,  484.66789928],
         [ 276.6418807 ,  529.70974137],
         [ 503.13800094,  545.15265866],
         [ 253.47750477,  448.63442561],
         [ 214.87021155,  473.08571132],
         [ 216.15712132,  428.04386922],
         [ 211.00948223,  413.88786171],
         [ 187.84510629,  407.45331284],
         [ 155.67236194,  410.02713239],
         [ 487.69508365,  455.06897448],
         [ 517.29400845,  452.49515493],
         [ 540.45838438,  460.21661358],
         [ 584.2133167 ,  475.65953086],
         [ 562.33585054,  443.48678651],
         [  29.55520409,  484.66789928],
         [  73.3101364 ,  458.9297038 ],
         [ 136.36871533,  460.21661358],
         [ 117.06506872,  434.47841809],
         [ 241.8953168 ,  536.14429024],
         [ 222.59167019,  533.5704707 ],
         [  35.44134311,  433.51323576],
         [  66.97063257,  421.28759291],
         [  82.41354986,  406.48813051],
         [  57.96226415,  412.27922449],
         [  38.65861754,  413.56613427],
         [  25.14606491,  409.06195006],
         [   9.05969274,  420.00068314],
         [  97.21301226,  402.62740119],
         [ 114.58629421,  402.62740119],
         [ 132.60303105,  394.90594254],
         [  65.04026791,  382.68029969],
         [  48.95389573,  376.88920571],
         [  26.4804972 ,  394.74507882],
         [  39.67132239,  378.3369792 ],
         [  18.11558367,  381.87598108],
         [  10.71585247,  363.85924424],
         [  66.05297276,  369.00688334],
         [  79.24379794,  375.76315965],
         [  92.43462312,  381.23252619],
         [ 104.98199342,  380.26734386],
         [  48.67969081,  354.52914838],
         [  83.42625471,  352.59878372],
         [  73.45270396,  351.31187395],
         [  61.2270611 ,  348.09459951],
         [  45.46241637,  337.79932132],
         [  31.6281363 ,  339.40795854],
         [  16.8286739 ,  350.02496417],
         [ 149.05865318,  378.65870664],
         [ 160.31911371,  389.27571228],
         [ 149.38038063,  391.52780439],
         [ 172.22302911,  376.40661454],
         [ 117.85109116,  361.60715214],
         [ 129.43327913,  352.92051116],
         [ 126.85945958,  378.65870664],
         [ 119.78145582,  375.76315965],
         [ 117.52936372,  370.61552056],
         [ 105.62544831,  361.60715214],
         [ 135.22437311,  366.75479124],
         [ 165.14502536,  350.02496417],
         [ 172.22302911,  356.78124049],
         [ 193.13531294,  350.34669162],
         [ 180.90967009,  366.75479124],
         [ 181.87485242,  380.91079875],
         [ 194.42222272,  389.59743972],
         [ 196.35258738,  380.26734386],
         [ 208.25650279,  355.17260327],
         [ 213.72586933,  371.90243033],
         [ 222.73423775,  368.36342845],
         [ 205.3609558 ,  371.25897544],
         [ 205.3609558 ,  387.02362018],
         [ 234.9598806 ,  384.12807318],
         [ 225.30805729,  384.77152807],
         [ 318.52760867,  421.37057282],
         [ 311.58462375,  413.55971479],
         [ 258.64436372,  417.03120725],
         [ 274.2660798 ,  383.18415575],
         [ 255.17287126,  383.83506059],
         [ 241.28690142,  374.72239288],
         [ 254.7389347 ,  367.3454714 ],
         [ 245.19233044,  357.36493058],
         [ 231.74029715,  354.76131123],
         [ 295.52897112,  392.9477283 ],
         [ 273.83214324,  359.53461337],
         [ 328.07421294,  394.68347453],
         [ 308.54706785,  399.02284011],
         [ 331.5457054 ,  409.00338093],
         [ 337.18688065,  409.00338093],
         [ 341.96018278,  385.57080682],
         [ 335.01719786,  395.9852842 ],
         [ 299.43440014,  370.81696386],
         [ 292.05747866,  366.91153484],
         [ 367.56243968,  430.70020881],
         [ 371.4678687 ,  443.28436898],
         [ 396.63618904,  423.32328733],
         [ 415.72939757,  424.19116045],
         [ 417.03120725,  388.60836272],
         [ 401.84342773,  399.02284011],
         [ 404.01311052,  379.92963157],
         [ 400.1076815 ,  369.51515419],
         [ 388.39139445,  382.96718748],
         [ 373.63755149,  395.11741109],
         [ 373.63755149,  379.49569501],
         [ 360.1855182 ,  386.00474338],
         [ 362.35520099,  376.45813911],
         [ 351.50678705,  372.55271009],
         [ 334.5832613 ,  374.72239288],
         [ 331.11176884,  368.64728107],
         [ 324.60272048,  377.75994878],
         [ 315.92398933,  383.83506059],
         [ 442.63346415,  414.64455618],
         [ 442.19952759,  402.49433257],
         [ 437.86016201,  390.34410895],
         [ 435.25654267,  379.92963157],
         [ 450.44432218,  381.6653778 ],
         [ 466.49997481,  386.00474338],
         [ 462.16060924,  424.19116045],
         [ 480.81988121,  409.43731749],
         [ 482.12169089,  383.40112403],
         [ 492.97010483,  370.81696386],
         [ 505.12032844,  382.96718748],
         [ 519.44023484,  379.06175846],
         [ 535.49588747,  385.13687026],
         [ 545.91036485,  378.6278219 ],
         [ 557.62665191,  380.36356813],
         [ 565.43750995,  379.92963157],
         [ 559.7963347 ,  405.53188847],
         [ 575.85198733,  399.45677666],
         [ 540.70312616,  425.05903356],
         [ 526.38321976,  401.62645945],
         [ 499.47915319,  407.70157126],
         [ 594.07732275,  413.77668307],
         [ 604.92573669,  391.21198207],
         [ 589.30402061,  385.13687026],
         [ 652.22482147,  409.00338093],
         [ 635.30129572,  425.05903356],
         [ 616.64202374,  436.34138406],
         [ 600.58637111,  443.28436898],
         [ 623.58500866,  457.60427538],
         [ 612.73659472,  477.13142047],
         [ 650.92301179,  486.24408818],
         [ 257.34255405,  515.7517741 ],
         [ 633.13161293,  395.55134765],
         [ 637.47097851,  386.00474338],
         [ 621.41532588,  377.75994878],
         [ 600.58637111,  382.09931436],
         [ 548.94792076,  393.38166486],
         [ 676.09133213,  446.10495661],
         [ 673.48771279,  406.18279331],
         [ 690.78107811,  415.94636585],
         [ 685.57383942,  420.71966799],
         [ 666.48063089,  425.92690668],
         [ 610.93675151,  416.81423897],
         [ 572.31639789,  422.88935077],
         [ 675.69383068,  390.26435831],
         [ 684.02745928,  387.13924758],
         [ 695.48619861,  399.63969049],
         [ 711.11175224,  387.13924758],
         [ 723.61219514,  409.01502266],
         [ 732.98752732,  393.38946903],
         [ 744.44626665,  404.84820836],
         [ 757.98841313,  395.47287618],
         [ 737.15434162,  425.68227987],
         [ 760.07182028,  430.89079775],
         [ 773.61396676,  414.22354054],
         [ 703.81982721,  467.35042288],
         [ 685.06916286,  476.72575506],
         [ 734.0292309 ,  469.43383003],
         [ 765.28033815,  457.9750907 ],
         [ 796.53144541,  505.89345517],
         [ 771.53055961,  513.18538019],
         [ 900.70180295,  459.01679428],
         [ 928.82779948,  451.72486925],
         [ 912.16054227,  441.3078335 ],
         [ 925.70268875,  437.1410192 ],
         [ 920.49417088,  424.64057629],
         [ 925.70268875,  410.05672624],
         [ 912.16054227,  409.01502266],
         [ 894.45158149,  425.68227987],
         [ 868.40899211,  427.76568702],
         [ 846.53321703,  431.93250132],
         [ 854.86684563,  411.09842981],
         [ 839.241292  ,  404.84820836],
         [ 826.7408491 ,  404.84820836],
         [ 800.69825972,  384.01413686],
         [ 794.44803826,  402.76480121],
         [ 769.44715246,  406.93161551],
         [ 786.11440966,  429.84909417],
         [ 804.86507402,  438.18272277],
         [ 807.99018474,  452.76657283],
         [ 821.53233122,  470.47553361],
         [ 846.53321703,  455.89168355],
         [ 945.49505668,  416.30694769],
         [ 953.82868529,  428.80739059],
         [ 964.24572104,  413.18183696],
         [ 976.74616394,  409.01502266],
         [ 984.03808897,  417.34865127],
         [ 979.87127467,  387.13924758],
         [  71.505757  ,  341.30429027],
         [  80.88108918,  338.70003133],
         [  63.69298018,  342.34599384],
         [  20.98313359,  337.65832775],
         [  12.64950499,  342.34599384],
         [ 104.05764736,  350.15877066],
         [ 108.74531345,  335.5749206 ],
         [ 107.18275808,  316.30340446],
         [  99.89083306,  315.78255267],
         [  88.95294552,  332.44980988],
         [  83.22357585,  331.92895809],
         [ 124.37086708,  316.82425625],
         [ 117.59979384,  316.30340446],
         [ 128.01682959,  362.65921356],
         [ 243.64592645,  349.11706708],
         [ 257.70892472,  347.55451172],
         [ 266.04255332,  350.67962245],
         [ 256.66722114,  355.36728854],
         [ 276.45958907,  351.20047423],
         [ 291.56429091,  348.5962153 ],
         [ 291.56429091,  354.32558496],
         [ 294.68940164,  358.49239926],
         [ 306.66899276,  348.5962153 ],
         [ 310.83580706,  357.45069569],
         [ 318.12773208,  353.28388138],
         [ 322.81539817,  359.53410284],
         [ 354.58735722,  366.82602786],
         [ 370.21291085,  368.38858323],
         [ 362.92098582,  359.53410284],
         [ 426.46490392,  375.15965647],
         [ 436.36108788,  372.03454574],
         [ 665.27679492,  385.05584043],
         [ 992.37171757,  409.01502266]]), array([[280]], dtype=uint16))]]
