[[(array([[  5.68518519, 272.35185185],
         [ 28.40123457, 278.77160494],
         [ 62.9691358 , 294.08024691],
         [ 95.06790123, 278.27777778],
         [131.11728395, 292.10493827],
         [136.05555556, 263.95679012],
         [162.22839506, 258.0308642 ],
         [166.17901235, 271.85802469],
         [172.59876543, 291.11728395],
         [161.7345679 , 290.62345679],
         [  2.22839506, 361.24074074],
         [220.5       , 274.82098765],
         [203.21604938, 244.2037037 ],
         [245.19135802, 267.41358025],
         [273.33950617, 294.57407407],
         [300.99382716, 325.68518519],
         [280.25308642, 278.27777778],
         [300.99382716, 261.98148148],
         [344.45061728, 285.68518519],
         [362.22839506, 282.22839506],
         [387.41358025, 278.77160494],
         [405.19135802, 291.61111111],
         [425.4382716 , 372.10493827],
         [460.00617284, 339.51234568],
         [496.54938272, 346.91975309],
         [492.10493827, 286.17901235],
         [517.29012346, 287.66049383],
         [462.9691358 , 280.74691358],
         [433.33950617, 273.33950617],
         [442.72222222, 226.91975309],
         [480.74691358, 219.51234568],
         [499.51234568, 183.46296296],
         [473.33950617, 172.10493827],
         [518.77160494, 168.15432099],
         [492.10493827, 155.80864198],
         [483.70987654, 159.75925926],
         [524.69753086, 159.75925926],
         [467.41358025, 132.59876543],
         [492.59876543, 134.08024691],
         [453.58641975, 139.01851852],
         [439.75925926, 140.5       ],
         [446.17901235, 153.83333333],
         [456.54938272, 172.59876543],
         [393.83333333, 164.2037037 ],
         [388.40123457, 147.41358025],
         [408.15432099, 140.99382716],
         [409.63580247, 127.66049383],
         [408.15432099,  98.52469136],
         [417.04320988, 101.48765432],
         [432.35185185, 104.45061728],
         [449.14197531, 107.41358025],
         [445.68518519, 120.74691358],
         [458.0308642 , 122.72222222],
         [473.33950617,  85.68518519],
         [458.0308642 ,  86.17901235],
         [431.36419753,  71.85802469],
         [408.64814815,  67.90740741],
         [473.33950617,  68.40123457],
         [520.74691358,  77.29012346],
         [370.12962963, 158.77160494],
         [347.41358025, 157.29012346],
         [378.0308642 , 140.5       ],
         [367.66049383, 128.15432099],
         [356.7962963 , 121.24074074],
         [364.69753086, 110.87037037],
         [382.9691358 , 111.36419753],
         [388.40123457,  89.14197531],
         [391.85802469, 100.99382716],
         [368.15432099,  85.68518519],
         [387.41358025,  72.35185185],
         [313.33950617, 180.5       ],
         [294.08024691, 157.78395062],
         [281.24074074, 157.78395062],
         [283.70987654, 141.98148148],
         [287.66049383, 106.91975309],
         [313.83333333, 101.48765432],
         [332.59876543,  91.11728395],
         [315.31481481,  86.17901235],
         [335.06790123,  70.87037037],
         [360.25308642,  67.41358025],
         [305.93209877,  71.85802469],
         [290.62345679,  70.37654321],
         [275.31481481,  69.38888889],
         [273.33950617,  87.16666667],
         [256.05555556, 100.99382716],
         [242.72222222, 110.37654321],
         [242.22839506,  92.59876543],
         [262.47530864,  67.41358025],
         [245.68518519,  69.88271605],
         [224.45061728,  66.42592593],
         [200.74691358,  67.90740741],
         [193.33950617,  74.32716049],
         [183.46296296,  68.89506173],
         [181.48765432, 122.22839506],
         [210.12962963, 116.30246914],
         [174.57407407, 110.37654321],
         [148.89506173, 106.42592593],
         [158.77160494, 125.68518519],
         [159.2654321 ,  97.53703704],
         [149.88271605,  86.67283951],
         [146.42592593,  74.82098765],
         [322.22839506, 148.40123457],
         [311.85802469, 237.78395062],
         [355.80864198, 244.2037037 ],
         [356.30246914, 228.40123457],
         [416.05555556, 263.95679012],
         [288.64814815, 251.11728395],
         [247.66049383, 256.54938272],
         [250.62345679, 250.62345679],
         [242.72222222, 207.66049383],
         [270.87037037, 186.91975309],
         [255.5617284 , 155.80864198],
         [249.14197531, 146.42592593],
         [231.85802469, 161.7345679 ],
         [226.91975309, 148.40123457],
         [194.32716049, 194.32716049],
         [199.2654321 , 212.10493827],
         [179.51234568, 223.95679012],
         [163.70987654, 174.57407407],
         [148.40123457, 162.72222222],
         [131.61111111, 165.19135802],
         [107.41358025, 167.16666667],
         [114.32716049, 233.33950617],
         [149.38888889, 222.9691358 ],
         [ 78.27777778, 245.19135802],
         [ 74.82098765, 226.91975309],
         [  8.15432099, 238.27777778],
         [ 16.54938272, 179.51234568],
         [ 45.19135802, 157.78395062],
         [ 78.77160494, 166.67283951],
         [ 82.72222222, 159.2654321 ],
         [ 86.17901235, 112.84567901],
         [ 89.63580247,  88.15432099],
         [ 84.2037037 ,  70.87037037],
         [104.45061728,  67.41358025],
         [112.84567901,  76.7962963 ],
         [133.09259259,  79.2654321 ],
         [124.2037037 ,  78.77160494],
         [ 70.87037037,  69.38888889],
         [ 60.5       ,  69.38888889],
         [ 49.14197531,  75.80864198],
         [ 38.27777778,  74.32716049],
         [ 33.33950617,  89.63580247],
         [ 30.37654321,  75.80864198],
         [ 18.52469136,  73.33950617],
         [ 10.12962963,  76.7962963 ],
         [ 19.01851852, 103.46296296],
         [ 22.47530864, 154.82098765],
         [ 27.41358025, 135.06790123],
         [ 39.75925926, 135.06790123],
         [ 50.62345679, 136.05555556],
         [ 11.61111111, 131.61111111],
         [  1.7345679 , 121.24074074],
         [125.19135802, 137.04320988],
         [117.78395062,  68.89506173],
         [504.94444444, 325.68518519],
         [488.15432099, 313.83333333],
         [572.02847153, 214.28621379],
         [599.0014985 , 199.3011988 ],
         [578.62187812, 162.73776224],
         [584.01648352, 144.75574426],
         [596.0044955 , 101.5989011 ],
         [555.24525475,  84.81568432],
         [554.64585415, 142.95754246],
         [545.05544456, 130.96953047],
         [563.03746254, 139.96053946],
         [546.85364635, 164.53596404],
         [557.04345654, 161.53896104],
         [509.09140859,  61.43906094],
         [519.88061938,  54.24625375],
         [511.48901099,  53.04745255],
         [451.54895105,  59.04145854],
         [426.97352647,  61.43906094],
         [426.97352647,  51.24925075],
         [435.36513487,  55.44505495],
         [411.38911089,  57.24325674],
         [402.9975025 ,  58.44205794],
         [397.6028971 ,  59.04145854],
         [378.42207792,  50.05044955],
         [358.04245754,  50.05044955],
         [350.84965035,  61.43906094],
         [323.27722278,  60.83966034],
         [328.67182817,  62.63786214],
         [332.86763237,  53.04745255],
         [336.46403596,  43.45704296],
         [407.79270729,  37.46303696],
         [313.68681319,  45.25524476],
         [321.47902098,  51.84865135],
         [325.07542458,  45.85464535],
         [307.09340659,  54.84565435],
         [314.88561439,  67.43306693],
         [314.88561439,  59.64085914],
         [282.51798202,  61.43906094],
         [279.52097902,  50.05044955],
         [294.50599401,  45.25524476],
         [270.52997003,  63.83666334],
         [248.95154845,  59.64085914],
         [255.54495504,  56.64385614],
         [239.36113886,  36.26423576],
         [213.58691309,  21.27922078],
         [195.6048951 ,  31.46903097],
         [185.41508492,  27.87262737],
         [183.01748252,  14.08641359],
         [161.43906094,  29.07142857],
         [144.05644356,  22.47802198],
         [138.66183816,  32.66783217],
         [129.07142857,  26.07442557],
         [133.86663337,  22.47802198],
         [150.05044955,  42.25824176],
         [154.84565435,  44.05644356],
         [166.83366633,  46.45404595],
         [167.43306693,  54.84565435],
         [159.04145854,  59.04145854],
         [159.04145854,  51.24925075],
         [149.45104895,  61.43906094],
         [150.64985015,  56.64385614],
         [141.65884116,  52.44805195],
         [131.46903097,  54.24625375],
         [107.49300699,  52.44805195],
         [112.28821179,  43.45704296],
         [112.28821179,  30.86963037],
         [117.08341658,  13.48701299],
         [ 91.30919081,  15.88461538],
         [ 90.11038961,  40.46003996],
         [ 81.71878122,  35.66483516],
         [ 93.10739261,  57.24325674],
         [ 87.71278721,  59.04145854],
         [ 74.52597403,  53.64685315],
         [ 57.14335664,  53.04745255],
         [ 51.14935065,  54.84565435],
         [ 30.76973027,  56.04445554],
         [ 19.38111888,  56.04445554],
         [ 18.78171828,  49.45104895],
         [ 12.18831169,  43.45704296],
         [ 13.38711289,  38.66183816],
         [ 22.97752248,  31.46903097],
         [ 25.97452547,  14.68581419],
         [ 37.36313686,  20.67982018],
         [ 53.54695305,  23.07742258],
         [ 46.95354645,  17.68281718],
         [ 42.15834166,  14.68581419],
         [ 55.94455544,  14.08641359],
         [ 61.33916084,  17.08341658],
         [ 58.94155844,  39.26123876],
         [ 64.93556444,  31.46903097],
         [ 52.34815185,  36.26423576],
         [ 42.15834166,  56.64385614],
         [118.28221778,  61.43906094],
         [126.67382617,  93.80669331],
         [ 20.57992008, 270.62987013],
         [ 33.91658342,   7.59290709],
         [211.03946054,  64.83566434],
         [ 50.9995005 , 110.09040959],
         [311.88861139, 149.55094905],
         [168.03246753,  96.2042957 ]]), array([[255]], dtype=uint8))]]
