[[(array([[323.03876898, 246.4028777 ],
         [287.75179856, 244.81694644],
         [303.61111111, 259.09032774],
         [349.60311751, 260.27977618],
         [361.89408473, 254.72901679],
         [368.23780975, 245.60991207],
         [421.36650679, 246.4028777 ],
         [401.93884892, 264.64108713],
         [372.99560352, 235.30135891],
         [384.49360512, 219.44204636],
         [394.80215827, 222.21742606],
         [412.64388489, 228.56115108],
         [438.41526779, 217.85611511],
         [424.14188649, 202.78976819],
         [438.41526779, 196.04956035],
         [438.8117506 , 239.66266986],
         [404.71422862, 210.71942446],
         [373.78856914, 197.23900879],
         [386.47601918, 188.11990408],
         [414.22981615, 180.58673062],
         [426.12430056, 173.05355715],
         [428.50319744, 161.95203837],
         [383.70063949, 168.6922462 ],
         [367.44484412, 180.98321343],
         [349.20663469, 168.29576339],
         [349.60311751, 152.03996803],
         [369.03077538, 165.12390088],
         [374.97801759, 141.33493205],
         [381.32174261, 153.22941647],
         [396.38808953, 150.05755396],
         [405.50719424, 133.00879297],
         [418.19464428, 139.35251799],
         [420.57354117, 136.9736211 ],
         [441.19064748, 138.95603517],
         [419.38409273, 125.07913669],
         [415.02278177, 118.73541167],
         [400.35291767, 115.96003197],
         [399.16346922,  93.36051159],
         [416.60871303,  85.43085532],
         [428.89968026,  82.25899281],
         [428.89968026,  66.00319744],
         [429.69264588,  47.76498801],
         [397.18105516,  47.76498801],
         [382.51119105,  45.38609113],
         [415.41926459,  54.90167866],
         [397.18105516,  55.29816147],
         [368.23780975,  78.29416467],
         [382.90767386,  75.12230216],
         [372.20263789,  55.69464428],
         [366.6518785 ,  62.43485212],
         [351.58553157, 102.08313349],
         [350.39608313,  81.46602718],
         [378.94284572, 123.09672262],
         [340.48401279, 119.13189448],
         [342.46642686, 106.44444444],
         [344.44884093, 133.40527578],
         [326.21063149, 157.98721023],
         [332.55435651, 198.03197442],
         [338.89808153, 188.11990408],
         [334.53677058, 219.04556355],
         [361.89408473, 218.64908074],
         [314.7126299 , 219.83852918],
         [300.83573141, 219.04556355],
         [293.30255795, 188.51638689],
         [304.80055955, 176.22541966],
         [295.68145484, 157.98721023],
         [276.25379696, 163.14148681],
         [259.60151878, 184.15507594],
         [273.47841727, 226.1822542 ],
         [247.31055156, 242.04156675],
         [265.54876099, 243.627498  ],
         [236.20903277, 261.07274181],
         [212.02358114, 254.33253397],
         [212.42006395, 233.31894484],
         [227.88289369, 230.94004796],
         [233.43365308, 219.44204636],
         [219.5567546 , 203.58273381],
         [235.01958433, 199.22142286],
         [229.86530775, 184.55155875],
         [237.79496403, 163.93445244],
         [256.42965627, 160.76258993],
         [281.01159073, 129.44044764],
         [297.26738609, 129.83693046],
         [272.68545164, 122.30375699],
         [289.73421263, 101.68665068],
         [310.74780176, 110.01278977],
         [317.48800959,  95.73940847],
         [294.49200639,  94.54996003],
         [277.83972822,  96.5323741 ],
         [244.93165468, 101.68665068],
         [242.94924061,  81.06954436],
         [ 15.36810552,  32.30215827],
         [ 12.98920863,  51.72981615],
         [ 34.00279776,  35.47402078],
         [ 51.05155875,  34.68105516],
         [ 45.10431655,  67.5891287 ],
         [ 24.88369305,  70.36450839],
         [  8.62789768,  89.39568345],
         [ 15.76458833,  77.50119904],
         [ 43.91486811,  90.18864908],
         [ 36.77817746, 100.89368505],
         [ 62.94604317,  71.15747402],
         [ 68.89328537,  99.70423661],
         [ 79.59832134, 113.97761791],
         [ 55.01638689, 137.37010392],
         [ 41.13948841, 132.21582734],
         [ 72.4616307 , 137.37010392],
         [ 24.88369305, 131.0263789 ],
         [  7.83493205, 120.32134293],
         [ 11.40327738, 157.59072742],
         [ 84.35611511,  81.86250999],
         [ 76.82294165,  62.43485212],
         [ 78.80535572,  48.95443645],
         [ 91.09632294,  45.78257394],
         [111.31694644,  42.61071143],
         [103.78377298,  30.71622702],
         [ 73.65107914,  37.45643485],
         [132.33053557,  45.38609113],
         [139.46722622,  62.0383693 ],
         [159.68784972,  47.3685052 ],
         [150.17226219,  35.07753797],
         [167.22102318,  29.92326139],
         [179.11550759,  58.47002398],
         [173.5647482 ,  73.5363709 ],
         [171.58233413,  87.01678657],
         [176.3401279 ,  96.13589129],
         [149.37929656,  82.25899281],
         [127.17625899,  94.54996003],
         [102.59432454,  85.0343725 ],
         [106.95563549,  69.57154277],
         [132.33053557, 107.63389289],
         [123.21143086, 112.78816946],
         [111.31694644, 116.7529976 ],
         [129.15867306, 127.45803357],
         [145.81095124, 117.94244604],
         [152.94764189, 106.44444444],
         [166.42805755, 114.37410072],
         [212.02358114,  93.7569944 ],
         [194.18185452,  84.24140687],
         [219.5567546 ,  74.32933653],
         [208.45523581,  65.21023181],
         [238.98441247,  58.86650679],
         [212.81654676,  44.19664269],
         [229.46882494,  41.02478018],
         [197.75019984,  32.69864109],
         [183.47681855,  33.88808953],
         [213.60951239,  30.3197442 ],
         [297.6638689 ,  32.30215827],
         [263.56634692,  39.83533173],
         [271.89248601,  35.07753797],
         [250.08593125,  31.90567546],
         [218.36730616, 110.40927258],
         [192.59592326, 115.56354916],
         [212.81654676, 126.66506795],
         [215.19544365, 138.95603517],
         [229.86530775, 153.22941647],
         [220.34972022, 160.76258993],
         [198.93964828, 163.93445244],
         [177.52957634, 135.78417266],
         [169.99640288, 140.14548361],
         [163.25619504, 128.64748201],
         [158.10191847, 146.48920863],
         [145.81095124, 131.42286171],
         [173.16826539, 120.32134293],
         [ 99.42246203, 131.0263789 ],
         [111.71342926, 130.62989608],
         [ 93.87170264, 147.67865707],
         [ 49.06914468, 179.79376499],
         [ 32.41686651, 193.67066347],
         [ 16.95403677, 216.66666667],
         [ 10.21382894, 258.69384492],
         [ 11.40327738, 236.88729017],
         [ 46.29376499, 238.07673861],
         [ 28.05555556, 252.3501199 ],
         [ 49.86211031, 253.53956835],
         [ 69.28976819, 229.35411671],
         [ 49.86211031, 215.87370104],
         [ 76.82294165, 197.63549161],
         [ 91.09632294, 226.57873701],
         [ 93.87170264, 246.79936051],
         [112.10991207, 251.55715428],
         [125.98681055, 251.16067146],
         [138.27777778, 240.45563549],
         [142.24260592, 265.83053557],
         [118.8501199 , 232.92246203],
         [137.48481215, 215.47721823],
         [149.37929656, 191.6882494 ],
         [157.30895284, 182.17266187],
         [131.14108713, 190.49880096],
         [110.92046363, 169.88169464],
         [126.77977618, 177.81135092],
         [ 98.6294964 , 188.51638689],
         [176.3401279 , 238.86970424],
         [168.01398881, 256.71143086],
         [188.23461231, 261.46922462],
         [191.00999201, 220.6314948 ],
         [176.3401279 , 202.39328537],
         [189.42406075, 188.9128697 ],
         [177.52957634, 194.4636291 ],
         [194.18185452, 177.41486811],
         [206.47282174, 175.03597122],
         [181.09792166, 152.03996803],
         [ 55.80935252,  50.93685052],
         [198.54316547,  51.33333333],
         [384.89008793, 103.27258193],
         [ 72.06514788, 160.76258993],
         [ 80.39128697, 173.05355715],
         [ 60.56714628, 169.08872902],
         [ 41.53597122, 166.31334932],
         [ 27.65907274, 156.40127898],
         [ 51.84452438, 152.43645084],
         [ 46.6902478 , 101.29016787],
         [ 12.98920863, 177.81135092],
         [263.36513487, -68.16583417],
         [443.72877123, 171.65834166],
         [454.62987013, 215.26273726],
         [481.38711289, 234.58741259],
         [465.03546454, 218.23576424],
         [482.87362637, 220.71328671],
         [474.45004995, 206.83916084],
         [491.2972028 , 195.44255744],
         [480.89160839, 172.15384615],
         [459.58491508, 187.51448551],
         [486.34215784,  98.32367632],
         [474.94555445,  69.58441558],
         [469.495005  ,  80.98101898],
         [445.71078921,  76.52147852],
         [446.20629371,  26.97102897],
         [455.62087912,  26.97102897],
         [465.03546454,   7.15084915],
         [455.62087912,  15.57442557],
         [437.78271728,  15.57442557],
         [413.502997  ,  23.998002  ],
         [424.8996004 ,  22.51148851],
         [418.45804196,  11.61038961],
         [439.26923077,   5.16883117],
         [477.91858142,  18.05194805],
         [ 40.38811189,  12.10589411],
         [ 67.14535465,   3.68231768],
         [151.38111888,  22.01598402],
         [163.27322677,   8.14185814],
         [186.06643357,   5.16883117],
         [197.95854146,   5.16883117],
         [218.76973027,   5.16883117],
         [227.68881119,   4.17782218],
         [218.27422577,  23.5024975 ],
         [232.64385614,  18.05194805],
         [257.41908092,  15.07892108],
         [314.8976024 ,   9.13286713],
         [345.61888112,  11.11488511],
         [359.98851149,  11.61038961],
         [389.22327672,  13.59240759],
         [321.33916084,  32.42157842],
         [350.57392607,  25.48451548],
         [461.56693307,  53.72827173],
         [496.25224775,  51.25074925],
         [480.89160839,  50.75524476],
         [268.81568432, 151.34265734],
         [135.52497502,  15.57442557],
         [ 66.64985015, 248.95704296],
         [255.93256743, 139.94605395],
         [248.5       , 110.71128871],
         [467.01748252, 131.02697303],
         [481.88261738, 132.01798202],
         [486.34215784, 113.18881119],
         [413.9985015 , 152.33366633],
         [291.11338661,  19.53846154],
         [119.66883117, 208.82117882],
         [457.6028971 , 239.54245754],
         [170.70579421,  16.56543457],
         [393.68281718, 163.23476523],
         [456.61188811,  90.89110889],
         [ 61.1993007 ,  27.96203796]]), array([[273]], dtype=uint16))]]
