[[(array([[  8.31329114,  12.22310127],
         [  7.55696203,  38.69462025],
         [ 31.00316456,  43.98892405],
         [ 40.83544304,  68.94778481],
         [ 72.60126582,  22.81170886],
         [100.58544304,   6.92879747],
         [105.12341772,  34.15664557],
         [134.62025316,  17.51740506],
         [197.39556962,  22.81170886],
         [276.05379747,   7.68512658],
         [329.75316456,  15.24841772],
         [355.46835443,  28.86234177],
         [302.52531646,  65.16613924],
         [285.88607595,  42.47626582],
         [245.80063291,  47.01424051],
         [226.13607595,  60.62816456],
         [183.02531646,  47.01424051],
         [138.40189873,  59.87183544],
         [115.71202532,  55.33386076],
         [ 79.40822785,  81.04905063],
         [  7.55696203, 102.22626582],
         [ 15.12025316, 127.9414557 ],
         [ 10.58227848, 177.1028481 ],
         [ 26.46518987, 252.73575949],
         [ 39.32278481, 377.53006329],
         [146.72151899, 349.54588608],
         [ 90.75316456, 317.02373418],
         [ 89.99683544, 251.22310127],
         [ 95.29113924, 196.76740506],
         [ 79.40822785, 137.01740506],
         [107.39240506, 126.42879747],
         [126.30063291, 109.03322785],
         [154.28481013, 126.42879747],
         [263.19620253, 329.88132911],
         [199.66455696, 296.6028481 ],
         [292.69303797, 250.46677215],
         [167.14240506, 183.15348101],
         [242.01898734, 179.37183544],
         [234.4556962 , 133.23575949],
         [285.88607595, 112.0585443 ],
         [301.76898734, 164.24525316],
         [355.46835443, 222.48259494],
         [330.50949367, 131.72310127],
         [335.80379747,  82.56170886],
         [260.92721519,  87.09968354],
         [189.07594937,  80.29272152],
         [205.71518987, 110.54588608],
         [194.37025316, 233.07120253],
         [232.76215506,   4.58278581],
         [439.42088608, 234.58386076]]), array([[50]], dtype=uint8))]]
