[[(array([[139.01338661, 407.06533467],
         [168.67972028, 391.72067932],
         [189.13926074, 384.55984016],
         [258.7016983 , 425.47892108],
         [216.75964036, 290.44595405],
         [189.13926074, 274.07832168],
         [146.17422577, 245.43496503],
         [150.26613387, 158.48191808],
         [140.03636364, 139.04535465],
         [250.51788212, 276.12427572],
         [258.7016983 , 184.05634366],
         [328.26413586, 282.26213786],
         [345.65474525, 360.00839161],
         [382.48191808, 433.66273726],
         [436.6997003 , 382.51388611],
         [420.33206793, 328.2961039 ],
         [381.45894106, 265.89450549],
         [344.63176823, 245.43496503],
         [340.53986014, 182.01038961],
         [416.24015984, 165.64275724],
         [496.03236763, 164.61978022],
         [454.09030969, 302.72167832],
         [459.20519481, 282.26213786],
         [521.60679321, 326.25014985],
         [580.93946054, 351.82457542],
         [604.46793207, 364.1002997 ],
         [586.05434565, 477.65074925],
         [569.68671329, 490.94945055],
         [696.53586414, 497.08731269],
         [733.36303696, 334.43396603],
         [738.47792208, 257.71068931],
         [595.26113886, 286.35404595],
         [491.94045954, 126.76963037],
         [459.20519481, 125.74665335],
         [382.48191808, 101.1952048 ],
         [278.13826174,  84.82757243],
         [475.57282717,  85.85054945],
         [527.74465534,  81.75864136],
         [514.44595405, 101.1952048 ]]), array([[39]], dtype=uint8))]]
