[[(array([[ 12.61111111, 238.32777778],
         [ 36.34444444, 242.61296296],
         [ 99.63333333, 247.88703704],
         [120.4       , 252.17222222],
         [130.61851852, 245.25      ],
         [144.46296296, 240.96481481],
         [168.1962963 , 241.62407407],
         [196.54444444, 242.94259259],
         [224.89259259, 243.93148148],
         [239.72592593, 240.63518519],
         [268.07407407, 241.62407407],
         [284.88518519, 241.9537037 ],
         [304.0037037 , 242.61296296],
         [333.34074074, 237.99814815],
         [376.52222222, 244.26111111],
         [358.72222222, 247.88703704],
         [398.93703704, 221.51666667],
         [341.91111111, 216.57222222],
         [317.51851852, 211.29814815],
         [288.84074074, 213.93518519],
         [273.34814815, 210.96851852],
         [248.2962963 , 212.28703704],
         [208.74074074, 215.58333333],
         [187.64444444, 213.93518519],
         [160.28518519, 210.63888889],
         [116.77407407, 210.30925926],
         [ 80.84444444, 216.57222222],
         [ 57.11111111, 217.23148148],
         [ 17.88518519, 222.17592593],
         [  4.37037037, 187.56481481],
         [ 40.95925926, 186.2462963 ],
         [ 68.97777778, 191.19074074],
         [ 82.82222222, 192.50925926],
         [105.23703704, 181.63148148],
         [130.61851852, 184.92777778],
         [151.38518519, 182.62037037],
         [180.72222222, 185.25740741],
         [203.46666667, 193.16851852],
         [223.9037037 , 183.27962963],
         [252.25185185, 186.2462963 ],
         [333.34074074, 183.93888889],
         [365.97407407, 188.22407407],
         [383.44444444, 186.57592593],
         [380.47777778, 165.80925926],
         [357.07407407, 166.79814815],
         [326.41851852, 160.20555556],
         [303.34444444, 161.19444444],
         [278.62222222, 163.50185185],
         [253.9       , 158.55740741],
         [229.83703704, 162.84259259],
         [194.8962963 , 160.86481481],
         [174.45925926, 164.49074074],
         [162.26296296, 164.82037037],
         [138.52962963, 160.53518519],
         [112.81851852, 161.52407407],
         [ 86.77777778, 153.61296296],
         [ 72.93333333, 158.88703704],
         [ 50.18888889, 153.61296296],
         [ 25.7962963 , 155.92037037],
         [ 25.13703704, 134.16481481],
         [ 48.87037037, 132.18703704],
         [ 69.63703704, 133.17592593],
         [ 91.39259259, 136.80185185],
         [115.78518519, 137.13148148],
         [134.9037037 , 138.45      ],
         [148.08888889, 139.10925926],
         [183.68888889, 150.6462963 ],
         [166.87777778, 149.98703704],
         [213.35555556, 136.80185185],
         [221.5962963 , 139.10925926],
         [244.34074074, 113.39814815],
         [224.56296296, 118.01296296],
         [303.01481481, 114.71666667],
         [323.12222222, 113.39814815],
         [339.6037037 , 114.71666667],
         [361.02962963, 119.66111111],
         [363.33703704, 138.45      ],
         [379.81851852, 138.45      ],
         [397.28888889, 121.96851852],
         [373.55555556, 102.19074074],
         [385.42222222, 103.50925926],
         [346.52592593,  99.88333333],
         [328.3962963 ,  97.57592593],
         [317.18888889,  97.2462963 ],
         [300.04814815,  82.41296296],
         [275.98518519, 105.48703704],
         [257.85555556,  96.91666667],
         [200.82962963, 112.73888889],
         [174.12962963, 112.73888889],
         [148.41851852, 109.11296296],
         [125.67407407, 108.78333333],
         [115.78518519, 110.76111111],
         [ 95.34814815, 117.3537037 ],
         [ 74.25185185,  90.32407407],
         [ 38.65185185, 114.38703704],
         [ 21.51111111, 106.1462963 ],
         [  7.9962963 ,  67.25      ],
         [ 25.46666667,  77.46851852],
         [ 37.0037037 ,  77.79814815],
         [ 55.79259259,  75.49074074],
         [ 75.24074074,  72.19444444],
         [ 92.71111111,  82.41296296],
         [100.62222222,  91.31296296],
         [119.74074074,  74.17222222],
         [124.02592593,  95.26851852],
         [138.52962963,  93.62037037],
         [156.32962963,  96.25740741],
         [170.5037037 ,  84.06111111],
         [184.34814815,  92.63148148],
         [187.31481481,  79.11666667],
         [202.80740741,  85.05      ],
         [204.12592593, 100.54259259],
         [214.67407407,  99.22407407],
         [240.38518519, 101.20185185],
         [235.11111111,  84.39074074],
         [246.31851852,  83.07222222],
         [259.83333333,  84.06111111],
         [274.9962963 ,  79.4462963 ],
         [320.81481481,  63.9537037 ],
         [298.4       ,  50.43888889],
         [143.8037037 ,  81.09444444],
         [132.5962963 ,  74.17222222],
         [ 14.91851852,  59.66851852],
         [ 33.37777778,  59.33888889],
         [ 54.47407407,  52.7462963 ],
         [ 31.72962963,  47.14259259],
         [ 40.95925926,  37.91296296],
         [ 34.6962963 ,   8.2462963 ],
         [ 14.91851852,   6.92777778],
         [ 16.56666667,  34.61666667],
         [ 69.63703704,   4.95      ],
         [ 85.45925926,  26.0462963 ],
         [ 79.1962963 ,  38.57222222],
         [ 87.10740741,  53.40555556],
         [ 91.72222222,  66.26111111],
         [ 89.41481481,   4.95      ],
         [110.51111111,  19.12407407],
         [107.54444444,  28.02407407],
         [114.13703704,  40.22037037],
         [131.60740741,  28.68333333],
         [131.27777778,  56.04259259],
         [112.81851852,  56.70185185],
         [103.91851852,  62.96481481],
         [164.57037037,  64.94259259],
         [142.15555556,  12.86111111],
         [143.8037037 ,   2.31296296],
         [155.01111111,   7.25740741],
         [159.95555556,  17.47592593],
         [156.        ,  32.96851852],
         [154.68148148,  44.50555556],
         [137.54074074,  43.18703704],
         [154.35185185,  62.96481481],
         [185.33703704, 137.13148148],
         [172.81111111,  16.48703704],
         [172.48148148,   3.96111111],
         [173.47037037,  31.97962963],
         [183.02962963,  55.38333333],
         [174.45925926,  62.30555556],
         [195.88518519,  60.32777778],
         [196.21481481,  45.49444444],
         [186.98518519,  32.96851852],
         [188.96296296,   2.97222222],
         [195.88518519,  16.81666667],
         [210.05925926,  18.79444444],
         [202.47777778,  27.69444444],
         [212.36666667,  45.82407407],
         [228.18888889,  44.83518519],
         [233.79259259,  33.29814815],
         [304.99259259, 178.66481481],
         [374.87407407,  67.25      ],
         [365.97407407,  70.5462963 ],
         [380.14814815,  88.67592593],
         [396.95925926,  87.68703704],
         [388.05925926,  64.28333333],
         [346.1962963 ,  80.10555556],
         [335.31851852,  59.33888889],
         [345.53703704,  33.95740741],
         [358.72222222,  18.79444444],
         [366.96296296,  16.15740741],
         [377.84074074,   7.91666667],
         [376.52222222,  18.13518519],
         [388.71851852,  35.27592593],
         [398.27777778,  29.34259259],
         [396.95925926,  21.43148148],
         [337.62592593,  22.75      ],
         [317.18888889,   8.57592593],
         [306.97037037,   9.89444444],
         [293.78518519,  21.76111111],
         [281.58888889,  21.43148148],
         [294.11481481,  34.9462963 ],
         [272.35925926,  45.49444444],
         [259.83333333,  59.00925926],
         [229.50740741,  18.79444444],
         [258.18518519,  31.65      ],
         [259.5037037 ,  49.45      ],
         [242.03333333,  47.80185185],
         [228.51851852,  64.94259259],
         [214.67407407,  68.23888889],
         [207.42222222,  60.32777778],
         [264.44814815,  21.76111111],
         [249.28518519,   7.58703704],
         [260.82222222,  10.22407407],
         [277.63333333,   7.91666667],
         [289.82962963,   9.56481481],
         [242.03333333,  22.42037037],
         [323.45185185,  36.92407407],
         [323.45185185,  20.77222222],
         [180.06296296,  43.8462963 ],
         [215.66296296,  81.42407407],
         [247.30740741,  69.22777778],
         [282.24814815,  63.29444444],
         [371.57777778,  54.72407407],
         [384.76296296,  53.73518519],
         [398.27777778,  62.63518519],
         [368.61111111,  34.9462963 ],
         [331.69259259,  40.87962963],
         [307.95925926,  39.89074074],
         [ 57.44074074,  39.89074074],
         [128.97037037,  13.19074074],
         [251.92222222,  22.75      ],
         [349.82222222,   2.31296296],
         [333.34074074,  10.22407407],
         [237.41851852,   5.60925926],
         [219.61851852,   4.95      ],
         [353.11851852,  51.75740741],
         [356.74444444,  84.39074074],
         [  7.33703704, 160.86481481],
         [ 83.48148148, 244.59074074],
         [140.95954046, 195.53846154],
         [116.18431568,  52.88111888],
         [ 95.8046953 ,  50.88311688],
         [398.7017982 ,  51.68231768],
         [270.43006993,  66.46753247],
         [224.47602398,  55.67832168],
         [217.28321678,  56.87712288],
         [204.8956044 ,   1.73226773],
         [143.75674326, 119.61438561],
         [331.96853147,  47.68631369]]), array([[238]], dtype=uint8))]]
