[[(array([[   8.68956044,  510.07617383],
         [  13.80444555,  565.82842158],
         [   6.64360639,  550.99525475],
         [  32.21803197,  544.85739261],
         [  54.72352647,  518.25999001],
         [  23.52272727,  487.57067932],
         [  35.79845155,  487.05919081],
         [  55.7465035 ,  475.80644356],
         [  35.79845155,  461.99625375],
         [  23.52272727,  465.06518482],
         [   6.64360639,  455.3469031 ],
         [   8.68956044,  450.23201798],
         [  12.26998002,  441.02522478],
         [  35.79845155,  444.09415584],
         [   8.68956044,  425.68056943],
         [  14.31593407,  418.51973027],
         [   4.08616384,  436.42182817],
         [  37.84440559,  422.10014985],
         [  27.61463536,  426.70354645],
         [  78.76348651,  503.42682318],
         [  77.74050949,  540.253996  ],
         [ 109.96428571,  602.65559441],
         [ 110.98726274,  580.1500999 ],
         [ 112.52172827,  556.11013986],
         [ 123.77447552,  536.67357642],
         [  78.76348651,  467.62262737],
         [  94.10814186,  464.04220779],
         [  69.55669331,  436.42182817],
         [  54.72352647,  422.10014985],
         [  69.42882118,  421.07717283],
         [  59.71053946,  408.28996004],
         [  63.5467033 ,  399.33891109],
         [  43.08716284,  410.59165834],
         [  88.99325674,  439.49075924],
         [  82.85539461,  432.84140859],
         [  98.71153846,  444.60564436],
         [  99.22302697,  435.39885115],
         [  90.01623377,  425.16908092],
         [ 102.29195804,  422.61163836],
         [  91.5506993 ,  412.38186813],
         [ 109.96428571,  427.72652348],
         [ 122.24000999,  444.60564436],
         [ 118.1481019 ,  460.46178821],
         [ 123.26298701,  470.18006993],
         [ 137.07317682,  460.46178821],
         [  98.20004995,  481.43281718],
         [ 107.40684316,  532.58166833],
         [ 139.63061938,  511.61063936],
         [ 154.97527473,  554.06418581],
         [ 187.71053946,  519.28296703],
         [ 188.73351648,  478.87537463],
         [ 184.13011988,  468.6456044 ],
         [ 196.40584416,  465.06518482],
         [ 145.25699301,  472.73751249],
         [ 149.3489011 ,  452.27797203],
         [ 122.7514985 ,  431.30694306],
         [ 123.77447552,  420.56568432],
         [ 130.93531469,  423.12312687],
         [ 115.07917083,  415.96228771],
         [ 142.69955045,  419.54270729],
         [ 136.56168831,  430.28396603],
         [ 158.55569431,  453.30094905],
         [ 174.41183816,  443.58266733],
         [ 152.41783217,  444.09415584],
         [ 172.36588412,  424.1461039 ],
         [ 167.76248751,  411.35889111],
         [ 154.97527473,  422.61163836],
         [ 150.88336663,  416.47377622],
         [ 157.53271728,  408.80144855],
         [ 131.4468032 ,  412.89335664],
         [ 138.60764236,  409.82442557],
         [ 135.02722278,  407.77847153],
         [ 127.86638362,  405.22102897],
         [ 102.80344655,  408.80144855],
         [ 208.17007992,  529.51273726],
         [ 213.28496503,  556.62162837],
         [ 191.29095904,  589.35689311],
         [ 276.70954046,  579.63861139],
         [ 266.99125874,  547.92632368],
         [ 235.27897103,  556.62162837],
         [ 314.0482018 ,  551.50674326],
         [ 297.16908092,  537.18506494],
         [ 308.93331668,  515.19105894],
         [ 294.10014985,  500.35789211],
         [ 253.18106893,  484.50174825],
         [ 237.83641359,  473.249001  ],
         [ 216.3538961 ,  478.87537463],
         [ 220.95729271,  472.22602398],
         [ 236.81343656,  464.5536963 ],
         [ 219.93431568,  448.18606394],
         [ 192.31393606,  444.86138861],
         [ 214.30794206,  425.93631369],
         [ 206.37987013,  423.12312687],
         [ 180.5497003 ,  411.35889111],
         [ 207.91433566,  441.02522478],
         [ 201.26498501,  416.72952048],
         [ 226.58366633,  438.21203796],
         [ 232.97727273,  446.14010989],
         [ 251.39085914,  467.62262737],
         [ 259.06318681,  470.9473027 ],
         [ 258.5516983 ,  447.16308691],
         [ 250.36788212,  444.09415584],
         [ 243.71853147,  441.53671329],
         [ 234.76748252,  424.1461039 ],
         [ 225.30494505,  409.05719281],
         [ 226.07217782,  422.10014985],
         [ 232.21003996,  407.77847153],
         [ 250.62362637,  422.61163836],
         [ 259.31893107,  431.0511988 ],
         [ 269.03721279,  424.91333666],
         [ 275.17507493,  449.46478521],
         [ 283.35889111,  439.7465035 ],
         [ 283.10314685,  447.67457542],
         [ 297.16908092,  487.31493506],
         [ 296.65759241,  469.41283716],
         [ 289.7524975 ,  468.13411588],
         [ 298.19205794,  457.13711289],
         [ 289.49675325,  452.53371628],
         [ 291.28696304,  432.84140859],
         [ 281.05719281,  428.49375624],
         [ 286.42782218,  424.65759241],
         [ 248.57767233,  408.80144855],
         [ 287.4507992 ,  415.4507992 ],
         [ 305.3528971 ,  422.10014985],
         [ 309.70054945,  476.06218781],
         [ 318.14010989,  462.251998  ],
         [ 304.58566434,  447.67457542],
         [ 317.11713287,  449.97627373],
         [ 339.11113886,  447.67457542],
         [ 313.28096903,  495.7544955 ],
         [ 344.22602398,  528.48976024],
         [ 209.70454545,  616.46578422],
         [ 288.98526474,  615.9542957 ],
         [ 348.31793207,  606.23601399],
         [ 382.58766234,  554.06418581],
         [ 398.95529471,  533.60464535],
         [ 376.4498002 ,  519.79445554],
         [ 379.51873127,  503.93831169],
         [ 348.82942058,  515.70254745],
         [ 351.89835165,  502.40384615],
         [ 387.70254745,  497.80044955],
         [ 405.09315684,  517.23701299],
         [ 415.32292707,  524.90934066],
         [ 438.8513986 ,  559.17907093],
         [ 399.46678322,  596.00624376],
         [ 469.54070929,  599.58666334],
         [ 411.23101898,  621.06918082],
         [ 488.97727273,  568.89735265],
         [ 466.47177822,  546.90334665],
         [ 443.4547952 ,  539.23101898],
         [ 484.88536464,  520.81743257],
         [ 417.36888112,  496.77747253],
         [ 429.64460539,  482.96728272],
         [ 270.31593407,  405.73251748],
         [ 364.42982018,  447.67457542],
         [ 390.00424575,  475.29495504],
         [ 457.00924076,  501.89235764],
         [ 447.29095904,  505.47277722],
         [ 458.03221778,  482.96728272],
         [ 453.42882118,  457.39285714],
         [ 438.08416583,  454.32392607],
         [ 415.06718282,  411.87037962],
         [ 441.1530969 ,  429.77247752],
         [ 433.99225774,  427.21503497],
         [ 432.45779221,  422.10014985],
         [ 472.86538462,  440.51373626],
         [ 458.54370629,  445.62862138],
         [ 461.10114885,  428.7495005 ],
         [ 473.37687313,  427.72652348],
         [ 475.93431568,  479.89835165],
         [ 474.91133866,  469.66858142],
         [ 478.49175824,  457.90434565],
         [ 484.11813187,  457.90434565],
         [ 490.25599401,  449.20904096],
         [ 487.18706294,  431.30694306],
         [ 502.02022977,  431.81843157],
         [ 501.50874126,  471.71453546],
         [ 504.06618382,  458.92732268],
         [ 489.74450549,  457.39285714],
         [ 512.25      ,  461.99625375],
         [ 498.43981019,  501.38086913],
         [ 488.21003996,  498.82342657],
         [ 524.52572428,  498.31193806],
         [ 511.73851149,  545.88036963],
         [ 512.76148851,  528.48976024],
         [ 525.5487013 ,  538.71953047],
         [ 539.35889111,  533.60464535],
         [ 549.07717283,  527.97827173],
         [ 523.50274725,  566.33991009],
         [ 539.35889111,  582.70754246],
         [ 542.42782218,  559.17907093],
         [ 591.53071928,  542.29995005],
         [ 622.73151848,  582.70754246],
         [ 621.70854146,  602.14410589],
         [ 638.07617383,  572.98926074],
         [ 621.19705295,  535.13911089],
         [ 565.95629371,  504.96128871],
         [ 536.28996004,  487.57067932],
         [ 559.30694306,  485.52472527],
         [ 518.38786214,  465.06518482],
         [ 526.57167832,  457.39285714],
         [ 553.16908092,  458.41583417],
         [ 577.72052947,  464.04220779],
         [ 559.81843157,  447.67457542],
         [ 545.49675325,  448.18606394],
         [ 537.31293706,  444.60564436],
         [ 544.98526474,  429.26098901],
         [ 537.82442557,  428.7495005 ],
         [ 568.00224775,  431.81843157],
         [ 558.28396603,  469.15709291],
         [ 585.90434565,  483.99025974],
         [ 630.91533467,  486.5477023 ],
         [ 611.47877123,  480.92132867],
         [ 617.10514486,  460.97327672],
         [ 624.77747253,  451.254995  ],
         [ 635.00724276,  443.07117882],
         [ 584.88136863,  434.37587413],
         [ 550.10014985,  423.63461538],
         [ 550.10014985,  415.4507992 ],
         [ 648.81743257,  465.06518482],
         [ 659.55869131,  456.88136863],
         [ 653.93231768,  443.07117882],
         [ 639.09915085,  431.30694306],
         [ 596.38986014,  450.99925075],
         [ 585.6486014 ,  454.83541459],
         [ 624.52172827,  430.79545455],
         [ 674.39185814,  430.79545455],
         [ 663.39485514,  432.58566434],
         [ 653.93231768,  418.51973027],
         [ 638.58766234,  504.70554446],
         [ 651.11913087,  504.70554446],
         [ 650.86338661,  529.51273726],
         [ 670.29995005,  510.58766234],
         [ 675.92632368,  501.38086913],
         [ 678.73951049,  465.57667333],
         [ 692.29395604,  460.20604396],
         [ 693.82842158,  454.06818182],
         [ 688.71353646,  425.93631369],
         [ 687.43481518,  420.82142857],
         [ 625.03321678,  423.12312687],
         [ 687.17907093,  616.46578422],
         [ 673.88036963,  582.70754246],
         [ 658.53571429,  554.06418581],
         [ 602.27197802,  558.15609391],
         [ 703.5467033 ,  581.68456543],
         [ 734.23601399,  563.27097902],
         [ 753.67257742,  559.17907093],
         [ 741.39685315,  530.53571429],
         [ 700.47777223,  539.74250749],
         [ 699.4547952 ,  503.93831169],
         [ 720.93731269,  497.80044955],
         [ 767.99425574,  623.11513487],
         [ 781.29295704,  594.47177822],
         [ 767.99425574,  579.63861139],
         [ 771.57467532,  549.97227772],
         [ 707.12712288,  535.13911089],
         [ 741.39685315,  510.58766234],
         [ 756.23001998,  498.82342657],
         [ 746.51173826,  491.66258741],
         [ 727.58666334,  491.66258741],
         [ 707.63861139,  489.10514486],
         [ 708.66158841,  470.69155844],
         [ 715.82242757,  465.57667333],
         [ 724.51773227,  467.62262737],
         [ 729.63261738,  475.29495504],
         [ 737.81643357,  463.01923077],
         [ 721.4488012 ,  452.78946054],
         [ 711.73051948,  453.30094905],
         [ 700.47777223,  446.14010989],
         [ 755.20704296,  470.69155844],
         [ 783.8503996 ,  510.58766234],
         [ 792.03421578,  501.89235764],
         [ 792.03421578,  478.87537463],
         [ 780.78146853,  471.71453546],
         [ 799.19505495,  473.76048951],
         [ 822.21203796,  514.16808192],
         [ 819.6545954 ,  531.0472028 ],
         [ 811.47077922,  547.41483516],
         [ 823.7465035 ,  621.06918082],
         [ 844.71753247,  596.00624376],
         [ 843.18306693,  562.248002  ],
         [ 868.75749251,  568.89735265],
         [ 866.20004995,  589.86838162],
         [ 884.61363636,  607.77047952],
         [ 929.11313686,  628.23001998],
         [ 907.63061938,  584.7534965 ],
         [ 936.78546454,  584.7534965 ],
         [ 957.75649351,  596.51773227],
         [ 972.58966034,  611.86238761],
         [ 975.1471029 ,  578.10414585],
         [ 945.99225774,  536.16208791],
         [ 899.4468032 ,  556.62162837],
         [ 862.10814186,  541.78846154],
         [ 833.46478521,  512.63361638],
         [ 820.16608392,  504.4498002 ],
         [ 820.16608392,  495.7544955 ],
         [ 838.57967033,  494.22002997],
         [ 846.76348651,  459.43881119],
         [ 811.47077922,  450.23201798],
         [ 791.52272727,  457.90434565],
         [ 711.21903097,  431.0511988 ],
         [ 720.42582418,  432.32992008],
         [ 734.7475025 ,  433.86438561],
         [ 725.79645355,  416.72952048],
         [ 715.56668332,  418.51973027],
         [ 759.04320679,  461.74050949],
         [ 748.30194805,  435.14310689],
         [ 747.79045954,  419.54270729],
         [ 737.0492008 ,  426.4478022 ],
         [ 758.78746254,  418.77547453],
         [ 762.87937063,  419.03121878],
         [ 754.18406593,  420.0541958 ],
         [ 708.66158841,  418.26398601],
         [ 787.17507493,  434.88736264],
         [ 994.83941059,  640.50574426],
         [1011.20704296,  633.34490509],
         [1009.67257742,  608.79345654],
         [1022.45979021,  580.66158841],
         [1018.36788212,  557.13311688],
         [ 977.96028971,  546.39185814],
         [ 982.56368631,  529.51273726],
         [1005.58066933,  514.67957043],
         [ 976.93731269,  512.63361638],
         [ 911.97827173,  512.12212787],
         [ 901.23701299,  531.55869131],
         [ 862.87537463,  509.0531968 ],
         [ 844.46178821,  510.07617383],
         [ 862.87537463,  481.94430569],
         [ 876.68556444,  499.33491508],
         [ 898.67957043,  486.03621379],
         [ 895.61063936,  472.73751249],
         [ 905.84040959,  469.66858142],
         [ 897.65659341,  456.36988012],
         [ 874.12812188,  457.39285714],
         [ 838.32392607,  436.93331668],
         [ 833.20904096,  433.86438561],
         [ 924.253996  ,  467.11113886],
         [ 953.92032967,  456.36988012],
         [ 944.71353646,  453.30094905],
         [ 922.20804196,  498.31193806],
         [ 908.39785215,  498.82342657],
         [ 941.13311688,  508.54170829],
         [ 943.17907093,  499.33491508],
         [ 959.5467033 ,  494.73151848],
         [ 954.94330669,  474.27197802],
         [ 976.42582418,  490.63961039],
         [ 993.81643357,  493.19705295],
         [1005.58066933,  498.31193806],
         [1018.36788212,  511.09915085],
         [1017.34490509,  539.74250749],
         [ 989.59665335,  455.85839161],
         [ 971.9502997 ,  456.11413586],
         [ 965.55669331,  461.22902098],
         [ 956.60564436,  441.02522478],
         [ 965.30094905,  438.21203796],
         [ 955.07117882,  432.84140859],
         [ 935.37887113,  434.88736264],
         [ 908.52572428,  437.70054945],
         [ 917.73251748,  438.97927073],
         [ 914.40784216,  426.19205794],
         [ 891.90234765,  444.60564436],
         [ 875.79045954,  442.30394605],
         [ 877.58066933,  451.76648352],
         [ 879.88236763,  424.40184815],
         [ 868.37387612,  423.63461538],
         [ 858.91133866,  424.1461039 ],
         [ 844.07817183,  420.56568432],
         [ 811.34290709,  420.0541958 ],
         [ 829.245005  ,  486.80344655],
         [ 844.8454046 ,  489.61663337],
         [ 899.06318681,  518.00424575],
         [ 971.9502997 ,  434.12012987],
         [ 979.11113886,  426.4478022 ],
         [ 983.45879121,  424.91333666],
         [ 989.59665335,  427.21503497],
         [ 993.43281718,  426.95929071],
         [ 977.06518482,  434.88736264],
         [ 938.4478022 ,  428.49375624],
         [ 994.96728272,  438.21203796],
         [ 988.31793207,  432.84140859],
         [1002.38386613,  432.84140859],
         [1011.07917083,  426.95929071],
         [1020.28596404,  428.49375624],
         [1019.00724276,  437.18906094],
         [1011.8464036 ,  437.70054945],
         [  28.38186813,  649.20104895],
         [  83.62262737,  634.87937063],
         [ 145.00124875,  634.87937063],
         [ 513.27297702,  641.01723277],
         [ 587.9502997 ,  705.46478521],
         [ 613.52472527,  620.55769231],
         [ 566.46778222,  615.44280719],
         [ 963.38286713,  667.61463536],
         [ 518.95157068,  -28.56675393],
         [ 487.45418848,  413.73691099],
         [ 482.09293194,  412.39659686],
         [ 488.79450262,  422.44895288],
         [ 494.15575916,  423.11910995],
         [ 504.20811518,  421.77879581],
         [ 506.88874346,  416.41753927],
         [ 516.94109948,  422.44895288],
         [ 526.32329843,  425.12958115],
         [ 535.70549738,  410.38612565],
         [ 285.73691099,  407.03534031],
         [ 291.09816754,  406.36518325],
         [ 303.16099476,  406.36518325],
         [ 311.20287958,  407.03534031],
         [ 203.97774869,  401.67408377],
         [ 200.62696335,  403.68455497],
         [ 195.26570681,  403.01439791],
         [ 184.54319372,  401.67408377],
         [ 171.81020942,  403.68455497],
         [ 406.11613387,  487.92382617],
         [ 246.1481019 ,  419.06468531],
         [ 299.8543956 ,  408.32342657],
         [ 278.11613387,  411.00874126],
         [ 259.83041958,  407.87587413],
         [ 276.96528472,  426.60914086],
         [ 255.61063936,  405.63811189]]), array([[419]], dtype=uint16))]]
