[[(array([[440.99910873, 501.03475936],
         [472.94206774, 458.82442068],
         [332.62121212, 524.42156863],
         [349.1631016 , 482.21122995],
         [340.03654189, 624.81372549],
         [256.18627451, 629.94741533],
         [206.56060606, 561.49821747],
         [155.22370766, 547.8083779 ],
         [147.23796791, 499.89393939],
         [ 95.33065954, 489.62655971],
         [ 22.31818182, 469.09180036],
         [110.73172906, 444.56417112],
         [286.98841355, 484.49286988],
         [285.2771836 , 462.81729055],
         [338.32531194, 441.14171123],
         [422.17557932, 421.74777184],
         [473.51247772, 420.60695187],
         [444.99197861, 364.70677362],
         [429.59090909, 340.17914439],
         [384.5285205 , 355.5802139 ],
         [371.40909091, 327.63012478],
         [333.1916221 , 315.65151515],
         [282.99554367, 378.96702317],
         [132.97771836, 366.41800357],
         [ 65.66934046, 355.5802139 ],
         [  2.35383244, 329.91176471],
         [ 29.1631016 , 246.06149733],
         [  8.62834225, 212.40730838],
         [  4.63547237, 177.61229947],
         [ 36.00802139, 150.23262032],
         [ 40.57130125, 127.41622103],
         [ 77.07754011, 155.36631016],
         [113.58377897, 119.43048128],
         [132.40730838, 143.38770053],
         [119.28787879, 199.85828877],
         [127.27361854, 220.39304813],
         [102.7459893 , 253.47682709],
         [ 66.81016043, 233.51247772],
         [119.85828877, 274.01158645],
         [154.0828877 , 240.92780749],
         [167.77272727, 282.56773619],
         [200.85650624, 312.22905526],
         [244.77807487, 312.22905526],
         [215.11675579, 245.49108734],
         [239.07397504, 206.70320856],
         [260.74955437, 248.91354724],
         [300.10784314, 260.89215686],
         [298.96702317, 220.39304813],
         [304.67112299, 191.87254902],
         [354.86720143, 240.92780749],
         [359.43048128, 189.59090909],
         [333.76203209, 145.09893048],
         [391.94385027, 243.20944742],
         [463.24509804, 283.70855615],
         [475.79411765, 251.76559715],
         [459.25222816, 202.1399287 ],
         [440.99910873, 153.65508021],
         [244.20766488, 107.45187166],
         [223.10249554, 130.26827094],
         [205.99019608, 110.87433155],
         [408.85707502,  88.32526116],
         [363.27302944,  84.07075024],
         [352.3328585 ,  64.62155745],
         [284.26068376,  83.46296296],
         [213.14957265,  59.15147198],
         [138.39173789,  51.85802469],
         [ 90.98433048,  84.07075024],
         [ 68.49620133,  46.9957265 ],
         [ 32.77332457,  27.83245729],
         [ 67.2542707 ,  16.89947438],
         [110.98620237,  26.99145861],
         [144.6261498 ,  26.99145861],
         [169.85611038,  31.19645204],
         [202.65505913,  20.26346912],
         [236.29500657,   9.3304862 ],
         [288.4369251 ,  26.15045992],
         [467.5696452 ,   7.64848883]]), array([[77]], dtype=uint8))]]
