[[(array([[1049.31293706,  576.05819181],
         [ 399.72252747,  214.9473027 ],
         [ 399.72252747,  227.22302697],
         [ 473.37687313,  208.80944056],
         [ 438.59565435,  211.87837163],
         [ 541.91633367,  201.6486014 ],
         [ 419.15909091,    3.19105894],
         [ 444.73351648,  370.43981019],
         [ 442.68756244,  693.70054945],
         [ 426.31993007,  741.78046953],
         [ 375.17107892,  659.94230769],
         [ 316.86138861,  705.97627373],
         [ 275.94230769,  704.9532967 ],
         [ 173.64460539,  753.03321678],
         [ 193.08116883,  613.90834166],
         [ 241.16108891,  559.69055944],
         [ 121.47277722,  638.45979021],
         [  98.96728272,  668.12612388],
         [  64.18606394,  659.94230769],
         [  45.77247752,  661.98826174],
         [  13.03721279,  599.58666334],
         [   2.80744256,  543.32292707],
         [  29.40484515,  471.71453546],
         [  46.79545455,  441.02522478],
         [  27.35889111,  434.88736264],
         [   8.9453047 ,  450.23201798],
         [  54.97927073,  411.35889111],
         [  64.18606394,  423.63461538],
         [  76.46178821,  445.11713287],
         [  98.96728272,  400.10614386],
         [ 106.12812188,  452.27797203],
         [ 123.51873127,  464.5536963 ],
         [ 109.19705295,  502.40384615],
         [  93.8523976 ,  537.18506494],
         [ 108.17407592,  523.88636364],
         [  54.97927073,  490.12812188],
         [ 158.29995005,  480.92132867],
         [ 166.48376623,  455.3469031 ],
         [ 148.07017982,  442.0482018 ],
         [ 167.50674326,  423.63461538],
         [ 152.16208791,  416.47377622],
         [ 141.93231768,  423.63461538],
         [ 200.24200799,  390.89935065],
         [ 214.56368631,  391.92232767],
         [ 228.88536464,  394.99125874],
         [ 211.23901099,  413.10264735],
         [ 204.58966034,  405.43031968],
         [ 185.66458541,  413.61413586],
         [ 229.6525974 ,  415.1486014 ],
         [ 207.65859141,  443.28046953],
         [ 242.9512987 ,  438.16558442],
         [ 236.81343656,  448.39535465],
         [ 216.86538462,  472.43531469],
         [ 261.87637363,  461.18256743],
         [ 284.89335664,  461.18256743],
         [ 269.03721279,  425.37837163],
         [ 255.22702298,  432.53921079],
         [ 243.97427572,  394.68906094],
         [ 251.6466034 ,  398.78096903],
         [ 268.01423576,  401.8499001 ],
         [ 291.54270729,  379.34440559],
         [ 298.70354645,  390.08566434],
         [ 282.8474026 ,  401.8499001 ],
         [ 274.1520979 ,  406.96478521],
         [ 298.19205794,  409.52222777],
         [ 293.58866134,  423.33241758],
         [ 297.16908092,  443.79195804],
         [ 327.3469031 ,  424.86688312],
         [ 333.48476523,  443.79195804],
         [ 328.88136863,  469.36638362],
         [ 305.86438561,  476.01573427],
         [ 359.05919081,  471.92382617],
         [ 343.20304695,  475.50424575],
         [ 309.95629371,  518.46928072],
         [ 330.41583417,  501.07867133],
         [ 375.42682318,  498.52122877],
         [ 394.86338661,  515.91183816],
         [ 386.67957043,  460.15959041],
         [ 388.72552448,  430.49325674],
         [ 367.7544955 ,  397.2465035 ],
         [ 346.27197802,  388.5511988 ],
         [ 343.71453546,  400.82692308],
         [ 313.53671329,  391.62012987],
         [ 323.254995  ,  384.45929071],
         [ 309.95629371,  383.9478022 ],
         [ 326.32392607,  406.4532967 ],
         [ 314.0482018 ,  416.17157842],
         [ 380.54170829,  377.29845155],
         [ 392.30594406,  381.39035964],
         [ 405.09315684,  377.80994006],
         [ 433.22502498,  384.97077922],
         [ 431.17907093,  399.80394605],
         [ 408.67357642,  394.68906094],
         [ 394.86338661,  395.20054945],
         [ 411.74250749,  413.61413586],
         [ 417.36888112,  430.49325674],
         [ 431.69055944,  437.6540959 ],
         [ 419.92632368,  457.60214785],
         [ 457.26498501,  441.746004  ],
         [ 443.96628372,  431.00474525],
         [ 456.7534965 ,  394.68906094],
         [ 449.59265734,  382.92482517],
         [ 476.70154845,  396.22352647],
         [ 477.21303696,  380.36738262],
         [ 482.32792208,  379.34440559],
         [ 492.55769231,  367.06868132],
         [ 494.60364635,  383.9478022 ],
         [ 505.85639361,  391.10864136],
         [ 500.23001998,  428.4473027 ],
         [ 508.41383616,  439.18856144],
         [ 493.06918082,  445.83791209],
         [ 476.19005994,  472.9468032 ],
         [ 459.82242757,  472.9468032 ],
         [ 488.97727273,  494.42932068],
         [ 462.37987013,  526.14160839],
         [ 122.92732268,  567.58266733],
         [ 187.66258741,  527.62262737],
         [ 280.36988012,  593.15709291],
         [ 327.52272727,  573.17707293],
         [ 349.90034965,  544.40584416],
         [ 398.6515984 ,  565.98426573],
         [ 433.81643357,  538.81143856],
         [ 495.3548951 ,  547.60264735],
         [ 490.55969031,  584.36588412],
         [ 509.74050949,  589.96028971],
         [ 552.89735265,  563.58666334],
         [ 536.91333666,  518.03221778],
         [ 577.67257742,  579.57067932],
         [ 576.07417582,  550.79945055],
         [ 612.03821179,  540.40984016],
         [ 636.01423576,  576.37387612],
         [ 617.63261738,  582.76748252],
         [ 603.247003  ,  517.23301698],
         [ 600.8494006 ,  500.4498002 ],
         [ 576.07417582,  498.0521978 ],
         [ 570.47977023,  472.47777223],
         [ 590.45979021,  457.29295704],
         [ 596.8533966 ,  438.91133866],
         [ 588.86138861,  413.33691309],
         [ 568.08216783,  405.34490509],
         [ 590.45979021,  396.5536963 ],
         [ 564.08616384,  378.97127872],
         [ 532.91733267,  389.36088911],
         [ 526.52372627,  402.1481019 ],
         [ 512.93731269,  394.95529471],
         [ 520.13011988,  370.18006993],
         [ 697.5526973 ,  529.22102897],
         [ 724.72552448,  538.81143856],
         [ 718.33191808,  514.83541459],
         [ 755.09515485,  521.22902098],
         [ 730.31993007,  452.49775225],
         [ 702.3479021 ,  458.89135864],
         [ 687.96228771,  499.6505994 ],
         [ 682.36788212,  451.69855145],
         [ 693.55669331,  403.7465035 ],
         [ 674.37587413,  382.96728272],
         [ 734.31593407,  386.96328671],
         [ 659.99025974,  398.1520979 ],
         [ 639.21103896,  398.1520979 ],
         [ 653.59665335,  406.14410589],
         [ 625.62462537,  401.3489011 ],
         [ 617.63261738,  394.15609391],
         [ 620.03021978,  430.12012987],
         [ 627.22302697,  430.12012987],
         [ 609.64060939,  450.10014985],
         [ 622.42782218,  476.47377622],
         [ 531.31893107,  459.69055944],
         [ 547.30294705,  461.28896104],
         [ 534.51573427,  475.67457542],
         [ 547.30294705,  423.72652348],
         [ 556.89335664,  414.93531469],
         [ 534.51573427,  409.34090909],
         [ 325.0452048 ,  642.5516983 ],
         [ 270.82742258,  634.36788212],
         [ 487.69855145,  654.82742258],
         [ 507.13511489,  623.11513487],
         [ 569.53671329,  631.29895105],
         [ 512.25      ,  720.29795205],
         [ 612.50174825,  737.68856144],
         [ 621.70854146,  710.06818182],
         [ 645.23701299,  667.10314685],
         [ 617.61663337,  621.06918082],
         [ 706.61563437,  604.70154845],
         [ 736.28196803,  638.45979021],
         [ 807.89035964,  626.18406593]]), array([[185]], dtype=uint8))]]
