[[(array([[256.87647059, 278.38235294],
         [276.45294118, 267.84117647],
         [259.88823529, 222.66470588],
         [280.21764706, 205.34705882],
         [352.5       , 250.52352941],
         [344.97058824, 224.17058824],
         [364.54705882, 201.58235294],
         [416.5       , 254.28823529],
         [430.05294118, 266.33529412],
         [506.1       , 270.85294118],
         [532.45294118, 273.11176471],
         [491.04117647, 354.42941176],
         [187.60588235, 358.19411765],
         [ 95.74705882, 324.31176471],
         [  8.40588235, 328.07647059],
         [ 84.45294118, 218.9       ],
         [118.33529412, 233.20588235],
         [183.08823529, 250.52352941],
         [196.64117647, 231.7       ],
         [210.19411765, 200.07647059],
         [221.48823529, 184.26470588],
         [547.51176471, 224.17058824],
         [537.72352941, 233.95882353],
         [571.60588235, 185.77058824],
         [541.48823529, 184.26470588],
         [634.1       , 193.3       ],
         [622.80588235, 136.82941176],
         [597.95882353, 126.28823529],
         [623.55882353, 118.75882353],
         [591.18235294,  74.33529412],
         [567.08823529, 121.01764706],
         [542.24117647, 112.73529412],
         [522.66470588, 109.72352941],
         [542.24117647,  94.66470588],
         [535.46470588, 144.35882353],
         [524.17058824, 162.42941176],
         [516.64117647, 144.35882353],
         [508.35882353, 158.66470588],
         [498.57058824, 139.08823529],
         [485.77058824, 133.81764706],
         [501.58235294, 110.47647059],
         [485.77058824,  94.66470588],
         [462.42941176, 181.25294118],
         [451.13529412, 186.52352941],
         [427.04117647, 139.84117647],
         [454.9       , 157.15882353],
         [439.84117647, 123.27647059],
         [453.39411765, 128.54705882],
         [471.46470588, 120.26470588],
         [454.14705882,  83.37058824],
         [474.47647059,  81.11176471],
         [488.78235294,  81.11176471],
         [520.40588235,  81.11176471],
         [507.60588235,  60.02941176],
         [520.40588235,  60.02941176],
         [593.44117647,  60.02941176],
         [470.71176471,  39.7       ],
         [494.05294118,  32.92352941],
         [396.17058824, 154.9       ],
         [380.35882353, 165.44117647],
         [367.55882353, 171.46470588],
         [342.71176471, 175.22941176],
         [293.77058824, 157.91176471],
         [280.97058824, 160.17058824],
         [186.1       , 169.95882353],
         [209.44117647, 175.22941176],
         [235.04117647, 145.11176471],
         [261.39411765, 136.07647059],
         [248.59411765, 136.07647059],
         [216.97058824, 139.08823529],
         [324.64117647, 142.1       ],
         [344.97058824, 131.55882353],
         [366.80588235, 121.77058824],
         [378.85294118, 131.55882353],
         [400.68823529, 118.75882353],
         [387.88823529, 114.99411765],
         [414.99411765, 110.47647059],
         [317.11176471, 104.45294118],
         [ 55.84117647, 168.45294118],
         [ 88.21764706, 163.93529412],
         [125.86470588, 168.45294118],
         [139.41764706, 177.48823529],
         [ 37.77058824, 200.07647059],
         [  6.9       , 188.02941176],
         [ 27.98235294, 150.38235294],
         [ 16.68823529, 131.55882353],
         [ 43.04117647, 123.27647059],
         [ 81.44117647, 134.57058824],
         [ 92.73529412, 108.21764706],
         [113.81764706, 106.71176471],
         [125.11176471, 104.45294118],
         [136.40588235,  99.93529412],
         [143.93529412,  99.18235294],
         [147.7       , 134.57058824],
         [155.98235294, 149.62941176],
         [168.02941176, 130.80588235],
         [198.9       , 117.25294118],
         [190.61764706, 102.19411765],
         [207.18235294,  84.12352941],
         [158.99411765,  71.32352941],
         [152.21764706,  72.82941176],
         [174.80588235,  72.82941176],
         [230.52352941,  83.37058824],
         [228.26470588,  70.57058824],
         [244.07647059,  64.54705882],
         [240.31176471, 109.72352941],
         [252.35882353, 105.20588235],
         [265.15882353, 109.72352941],
         [300.54705882, 105.95882353],
         [378.28823529, 201.58235294],
         [363.22941176,  67.15882353],
         [347.04117647,  69.79411765],
         [348.54705882,  78.82941176],
         [341.77058824,  79.58235294],
         [368.87647059,  81.84117647],
         [449.44117647,  43.81764706],
         [440.02941176,  64.9       ],
         [577.81764706,  56.61764706],
         [545.81764706,  47.95882353],
         [333.11176471,  27.62941176],
         [370.75882353,  21.98235294],
         [387.7       ,  22.73529412],
         [323.32352941,  42.68823529],
         [350.42941176,  47.58235294],
         [328.97058824,  73.93529412],
         [331.22941176,  59.62941176],
         [385.44117647,  59.62941176],
         [373.77058824, 106.68823529],
         [351.18235294,  99.53529412],
         [336.5       , 122.12352941],
         [106.47647059,  75.06470588],
         [126.05294118,  83.72352941],
         [251.04117647,  41.93529412],
         [309.39411765,  56.24117647],
         [321.44117647,  69.79411765],
         [350.42941176,  38.17058824],
         [345.15882353,   9.18235294],
         [304.5       ,  51.34705882],
         [313.53529412,  49.08823529],
         [301.48823529,  49.84117647],
         [195.7       ,  77.7       ],
         [260.82941176,  35.91176471],
         [119.27647059,  49.84117647],
         [113.25294118,  49.84117647],
         [127.93529412,  48.33529412],
         [147.51176471,  55.86470588],
         [159.93529412,  56.61764706],
         [134.33529412, 111.58235294],
         [307.51176471, 116.85294118],
         [332.35882353, 152.61764706],
         [283.98235294,  84.12352941],
         [277.95882353,  67.55882353],
         [265.15882353,  65.3       ],
         [288.5       ,  70.57058824],
         [ 78.42941176, 127.04117647],
         [ 76.92352941, 110.47647059],
         [134.9       ,  57.01764706],
         [142.42941176,  88.64117647],
         [414.24117647,  68.31176471],
         [248.02941176,  83.72352941],
         [386.57058824,  98.40588235],
         [603.22941176,  85.62941176],
         [428.54705882,  55.51176471],
         [340.45294118,  42.71176471],
         [ 34.00588235, 325.81764706],
         [ 55.08823529,  35.93529412],
         [ 49.06470588,  23.13529412],
         [ 14.42941176,  96.17058824],
         [180.07647059, 104.45294118],
         [218.47647059, 121.77058824],
         [ 88.97058824,  33.67647059],
         [101.77058824,  36.68823529],
         [312.18831169,  23.21728272],
         [326.25424575,  14.26623377],
         [307.71278721,  82.03846154]]), array([[175]], dtype=uint8))]]
