[[(array([[275.5       , 681.51851852],
         [267.16666667, 739.85185185],
         [161.61111111, 715.77777778],
         [ 94.94444444, 713.92592593],
         [116.24074074, 647.25925926],
         [109.75925926, 602.81481481],
         [ 25.5       , 629.66666667],
         [ 59.75925926, 554.66666667],
         [163.46296296, 552.81481481],
         [112.53703704, 524.11111111],
         [208.83333333, 510.22222222],
         [284.75925926, 524.11111111],
         [355.12962963, 564.85185185],
         [354.2037037 , 655.59259259],
         [399.57407407, 675.03703704],
         [410.68518519, 628.74074074],
         [459.75925926, 726.88888889],
         [536.61111111, 620.40740741],
         [593.09259259, 703.74074074],
         [626.42592593, 653.74074074],
         [599.57407407, 576.88888889],
         [670.87037037, 568.55555556],
         [626.42592593, 539.85185185],
         [642.16666667, 502.81481481],
         [529.2037037 , 559.2962963 ],
         [469.94444444, 547.25925926],
         [428.27777778, 564.85185185],
         [410.68518519, 575.96296296],
         [379.2037037 , 535.22222222],
         [349.57407407, 486.14814815],
         [316.24074074, 474.11111111],
         [263.46296296, 473.18518519],
         [280.12962963, 458.37037037],
         [269.94444444, 433.37037037],
         [279.2037037 , 418.55555556],
         [244.01851852, 411.14814815],
         [256.05555556, 388.92592593],
         [205.12962963, 448.18518519],
         [131.05555556, 458.37037037],
         [148.64814815, 418.55555556],
         [155.12962963, 403.74074074],
         [128.27777778, 396.33333333],
         [100.5       , 417.62962963],
         [  6.98148148, 444.48148148],
         [ 79.2037037 , 538.92592593],
         [ 31.98148148, 416.7037037 ],
         [ 17.16666667, 390.77777778],
         [ 12.53703704, 374.11111111],
         [ 55.12962963, 416.7037037 ],
         [ 59.75925926, 367.62962963],
         [ 15.31481481, 351.88888889],
         [ 78.27777778, 348.18518519],
         [ 56.98148148, 336.14814815],
         [ 29.2037037 , 325.03703704],
         [ 56.05555556, 313.92592593],
         [  7.90740741, 302.81481481],
         [ 25.5       , 302.81481481],
         [141.24074074, 375.03703704],
         [161.61111111, 375.96296296],
         [192.16666667, 397.25925926],
         [407.90740741, 354.66666667],
         [228.27777778, 351.88888889],
         [196.7962963 , 352.81481481],
         [194.01851852, 336.14814815],
         [176.42592593, 332.44444444],
         [106.05555556, 323.18518519],
         [ 86.61111111, 296.33333333],
         [ 69.94444444, 297.25925926],
         [ 62.53703704, 285.22222222],
         [ 40.31481481, 288.92592593],
         [ 31.05555556, 248.18518519],
         [ 48.64814815, 254.66666667],
         [  8.83333333, 237.07407407],
         [  9.75925926, 221.33333333],
         [ 37.53703704, 194.48148148],
         [ 39.38888889, 154.66666667],
         [ 56.98148148, 196.33333333],
         [ 49.57407407, 193.55555556],
         [117.16666667, 150.96296296],
         [125.5       , 160.22222222],
         [137.53703704, 180.59259259],
         [119.94444444, 203.74074074],
         [105.12962963, 199.11111111],
         [ 73.64814815, 218.55555556],
         [ 97.72222222, 223.18518519],
         [109.75925926, 215.77777778],
         [128.27777778, 218.55555556],
         [ 97.72222222, 232.44444444],
         [125.5       , 250.03703704],
         [150.5       , 217.62962963],
         [187.53703704, 208.37037037],
         [185.68518519, 174.11111111],
         [196.7962963 , 169.48148148],
         [208.83333333, 174.11111111],
         [218.09259259, 192.62962963],
         [170.87037037, 219.48148148],
         [164.38888889, 236.14814815],
         [165.31481481, 262.07407407],
         [130.12962963, 277.81481481],
         [101.42592593, 272.25925926],
         [112.53703704, 282.44444444],
         [130.12962963, 301.88888889],
         [160.68518519, 285.22222222],
         [178.27777778, 277.81481481],
         [200.5       , 268.55555556],
         [201.42592593, 246.33333333],
         [237.53703704, 234.2962963 ],
         [237.53703704, 220.40740741],
         [250.5       , 196.33333333],
         [293.09259259, 200.03703704],
         [319.94444444, 193.55555556],
         [401.42592593, 210.22222222],
         [481.98148148, 218.55555556],
         [376.42592593, 215.77777778],
         [339.38888889, 225.03703704],
         [321.7962963 , 231.51851852],
         [266.24074074, 230.59259259],
         [263.46296296, 246.33333333],
         [232.90740741, 267.62962963],
         [213.46296296, 274.11111111],
         [264.38888889, 263.92592593],
         [269.01851852, 287.07407407],
         [254.2037037 , 289.85185185],
         [240.31481481, 290.77777778],
         [266.24074074, 308.37037037],
         [181.05555556, 301.88888889],
         [292.16666667, 336.14814815],
         [335.68518519, 327.81481481],
         [302.35185185, 294.48148148],
         [320.87037037, 281.51851852],
         [309.75925926, 281.51851852],
         [311.61111111, 255.59259259],
         [291.24074074, 247.25925926],
         [323.64814815, 262.07407407],
         [347.72222222, 251.88888889],
         [347.72222222, 281.51851852],
         [367.16666667, 302.81481481],
         [368.09259259, 269.48148148],
         [369.94444444, 240.77777778],
         [387.53703704, 245.40740741],
         [390.31481481, 288.92592593],
         [411.61111111, 263.        ],
         [408.83333333, 244.48148148],
         [401.42592593, 265.77777778],
         [431.05555556, 281.51851852],
         [437.53703704, 263.        ],
         [451.42592593, 245.40740741],
         [467.16666667, 259.2962963 ],
         [482.90740741, 254.66666667],
         [490.31481481, 271.33333333],
         [481.05555556, 288.        ],
         [476.42592593, 310.22222222],
         [457.90740741, 268.55555556],
         [437.53703704, 313.92592593],
         [420.87037037, 331.51851852],
         [398.64814815, 344.48148148],
         [531.05555556, 269.48148148],
         [591.24074074, 284.2962963 ],
         [569.94444444, 296.33333333],
         [597.72222222, 325.96296296],
         [612.53703704, 306.51851852],
         [606.05555556, 289.85185185],
         [606.05555556, 278.74074074],
         [629.2037037 , 284.2962963 ],
         [667.16666667, 280.59259259],
         [643.09259259, 301.88888889],
         [739.38888889, 275.96296296],
         [718.09259259, 276.88888889],
         [692.16666667, 294.48148148],
         [660.68518519, 308.37037037],
         [660.68518519, 325.96296296],
         [684.75925926, 318.55555556],
         [717.16666667, 319.48148148],
         [706.98148148, 314.85185185],
         [733.83333333, 305.59259259],
         [760.68518519, 291.7037037 ],
         [809.75925926, 325.03703704],
         [788.46296296, 324.11111111],
         [772.72222222, 340.77777778],
         [748.64814815, 331.51851852],
         [734.75925926, 358.37037037],
         [693.09259259, 375.03703704],
         [596.7962963 , 380.59259259],
         [619.01851852, 413.        ],
         [717.16666667, 430.59259259],
         [687.53703704, 456.51851852],
         [737.53703704, 428.74074074],
         [770.87037037, 387.07407407],
         [784.75925926, 367.62962963],
         [806.98148148, 353.74074074],
         [816.24074074, 377.81481481],
         [844.01851852, 357.44444444],
         [887.53703704, 345.40740741],
         [894.94444444, 321.33333333],
         [868.09259259, 370.40740741],
         [891.24074074, 386.14814815],
         [894.94444444, 419.48148148],
         [875.5       , 438.92592593],
         [898.64814815, 439.85185185],
         [934.75925926, 437.07407407],
         [885.68518519, 476.88888889],
         [937.53703704, 507.44444444],
         [934.75925926, 597.25925926],
         [847.72222222, 491.7037037 ],
         [824.57407407, 550.96296296],
         [829.2037037 , 600.96296296],
         [829.2037037 , 470.40740741],
         [802.35185185, 450.96296296],
         [788.46296296, 415.77777778],
         [768.09259259, 463.        ],
         [779.2037037 , 507.44444444],
         [790.31481481, 544.48148148],
         [781.05555556, 590.77777778],
         [714.38888889, 541.7037037 ],
         [688.46296296, 525.96296296],
         [562.53703704, 577.81481481],
         [756.24425574, 257.61788212],
         [769.23126873, 253.62187812],
         [770.23026973, 261.61388611],
         [744.25624376, 246.62887113],
         [759.24125874, 244.63086913],
         [763.23726274, 233.64185814],
         [782.21828172, 244.63086913],
         [783.21728272, 254.62087912],
         [810.19030969, 248.62687313],
         [822.17832168, 264.61088911],
         [842.15834166, 259.61588412],
         [862.13836164, 276.5989011 ],
         [882.11838162, 272.6028971 ],
         [897.1033966 , 264.61088911],
         [924.07642358, 269.60589411],
         [938.06243756, 269.60589411],
         [964.03646354, 275.5999001 ],
         [980.02047952, 280.59490509],
         [959.04145854, 298.57692308],
         [963.03746254, 404.47102897],
         [954.04645355, 630.24525475],
         [975.02547453, 728.14735265],
         [428.57192807, 202.67282717]]), array([[239]], dtype=uint8))]]
