[[(array([[  6.64945227, 352.19405321],
         [ 47.51017214, 367.95461659],
         [139.15492958, 358.61502347],
         [ 97.12676056, 366.78716745],
         [231.38341158, 362.70109546],
         [262.90453834, 339.35211268],
         [315.43974961, 338.76838811],
         [333.53521127, 369.12206573],
         [261.15336463, 368.53834116],
         [396.57746479, 355.11267606],
         [454.94992175, 319.50547731],
         [486.47104851, 346.94053208],
         [533.16901408, 342.85446009],
         [525.58059468, 325.342723  ],
         [525.58059468, 282.14710485],
         [543.67605634, 237.78403756],
         [520.32707355, 258.2143975 ],
         [460.20344288, 284.48200313],
         [454.36619718, 261.71674491],
         [390.15649452, 292.6541471 ],
         [359.21909233, 304.91236307],
         [382.56807512, 256.46322379],
         [351.63067293, 269.88888889],
         [304.93270736, 304.91236307],
         [299.67918623, 282.14710485],
         [270.49295775, 294.40532081],
         [262.32081377, 315.41940532],
         [213.28794992, 340.51956182],
         [206.28325509, 305.49608764],
         [229.0485133 , 274.55868545],
         [168.92488263, 240.11893584],
         [139.73865415, 255.29577465],
         [144.4084507 , 287.40062598],
         [149.66197183, 310.16588419],
         [139.15492958, 330.01251956],
         [105.29890454, 317.17057903],
         [ 63.85446009, 313.66823161],
         [ 34.08450704, 314.83568075],
         [ 83.70109546, 301.41001565],
         [ 48.09389671, 282.14710485],
         [ 42.25665102, 258.2143975 ],
         [ 29.99843505, 238.9514867 ],
         [ 11.9029734 , 204.51173709],
         [ 21.24256651, 192.25352113],
         [ 56.26604069, 206.2629108 ],
         [ 75.52895149, 231.94679186],
         [ 92.45696401, 213.26760563],
         [140.32237872, 207.43035994],
         [155.49921753, 188.16744914],
         [135.65258216, 175.32550861],
         [105.29890454, 172.40688576],
         [199.27856025, 178.82785603],
         [201.61345853, 204.51173709],
         [225.54616588, 237.20031299],
         [203.36463224, 243.03755869],
         [236.05320814, 221.43974961],
         [258.23474178, 243.03755869],
         [259.98591549, 219.6885759 ],
         [286.8372457 , 241.28638498],
         [264.65571205, 177.07668232],
         [330.03286385, 237.20031299],
         [267.5743349 , 200.4256651 ],
         [321.86071987, 191.08607199],
         [364.47261346, 206.2629108 ],
         [370.89358372, 225.5258216 ],
         [449.11267606, 238.9514867 ],
         [393.07511737, 205.67918623],
         [376.14710485, 191.08607199],
         [369.14241002, 174.15805947],
         [338.20500782, 153.72769953],
         [409.41940532, 163.06729264],
         [394.24256651, 131.54616588],
         [436.27073552, 168.90453834],
         [450.86384977, 191.08607199],
         [476.54773083, 220.85602504],
         [526.74804382, 211.51643192],
         [527.91549296, 165.98591549],
         [502.81533646, 168.32081377],
         [491.72456964, 142.05320814],
         [454.36619718, 149.64162754],
         [470.12676056, 150.80907668],
         [522.07824726, 122.20657277],
         [505.15023474, 114.61815336],
         [518.57589984,  94.771518  ],
         [551.26447574,  96.52269171],
         [531.41784038,  67.92018779],
         [531.41784038,  27.05946792],
         [554.76682316,  18.88732394],
         [517.99217527,  20.63849765],
         [509.8200313 ,  41.06885759],
         [492.89201878,  31.14553991],
         [432.18466354,  27.05946792],
         [440.35680751,  10.71517997],
         [410.00312989,  20.63849765],
         [393.65884194,  14.80125196],
         [386.6541471 ,  31.72926448],
         [417.5915493 ,  68.50391236],
         [429.26604069,  47.48982786],
         [459.61971831,  96.52269171],
         [485.30359937,  84.26447574],
         [393.65884194,  73.17370892],
         [388.40532081,  88.35054773],
         [377.31455399,  86.59937402],
         [352.2143975 ,  90.68544601],
         [345.79342723, 125.12519562],
         [328.28169014, 133.29733959],
         [300.2629108 , 129.21126761],
         [282.75117371, 115.7856025 ],
         [276.33020344, 156.06259781],
         [257.65101721,  90.10172144],
         [266.99061033,  72.58998435],
         [288.58841941,  66.75273865],
         [301.43035994,  35.23161189],
         [335.87010955,  27.05946792],
         [348.12832551,  57.41314554],
         [332.36776213,  63.83411581],
         [352.79812207,  12.46635368],
         [332.9514867 ,  14.80125196],
         [301.43035994,  14.80125196],
         [250.64632238,  33.48043818],
         [239.55555556,  12.46635368],
         [223.79499218,  64.41784038],
         [233.71830986, 100.60876369],
         [230.21596244,  84.26447574],
         [210.95305164, 101.77621283],
         [166.00625978, 110.53208138],
         [141.48982786, 112.86697966],
         [122.22691706, 147.89045383],
         [156.0829421 , 161.89984351],
         [ 92.45696401, 126.87636933],
         [109.9687011 , 119.28794992],
         [110.55242567, 100.60876369],
         [ 50.42879499, 137.38341158],
         [  7.23317684, 145.55555556],
         [ 17.15649452, 121.03912363],
         [ 34.08450704, 113.45070423],
         [ 31.74960876,  88.35054773],
         [  7.23317684,  66.75273865],
         [  7.23317684,  21.22222222],
         [ 42.84037559,  45.15492958],
         [ 63.27073552,  43.98748044],
         [ 74.36150235,  23.5571205 ],
         [ 85.45226917,  18.88732394],
         [109.9687011 ,  24.72456964],
         [132.15023474,  27.05946792],
         [165.42253521,  76.67605634],
         [153.16431925,  55.66197183],
         [150.2456964 ,  37.56651017],
         [189.35524257,  31.72926448],
         [181.76682316,  87.18309859],
         [199.27856025,  11.29890454],
         [161.92018779,  12.46635368],
         [142.07355243,  10.71517997],
         [108.21752739,  10.71517997],
         [ 24.74491393,   8.38028169],
         [311.35367762,   9.54773083]]), array([[156]], dtype=uint8))]]
