[[(array([[ 147.14241734,  616.96138753],
         [ 166.01287805,  469.3277832 ],
         [ 355.8275122 ,  479.3180271 ],
         [ 547.86220054,  662.47249864],
         [ 603.36355556,  564.79011382],
         [ 992.98306775,  559.23997832],
         [ 884.20041192,  668.02263415],
         [ 830.91911111,  397.17602168],
         [ 927.49146883,  353.88496477],
         [1022.95379946,  430.47683469],
         [ 864.21992412,  337.23455827],
         [ 762.09743089,  319.47412466],
         [ 714.36626558,  333.90447696],
         [ 611.13374526,  388.29580488],
         [ 573.39282385,  337.23455827],
         [ 460.17005962,  409.38631978],
         [ 248.15488347,  433.80691599],
         [  10.60908401,  457.11748509],
         [  86.09092683,  389.40583198],
         [  15.04919241,  349.44485637],
         [  72.77060163,  343.89472087],
         [ 112.73157724,  376.08550678],
         [ 123.83184824,  325.02426016],
         [ 210.41396206,  359.43510027],
         [ 209.30393496,  327.24431436],
         [ 300.32615718,  359.43510027],
         [ 375.808     ,  329.46436856],
         [ 420.20908401,  349.44485637],
         [ 447.26599458,  326.13428726],
         [ 456.70122493,  285.06328455],
         [ 463.36138753,  262.86274255],
         [ 444.49092683,  287.28333875],
         [ 440.60583198,  267.30285095],
         [ 430.61558808,  265.08279675],
         [ 455.59119783,  252.31748509],
         [ 105.3776477 ,  256.20257995],
         [  63.19661789,  256.20257995],
         [   1.59011382,  256.20257995],
         [ 147.00366396,  245.10230894],
         [ 128.13320325,  261.1977019 ],
         [ 143.11856911,  277.8481084 ],
         [ 154.21884011,  288.39336585],
         [ 173.08930081,  297.82859621],
         [ 223.04052033,  267.8578645 ],
         [ 187.51965312,  250.09743089],
         [ 178.08442276,  258.9776477 ],
         [ 209.16518157,  253.98252575],
         [ 243.57602168,  252.87249864],
         [ 226.92561518,  237.33211924],
         [ 251.34621138,  240.10718699],
         [ 260.22642818,  238.99715989],
         [ 265.22155014,  231.22697019],
         [ 260.22642818,  231.22697019],
         [ 263.55650949,  246.21233604],
         [ 276.87683469,  246.21233604],
         [ 286.86707859,  243.99228184],
         [ 283.53699729,  237.88713279],
         [ 284.09201084,  235.11206504],
         [ 294.63726829,  232.33699729],
         [ 267.99661789,  260.0876748 ],
         [ 287.97710569,  267.30285095],
         [ 282.42697019,  252.31748509],
         [ 299.07737669,  252.31748509],
         [ 306.8475664 ,  268.9678916 ],
         [ 289.08713279,  291.1684336 ],
         [ 260.22642818,  283.95325745],
         [ 346.80854201,  291.1684336 ],
         [ 387.32453117,  263.97276965],
         [ 352.91369106,  271.1879458 ],
         [ 326.8280542 ,  268.9678916 ],
         [ 336.26328455,  245.10230894],
         [ 327.38306775,  247.32236314],
         [ 307.9575935 ,  236.22209214],
         [ 317.9478374 ,  242.32724119],
         [ 320.72290515,  236.22209214],
         [ 333.4882168 ,  231.78198374],
         [ 356.24377236,  253.98252575],
         [ 365.12398916,  253.98252575],
         [ 370.67412466,  257.31260705],
         [ 370.67412466,  267.30285095],
         [ 372.89417886,  275.07304065],
         [ 403.97493767,  281.1781897 ],
         [ 416.18523577,  273.408     ],
         [ 412.30014092,  262.307729  ],
         [ 421.18035772,  252.87249864],
         [ 414.52019512,  251.20745799],
         [ 428.39553388,  246.21233604],
         [ 434.50068293,  245.10230894],
         [ 426.73049322,  234.00203794],
         [ 445.04594038,  238.99715989],
         [ 474.46165854,  251.20745799],
         [ 492.22209214,  248.98740379],
         [ 503.32236314,  243.99228184],
         [ 482.78686179,  240.10718699],
         [ 490.55705149,  241.21721409],
         [ 467.24648238,  237.88713279],
         [ 463.91640108,  242.88225474],
         [ 455.03618428,  245.10230894],
         [ 357.63130623,  243.99228184],
         [ 368.73157724,  242.60474797],
         [ 379.55434146,  236.49959892],
         [ 385.93699729,  238.44214634],
         [ 393.70718699,  235.94458537],
         [ 390.93211924,  227.89688889],
         [ 398.97981572,  229.28442276],
         [ 414.24268835,  229.56192954],
         [ 343.4784607 ,  232.05949051],
         [ 350.41613008,  232.05949051],
         [ 353.74621138,  227.06436856],
         [ 352.08117073,  235.38957182],
         [ 362.34892141,  224.84431436],
         [ 371.22913821,  229.56192954],
         [ 377.33428726,  225.95434146],
         [ 293.80474797,  214.85407046],
         [ 292.41721409,  212.91152304],
         [ 282.42697019,  224.01179404],
         [ 332.65569648,  214.85407046],
         [ 339.0383523 ,  224.84431436],
         [ 342.64594038,  219.01667209],
         [ 425.62046612,  222.06924661],
         [ 433.6681626 ,  222.90176694],
         [ 441.71585908,  225.95434146],
         [ 453.92615718,  227.34187534],
         [ 461.14133333,  227.06436856],
         [ 457.81125203,  235.94458537],
         [ 434.7781897 ,  232.89201084],
         [ 440.88333875,  231.78198374],
         [ 415.63022222,  239.82968022],
         [ 403.69743089,  239.27466667],
         [ 280.76192954,  212.35650949],
         [ 283.53699729,  211.24648238],
         [ 287.97710569,  214.57656369],
         [ 324.05298645,  220.12669919],
         [ 322.94295935,  214.57656369],
         [ 320.72290515,  216.24160434],
         [ 325.16301355,  216.24160434],
         [ 339.59336585,  213.46653659],
         [ 718.80637398,  291.72344715],
         [ 749.88713279,  281.73320325],
         [ 683.28550678,  297.27358266],
         [ 712.14621138,  265.08279675],
         [ 750.99715989,  255.09255285],
         [ 643.32453117,  329.46436856],
         [ 601.14350136,  306.15379946],
         [ 534.54187534,  307.26382656],
         [ 517.89146883,  279.51314905],
         [ 507.34621138,  268.41287805],
         [ 499.02100813,  263.4177561 ],
         [ 522.33157724,  255.6475664 ],
         [ 526.77168564,  240.66220054],
         [ 560.6275122 ,  262.86274255],
         [ 551.74729539,  253.4275122 ],
         [ 540.09201084,  265.6378103 ],
         [ 568.95271545,  285.6182981 ],
         [ 561.7375393 ,  299.49363686],
         [ 611.68875881,  280.62317615],
         [ 598.92344715,  281.73320325],
         [ 586.1581355 ,  274.5180271 ],
         [ 575.61287805,  264.5277832 ],
         [ 569.507729  ,  248.98740379],
         [ 555.63239024,  243.43726829],
         [ 581.7180271 ,  252.87249864],
         [ 592.26328455,  245.65732249],
         [ 611.68875881,  257.8676206 ],
         [ 603.91856911,  253.98252575],
         [ 629.44919241,  261.75271545],
         [ 657.75488347,  279.51314905],
         [ 673.85027642,  257.8676206 ],
         [ 666.08008672,  255.6475664 ],
         [ 670.52019512,  238.99715989],
         [ 650.53970732,  243.43726829],
         [ 653.31477507,  252.87249864],
         [ 632.22426016,  245.65732249],
         [ 622.23401626,  238.44214634],
         [ 575.61287805,  240.66220054],
         [ 583.38306775,  237.88713279],
         [ 709.37114363,  245.65732249],
         [ 697.16084553,  240.66220054],
         [ 743.78198374,  245.65732249],
         [ 758.21233604,  238.44214634],
         [ 514.28388076,  238.44214634],
         [ 500.96355556,  227.06436856],
         [ 511.50881301,  229.83943631],
         [ 492.91585908,  227.34187534],
         [ 489.03076423,  230.94946341],
         [ 492.91585908,  222.62426016],
         [ 517.89146883,  229.83943631],
         [ 540.09201084,  231.50447696],
         [ 545.36463957,  234.00203794],
         [ 551.74729539,  233.44702439],
         [ 556.46491057,  235.11206504],
         [ 563.9575935 ,  230.11694309],
         [ 573.9478374 ,  229.00691599],
         [ 568.3977019 ,  232.05949051],
         [ 587.54566938,  229.83943631],
         [ 583.38306775,  222.62426016],
         [ 596.42588618,  228.45190244],
         [ 604.75108943,  230.11694309],
         [ 613.35379946,  230.11694309],
         [ 622.51152304,  230.11694309],
         [ 610.30122493,  227.06436856],
         [ 605.58360976,  224.01179404],
         [ 600.31098103,  222.34675339],
         [ 594.76084553,  225.95434146],
         [ 476.26545257,  224.01179404],
         [ 481.81558808,  224.01179404],
         [ 469.88279675,  225.95434146],
         [ 549.52724119,  217.90664499],
         [ 560.6275122 ,  217.90664499],
         [ 556.74241734,  220.12669919],
         [ 565.0676206 ,  224.01179404],
         [ 568.95271545,  222.90176694],
         [ 576.1678916 ,  222.90176694],
         [ 548.41721409,  222.90176694],
         [ 548.97222764,  227.34187534],
         [ 555.90989702,  227.34187534],
         [ 579.22046612,  224.28930081],
         [ 591.43076423,  225.39932791],
         [ 539.25949051,  223.45678049],
         [ 539.81450407,  220.40420596],
         [ 481.5380813 ,  217.90664499],
         [ 477.37547967,  219.84919241],
         [ 484.59065583,  218.46165854],
         [ 485.70068293,  214.85407046],
         [ 486.81071003,  216.51911111],
         [ 489.58577778,  215.40908401],
         [ 491.80583198,  215.40908401],
         [ 494.30339295,  214.85407046],
         [ 496.24594038,  215.40908401],
         [ 494.30339295,  218.46165854],
         [ 497.91098103,  218.73916531],
         [ 499.85352846,  215.96409756],
         [ 489.86328455,  218.46165854],
         [ 514.28388076,  220.95921951],
         [ 505.68117073,  216.51911111],
         [ 519.27900271,  216.79661789],
         [ 528.15921951,  219.84919241],
         [ 525.38415176,  218.46165854],
         [ 520.38902981,  222.34675339],
         [ 524.27412466,  223.73428726],
         [ 528.15921951,  227.34187534],
         [ 511.78631978,  217.90664499],
         [ 507.90122493,  221.79173984],
         [ 382.19065583,  218.46165854],
         [ 385.52073713,  219.57168564],
         [ 378.86057453,  217.90664499],
         [ 374.42046612,  217.07412466],
         [ 387.46328455,  222.90176694],
         [ 383.5781897 ,  227.06436856],
         [ 391.90339295,  220.12669919],
         [ 388.85081843,  218.18415176],
         [ 389.1283252 ,  215.96409756],
         [ 391.07087263,  215.68659079],
         [ 386.07575068,  216.51911111],
         [ 381.91314905,  215.96409756],
         [ 398.56355556,  223.45678049],
         [ 397.45352846,  221.51423306],
         [ 399.11856911,  220.12669919],
         [ 409.94133333,  223.17927371],
         [ 415.21396206,  220.95921951],
         [ 401.89363686,  222.06924661],
         [ 403.00366396,  219.01667209],
         [ 406.05623848,  222.62426016],
         [ 448.51477507,  224.56680759],
         [ 448.79228184,  219.57168564],
         [ 444.90718699,  220.12669919],
         [ 439.07954472,  219.57168564],
         [ 465.16518157,  220.68171274],
         [ 458.78252575,  220.12669919],
         [ 469.88279675,  221.51423306],
         [ 403.39428039,  216.87146986],
         [ 477.56011455,  214.05828305],
         [ 475.00267199,  216.35998135],
         [ 468.09757709,  212.77956177],
         [ 459.14652814,  215.33700433],
         [ 451.72994472,  214.31402731],
         [ 453.52015451,  211.24509624],
         [ 444.31336131,  212.77956177],
         [ 436.12954512,  217.12721412],
         [ 416.94872594,  216.1042371 ]]), array([[280]], dtype=uint16))]]
