[[(array([[ 533.06708564,  582.70362355],
         [ 486.56544037,  543.43556755],
         [ 468.99815216,  585.80373324],
         [ 359.46094329,  568.23644502],
         [ 377.0282315 ,  539.30208797],
         [ 344.99376476,  524.83490944],
         [ 810.01021749,  510.36773091],
         [ 843.07805413,  512.4344707 ],
         [ 839.97794445,  477.29989427],
         [ 863.74545203,  470.066305  ],
         [ 893.71317898,  495.90055238],
         [ 918.51405646,  472.13304479],
         [ 922.64753604,  435.96509847],
         [ 935.04797478,  438.03183826],
         [ 947.44841352,  426.66476941],
         [ 958.81548237,  421.49791994],
         [ 949.51515331,  404.96400162],
         [ 935.04797478,  390.49682309],
         [ 888.54632951,  426.66476941],
         [ 870.97904129,  417.36444036],
         [ 854.44512298,  422.53128983],
         [ 833.77772508,  426.66476941],
         [ 822.41065623,  424.59802962],
         [ 786.24270991,  433.89835868],
         [ 802.77662823,  435.96509847],
         [ 767.6420518 ,  422.53128983],
         [ 755.24161306,  432.86498878],
         [ 757.30835285,  460.76597595],
         [ 724.24051621,  435.96509847],
         [ 753.17487327,  497.96729217],
         [ 724.24051621,  472.13304479],
         [   7.08180911,  495.90055238],
         [   9.1485489 ,  447.33216731],
         [  21.54898764,  430.79824899],
         [  20.51561774,  415.29770057],
         [  65.98389312,  444.23205763],
         [  94.91825018,  469.03293511],
         [  85.61792113,  477.29989427],
         [ 118.68575776,  495.90055238],
         [ 177.58784178,  488.66696311],
         [ 236.48992579,  495.90055238],
         [ 281.95820117,  461.79934584],
         [ 336.7268056 ,  443.19868773],
         [ 384.26182077,  455.59912647],
         [ 260.25743337,  520.70142986],
         [ 206.52219884,  575.47003429],
         [ 115.58564808,  541.36882776],
         [  57.71693396,  552.7358966 ],
         [  72.18411249,  539.30208797],
         [  71.1507426 ,  399.79715215],
         [ 105.25194913,  394.63030267],
         [ 115.58564808,  383.26323383],
         [ 125.91934703,  361.56246603],
         [ 109.38542871,  361.56246603],
         [ 100.08509966,  378.09638435],
         [  78.38433186,  368.7960553 ],
         [  45.31649522,  357.42898645],
         [  19.48224785,  358.46235635],
         [  29.8159468 ,  347.0952875 ],
         [  49.4499748 ,  345.02854771],
         [  76.31759207,  352.26213698],
         [  64.95052323,  357.42898645],
         [ 118.68575776,  345.02854771],
         [ 317.0927776 ,  380.16312414],
         [ 329.49321634,  378.09638435],
         [ 366.69453255,  371.89616498],
         [ 404.92921867,  383.26323383],
         [ 409.06269825,  404.96400162],
         [ 389.42867024,  404.96400162],
         [ 386.32856056,  419.43118015],
         [1090.05345903,   49.48475775],
         [1061.11910197,  339.86169824],
         [ 950.54852321,  506.23425133],
         [ 973.2826609 ,  505.20088143],
         [ 988.78320932,  484.53348353],
         [1007.38386743,  479.36663406],
         [ 988.78320932,  457.66586626],
         [ 965.01570174,  445.26542752],
         [ 982.58298995,  432.86498878],
         [1004.28375774,  428.7315092 ],
         [1009.45060722,  407.03074141],
         [ 722.17377642,  410.1308511 ],
         [ 710.80670758,  419.43118015],
         [ 436.96368541,  464.89945553],
         [ 419.3963972 ,  440.09857805],
         [ 447.29738436,  436.99846836],
         [ 196.18849989,  450.432277  ],
         [ 220.98937737,  443.19868773],
         [ 234.423186  ,  422.53128983],
         [ 235.45655589,  401.86389194],
         [ 231.32307631,  383.26323383],
         [ 251.99047421,  365.69594561],
         [ 284.02494096,  354.32887677],
         [ 302.62559907,  363.62920582],
         [ 300.55885928,  383.26323383],
         [ 327.42647655,  421.49791994],
         [ 276.79135169,  426.66476941],
         [ 272.65787211,  397.73041236],
         [ 139.35315566,  455.59912647],
         [ 134.18630619,  440.09857805],
         [ 659.13821283,  510.36773091],
         [ 700.47300863,  495.90055238],
         [ 665.3384322 ,  446.29879742],
         [ 641.57092461,  447.33216731],
         [ 618.83678692,  433.89835868],
         [ 635.37070524,  424.59802962],
         [ 657.07147304,  408.06411131],
         [ 697.37289894,  424.59802962],
         [ 605.40297829,  512.4344707 ],
         [ 555.80122333,  444.23205763],
         [ 528.93360606,  392.56356288],
         [ 609.53645787,  376.02964456],
         [ 584.73558039,  373.96290477],
         [ 536.16719533,  363.62920582],
         [ 483.46533069,  373.96290477],
         [ 488.63218016,  359.49572624],
         [ 451.43086394,  358.46235635],
         [ 443.16390478,  349.16202729],
         [ 423.52987678,  363.62920582],
         [ 392.52877993,  349.16202729],
         [ 380.12834119,  352.26213698],
         [ 357.3942035 ,  345.02854771],
         [ 349.12724434,  356.39561656],
         [ 338.79354539,  349.16202729],
         [ 323.29299697,  356.39561656],
         [ 309.85918833,  337.79495845],
         [ 303.65896896,  347.0952875 ],
         [ 799.67651854,  474.19978458],
         [ 748.00802379,  404.96400162],
         [ 805.87673791,  363.62920582],
         [ 952.615263  ,  363.62920582],
         [ 966.04907163,  363.62920582],
         [ 999.11690827,  366.72931551],
         [1018.75093627,  383.26323383],
         [ 989.81657922,  386.36334351],
         [ 970.18255121,  395.66367257],
         [ 987.74983943,  410.1308511 ],
         [ 435.93031552,  383.13406259],
         [ 452.20589136,  377.70887064],
         [ 499.74090653,  392.17604917],
         [ 491.47394737,  397.08455617],
         [ 519.11659206,  376.41715827],
         [ 541.59238728,  381.32566527],
         [ 515.24145496,  368.15019911],
         [ 570.78508681,  379.77561043],
         [ 557.60962065,  370.47528138],
         [ 552.1844287 ,  381.84235022],
         [ 547.2759217 ,  403.80146049],
         [ 584.99392286,  404.57648791],
         [ 591.71082718,  388.55925454],
         [ 621.16186919,  378.22555559],
         [ 621.16186919,  392.69273412],
         [ 630.97888319,  365.3084319 ],
         [ 593.5192245 ,  290.13077204],
         [ 561.48475775,  282.38049783],
         [ 540.30067491,  296.33099141],
         [ 568.20166207,  358.59152758],
         [ 423.52987678,  351.87462327],
         [ 405.96258856,  346.96611627],
         [ 406.99595846,  365.56677438],
         [ 410.61275309,  382.61737764],
         [ 168.24934812,  378.79933428],
         [ 150.57136978,  393.41766252],
         [ 171.30899821,  407.35606851],
         [ 227.40258332,  366.22077277],
         [ 240.32110595,  349.22271668],
         [ 255.95931755,  346.16306658],
         [ 264.79830672,  343.78333873],
         [ 272.95737365,  340.04376639],
         [ 287.91566301,  343.10341648],
         [ 136.63296378,  341.06364975],
         [ 160.43024231,  341.40361087],
         [ 158.7304367 ,  298.2285484 ],
         [ 300.83418564,  299.58839288],
         [ 192.04662665,  339.02388302],
         [ 226.38269995,  339.02388302],
         [ 215.50394405,  356.36190023],
         [ 187.28717094,  368.2605395 ],
         [ 159.41035895,  361.46131706],
         [ 165.86962026,  358.74162809],
         [ 172.6688427 ,  343.10341648],
         [ 136.63296378,  369.28042286],
         [ 204.96514928,  414.83521319],
         [ 205.98503264,  351.60244453],
         [ 373.24590459,  402.93657393],
         [ 354.54804289,  393.41766252],
         [ 370.1862545 ,  346.16306658],
         [ 379.70516591,  342.76345536],
         [ 681.03038314,  384.34786747],
         [ 686.17672712,  373.71208992],
         [ 671.76696398,  372.33973152],
         [ 642.94743772,  382.63241947],
         [ 661.47427603,  395.32673462],
         [ 641.91816892,  423.80317129],
         [ 733.1800021 ,  403.21779538],
         [ 726.66129973,  383.31859867],
         [ 716.71170138,  376.4568067 ],
         [ 785.67271067,  383.31859867],
         [ 783.61417307,  393.61128662],
         [ 769.20440994,  387.77876345],
         [ 771.60603713,  401.50234739],
         [ 817.92313292,  384.34786747],
         [ 825.81419368,  397.72836181],
         [ 839.19468802,  404.93324337],
         [ 891.68739658,  399.7868994 ],
         [ 903.69553253,  402.18852659],
         [ 907.81260771,  394.98364502],
         [ 884.82560461,  384.69095707],
         [ 924.28090843,  418.31373771],
         [ 913.30204128,  425.51861928],
         [ 902.66626373,  414.19666253],
         [ 887.913411  ,  411.10885614],
         [ 856.00607834,  448.84871197],
         [ 847.42883838,  456.73977274],
         [ 819.63858091,  466.34628149],
         [ 835.2092935 ,  379.06001002],
         [ 869.17829222,  384.99994423],
         [ 702.55449521,  273.7189894 ],
         [ 789.42603292,  287.82633313],
         [ 885.94996372,  298.22121798],
         [ 955.7441906 ,  290.79630023],
         [ 482.43196079,  482.46674374],
         [ 261.00621274,  199.95762573],
         [ 282.37162214,  187.631428  ],
         [ 254.02136736,  123.5351998 ],
         [ 245.8039022 ,  130.10917193],
         [ 244.57128243,  121.89170677],
         [ 230.60159167,  117.78297419],
         [ 220.74063348,  114.90686139],
         [ 222.79499977,  122.30258003],
         [ 206.36006946,  126.41131261],
         [ 201.01871711,  121.89170677],
         [ 189.5142659 ,  130.52004518],
         [ 184.17291355,  121.06996026],
         [ 172.66846233,  122.71345329],
         [ 163.62925066,  120.659087  ],
         [ 151.71392619,  123.5351998 ],
         [ 140.62034823,  121.89170677],
         [ 129.52677027,  126.82218586],
         [ 114.735333  ,  129.28742541],
         [ 104.46350155,  144.9006092 ],
         [ 101.17651549,  124.76781958],
         [  89.26119102,  129.28742541],
         [  81.45459912,  129.28742541],
         [  67.48490836,  130.52004518],
         [  59.26744321,  129.28742541],
         [  72.82626071,  155.5833139 ],
         [  55.98045714,  152.7072011 ],
         [  55.56958389,  162.56815928],
         [  44.47600593,  161.33553951],
         [  42.42163964,  141.61362314],
         [  38.31290706,  126.41131261],
         [  32.56068146,  132.16353821],
         [  30.91718842,  141.20274988],
         [  27.63020236,  143.66798943],
         [  15.30400463,  144.48973595],
         [  13.6605116 ,  133.80703124],
         [  17.35837092,  125.58956609],
         [  18.59099069,  163.80077906],
         [ 279.90638259,  124.76781958],
         [ 298.80655244,  125.58956609],
         [ 307.0240176 ,  118.19384745],
         [ 323.04807465,  126.82218586],
         [ 309.48925714,  138.73751034],
         [ 339.48300496,  133.39615799],
         [ 331.67641306,  146.54410223],
         [ 373.17461209,  142.43536966],
         [ 364.13540042,  117.78297419],
         [ 362.08103413,  108.33288927],
         [ 347.28959685,  118.19384745],
         [ 338.66125844,  118.19384745],
         [ 336.1960189 ,  110.38725556],
         [ 353.45269572,  122.71345329],
         [ 392.4856552 ,  114.90686139],
         [ 381.39207724,  121.89170677],
         [ 394.54002149,  139.97013011],
         [ 404.81185293,  125.58956609],
         [ 408.92058551,  116.13948116],
         [ 629.10051499,  103.15557796],
         [ 653.7794632 ,   90.94878637],
         [ 588.76502975,  105.27849823],
         [ 576.55823817,  103.68630802],
         [ 572.31239762,  107.40141851],
         [ 555.06367038,  103.15557796],
         [ 554.00221024,  117.48528982],
         [ 557.98268576,  125.18087582],
         [ 563.02462141,  141.63350795],
         [ 598.58353603,  129.95744644],
         [ 622.73175417,  124.38478071],
         [ 665.72088975,  122.79259051],
         [ 644.49168699,  107.13605347],
         [ 646.61460727,   93.86780175],
         [ 665.19015968,  101.82875278],
         [ 673.15111072,   98.64437237],
         [ 681.90815685,   98.64437237],
         [ 691.72666313,   99.44046747],
         [ 694.11494844,   93.33707168],
         [ 710.30221554,   97.58291223],
         [ 713.75196099,   90.68342134],
         [ 719.32462671,   90.15269127],
         [ 727.81630782,   84.84539058],
         [ 733.12360851,   88.29513602],
         [ 739.75773437,   87.23367589],
         [ 743.47284485,   97.05218216],
         [ 760.45620706,   80.33418499],
         [ 768.94788816,   94.39853182],
         [ 781.68540981,   86.96831085],
         [ 788.31953568,   81.9263752 ],
         [ 801.32242236,   91.47951644],
         [ 627.77368982,  194.97187988],
         [ 555.32903541,  182.23435823],
         [ 822.29754859,   86.03595203],
         [ 812.57424338,   90.89760464],
         [ 829.70578114,   89.7400683 ],
         [ 834.33592648,   89.27705377],
         [ 839.89210089,   90.89760464],
         [ 840.58662269,   97.61131538],
         [ 852.85650784,   93.21267731],
         [ 869.52503107,   87.19348837],
         [ 886.42506156,  100.15789532],
         [ 895.45384497,   95.75925725],
         [ 903.09358479,  109.88120054],
         [ 915.36346994,  100.15789532],
         [ 926.93883329,  102.70447526],
         [ 939.90324024,  103.39899706],
         [ 942.21831291,   98.53734445],
         [ 955.87724167,  105.48256246],
         [ 961.43341608,   99.23186625],
         [ 965.13753235,  101.31543166],
         [ 983.42660644,  107.10311333],
         [ 989.67730265,  109.18667874],
         [ 997.31704247,  105.71406973],
         [1011.43898576,  112.19627321],
         [ 421.56959708,  119.02492105],
         [ 415.96258208,  137.59815826],
         [ 428.92880428,  119.37535949],
         [ 447.15160304,  121.12755168],
         [ 453.10905648,  118.67448261],
         [ 446.10028773,  136.54684294],
         [ 467.47703243,  114.8196598 ],
         [ 484.64851589,  116.22141355],
         [ 477.99018557,  129.18763575],
         [ 500.06780715,  126.03368981],
         [ 505.67482216,  110.61439854],
         [ 502.87131465,   99.75080697],
         [ 521.09411342,  106.40913729],
         [ 520.74367498,  120.07623636],
         [ 534.06033562,  127.43544356],
         [ 538.26559687,  109.56308323],
         [ 545.27436563,   97.99861478],
         [ 507.07657591,  171.24024828],
         [ 531.25682812,  163.18016422],
         [ 503.92262997,  158.27402609],
         [ 472.733609  ,  168.78717922],
         [ 456.61344086,  179.30033235],
         [ 588.37829348,  216.09636832],
         [ 647.60238947,  227.66083677],
         [ 603.44464279,  102.91260652],
         [ 613.67441302,  102.91260652],
         [ 262.79329414,  123.37214698],
         [ 276.09199544,  119.28023889],
         [  94.00208535,  356.61090822],
         [  53.08300443,  398.55296616],
         [ 332.3557317 ,  500.85066846],
         [ 480.68740003,  428.21929983],
         [ 448.97511232,  419.01250662],
         [ 442.83725018,  394.46105807],
         [ 502.16991751,  459.93158754],
         [ 510.3537337 ,  415.94357555],
         [ 589.12296447,  439.47204708],
         [ 633.11097646,  491.64387525],
         [1012.63545198,  447.65586326],
         [ 966.60148595,  466.06944968]]), array([[373]], dtype=uint16))]]
