[[(array([[ 67.12958716, 379.13474771],
         [511.3337156 , 351.08772936],
         [533.31651376, 348.05561927],
         [468.88417431, 365.49025229],
         [468.88417431, 384.44094037],
         [448.41743119, 400.35951835],
         [453.72362385, 392.77924312],
         [441.59518349, 376.86066514],
         [393.83944954, 372.3125    ],
         [381.71100917, 376.86066514],
         [398.38761468, 409.45584862],
         [ 26.95412844, 626.25172018],
         [ 83.80619266, 650.50860092],
         [109.57912844, 626.25172018],
         [ 70.16169725, 577.73795872],
         [ 76.22591743, 539.83658257],
         [ 48.93692661, 537.5625    ],
         [ 22.4059633 , 566.36754587],
         [  6.48738532, 556.51318807],
         [ 20.13188073, 528.46616972],
         [ 39.84059633, 504.20928899],
         [ 44.38876147, 489.04873853],
         [ 21.64793578, 486.01662844],
         [  4.97133028, 505.72534404],
         [ 39.84059633, 472.37213303],
         [ 60.30733945, 472.37213303],
         [ 33.01834862, 445.84116972],
         [ 14.06766055, 433.71272936],
         [  9.51949541, 449.63130734],
         [  7.24541284, 457.96961009],
         [ 80.77408257, 426.13245413],
         [ 49.69495413, 435.2287844 ],
         [ 95.93463303, 462.51777523],
         [123.22362385, 465.54988532],
         [129.28784404, 408.6978211 ],
         [153.54472477, 412.48795872],
         [ 43.63073394, 376.86066514],
         [ 51.9690367 , 373.07052752],
         [580.31422018, 537.5625    ],
         [553.78325688, 643.68635321],
         [615.18348624, 639.8962156 ],
         [695.53440367, 645.20240826],
         [665.21330275, 632.31594037],
         [626.55389908, 523.91800459],
         [638.68233945, 513.30561927],
         [656.875     , 507.24139908],
         [111.09518349, 533.77236239],
         [126.25573394, 504.96731651],
         [155.06077982, 525.43405963],
         [141.4162844 , 501.1771789 ],
         [186.89793578, 630.0418578 ],
         [192.96215596, 592.89850917],
         [114.12729358, 614.12327982],
         [174.01146789, 373.82855505],
         [192.20412844, 367.76433486],
         [177.8016055 , 349.57167431],
         [114.12729358, 376.86066514],
         [ 34.53440367, 403.39162844],
         [113.36926606, 441.29300459],
         [145.20642202, 442.05103211],
         [156.57683486, 452.66341743],
         [180.8337156 , 425.37442661],
         [195.99426606, 425.37442661],
         [209.63876147, 396.56938073],
         [204.33256881, 380.65080275],
         [211.15481651, 362.4581422 ],
         [230.86353211, 385.95699541],
         [255.87844037, 393.53727064],
         [268.00688073, 428.4065367 ],
         [223.28325688, 425.37442661],
         [230.86353211, 435.2287844 ],
         [214.18692661, 442.05103211],
         [195.23623853, 436.74483945],
         [197.5103211 , 447.35722477],
         [177.04357798, 463.27580275],
         [171.73738532, 489.04873853],
         [157.33486239, 484.50057339],
         [179.31766055, 477.67832569],
         [199.78440367, 479.19438073],
         [217.2190367 , 482.98451835],
         [226.31536697, 482.98451835],
         [203.57454128, 461.75974771],
         [237.68577982, 458.72763761],
         [226.31536697, 456.45355505],
         [261.94266055, 453.42144495],
         [252.84633028, 477.67832569],
         [278.61926606, 474.6462156 ],
         [278.61926606, 495.11295872],
         [242.23394495, 501.1771789 ],
         [220.25114679, 510.27350917],
         [240.71788991, 545.14277523],
         [201.30045872, 509.51548165],
         [280.1353211 , 550.44896789],
         [271.79701835, 565.60951835],
         [315.76261468, 567.88360092],
         [347.59977064, 558.78727064],
         [281.65137615, 643.68635321],
         [229.34747706, 610.3331422 ],
         [ 92.90252294, 501.93520642],
         [ 70.91972477, 429.92259174],
         [283.16743119, 398.08543578],
         [271.79701835, 388.9891055 ],
         [288.47362385, 376.86066514],
         [265.73279817, 372.3125    ],
         [304.39220183, 367.00630734],
         [289.9896789 , 361.70011468],
         [330.16513761, 382.1668578 ],
         [335.47133028, 400.35951835],
         [311.21444954, 389.74713303],
         [329.40711009, 433.71272936],
         [365.79243119, 429.92259174],
         [509.81766055, 542.86869266],
         [474.19036697, 582.28612385],
         [468.88417431, 627.76777523],
         [477.22247706, 647.47649083],
         [408.24197248, 661.12098624],
         [432.49885321, 642.92832569],
         [387.01720183, 573.18979358],
         [440.83715596, 560.30332569],
         [401.41972477, 514.82167431],
         [378.67889908, 502.69323394],
         [350.63188073, 492.08084862],
         [344.56766055, 467.06594037],
         [323.34288991, 456.45355505],
         [309.6983945 , 482.98451835],
         [296.81192661, 470.85607798],
         [289.9896789 , 456.45355505],
         [310.45642202, 414.00401376],
         [353.66399083, 388.9891055 ],
         [330.92316514, 354.11983945],
         [362.7603211 , 364.73222477],
         [399.1456422 , 328.34690367],
         [498.44724771, 409.45584862],
         [490.86697248, 393.53727064],
         [496.17316514, 435.2287844 ],
         [481.01261468, 440.53497706],
         [462.06192661, 429.92259174],
         [447.65940367, 433.71272936],
         [431.74082569, 444.32511468],
         [412.79013761, 454.9375    ],
         [430.22477064, 473.13016055],
         [446.90137615, 460.24369266],
         [408.24197248, 473.13016055],
         [322.58486239, 516.33772936],
         [326.375     , 542.86869266],
         [371.85665138, 488.29071101],
         [370.34059633, 464.03383028],
         [390.04931193, 425.37442661],
         [405.20986239, 387.47305046],
         [553.78325688, 346.53956422],
         [545.44495413, 365.49025229],
         [562.87958716, 385.95699541],
         [543.17087156, 395.05332569],
         [528.0103211 , 385.95699541],
         [519.67201835, 380.65080275],
         [496.17316514, 380.65080275],
         [515.12385321, 391.26318807],
         [537.8646789 , 424.61639908],
         [520.43004587, 449.63130734],
         [502.23738532, 470.85607798],
         [502.23738532, 457.21158257],
         [486.31880734, 467.82396789],
         [492.38302752, 493.59690367],
         [461.30389908, 479.19438073],
         [464.33600917, 504.96731651],
         [448.41743119, 510.27350917],
         [450.69151376, 537.5625    ],
         [514.36582569, 523.91800459],
         [535.59059633, 501.93520642],
         [535.59059633, 526.95011468],
         [546.20298165, 470.85607798],
         [546.96100917, 449.63130734],
         [563.63761468, 460.24369266],
         [568.94380734, 458.72763761],
         [571.97591743, 444.32511468],
         [571.97591743, 426.13245413],
         [598.50688073, 470.85607798],
         [623.52178899, 461.75974771],
         [669.76146789, 532.25630734],
         [644.74655963, 520.12786697],
         [769.06307339, 573.18979358],
         [724.33944954, 555.75516055],
         [724.33944954, 525.43405963],
         [700.08256881, 495.11295872],
         [684.16399083, 473.88818807],
         [655.35894495, 470.85607798],
         [655.35894495, 449.63130734],
         [660.66513761, 444.32511468],
         [639.44036697, 440.53497706],
         [625.03784404, 428.4065367 ],
         [609.11926606, 391.26318807],
         [608.36123853, 372.3125    ],
         [571.97591743, 370.79644495],
         [620.4896789 , 348.05561927],
         [635.65022936, 346.53956422],
         [659.14908257, 364.73222477],
         [665.21330275, 379.13474771],
         [642.47247706, 380.65080275],
         [638.68233945, 396.56938073],
         [667.48738532, 414.00401376],
         [681.13188073, 401.87557339],
         [696.29243119, 370.03841743],
         [711.45298165, 380.65080275],
         [684.92201835, 380.65080275],
         [711.45298165, 363.97419725],
         [694.77637615, 349.57167431],
         [720.54931193, 356.39392202],
         [763.75688073, 348.05561927],
         [769.06307339, 358.66800459],
         [808.48050459, 349.57167431],
         [790.28784404, 391.26318807],
         [803.17431193, 465.54988532],
         [786.49770642, 483.74254587],
         [767.54701835, 514.82167431],
         [778.91743119, 534.53038991],
         [814.54472477, 541.35263761],
         [796.35206422, 521.64392202],
         [799.38417431, 605.78497706],
         [709.93692661, 465.54988532],
         [687.95412844, 437.50286697],
         [712.21100917, 433.71272936],
         [737.98394495, 433.71272936],
         [732.67775229, 420.06823394],
         [706.14678899, 415.52006881],
         [711.45298165, 412.48795872],
         [732.67775229, 398.8434633 ],
         [766.78899083, 398.08543578],
         [756.1766055 , 370.79644495],
         [741.01605505, 370.79644495],
         [809.23853211, 367.76433486],
         [805.4483945 , 393.53727064],
         [784.98165138, 451.90538991],
         [762.99885321, 458.72763761],
         [762.99885321, 426.89048165],
         [737.22591743, 468.58199541],
         [567.42775229, 401.87557339],
         [599.26490826, 425.37442661],
         [590.16857798, 404.14965596],
         [588.65252294, 382.1668578 ],
         [477.98050459, 356.39392202],
         [416.58027523, 388.9891055 ],
         [364.27637615, 398.8434633 ],
         [368.06651376, 391.26318807],
         [344.56766055, 375.34461009],
         [772.85321101, 380.65080275],
         [747.08027523, 392.77924312],
         [728.12958716, 380.65080275],
         [605.32912844, 343.50745413],
         [391.56536697, 470.85607798],
         [395.35550459, 490.56479358],
         [411.27408257, 429.92259174],
         [347.59977064, 416.27809633],
         [264.21674312, 436.74483945],
         [272.55504587, 451.90538991],
         [308.18233945, 426.89048165],
         [ 89.11238532, 448.11525229],
         [ 65.61353211, 447.35722477],
         [453.72362385, 414.00401376],
         [427.19266055, 401.87557339],
         [474.9483945 , 423.10034404],
         [524.22018349, 440.53497706],
         [697.05045872, 399.60149083],
         [785.7396789 , 370.79644495],
         [745.56422018, 359.42603211],
         [815.30275229, 451.14736239],
         [632.61811927, 449.63130734],
         [601.53899083, 444.32511468],
         [559.84747706, 416.27809633],
         [524.22018349, 488.29071101],
         [256.63646789, 431.43864679],
         [316.92904074, 354.45203679],
         [397.70827858, 638.48226018],
         [642.65177398, 406.56767411],
         [319.5348226 , 365.74375821],
         [172.74244415, 390.06438896]]), array([[275]], dtype=uint16))]]
