[[(array([[ 94.70063949, 518.47881695],
         [ 73.93804956, 491.56434852],
         [-18.3401279 , 390.82733813],
         [420.75019984, 523.86171063],
         [406.13948841, 496.94724221],
         [456.89248601, 540.01039169],
         [463.04436451, 592.30135891],
         [483.80695444, 560.0039968 ],
         [566.08832934, 587.68745004],
         [565.31934452, 532.32054357],
         [536.09792166, 495.40927258],
         [506.10751399, 503.86810552],
         [484.57593925, 466.95683453],
         [346.92765787, 565.38689049],
         [306.94044764, 593.07034373],
         [366.92126299, 624.59872102],
         [346.15867306, 521.5547562 ],
         [355.38649081, 473.87769784],
         [310.7853717 , 543.85531575],
         [303.86450839, 525.39968026],
         [296.17466027, 518.47881695],
         [289.25379696, 490.0263789 ],
         [272.3361311 , 484.64348521],
         [258.49440448, 534.627498  ],
         [189.28577138, 588.45643485],
         [130.84292566, 551.54516387],
         [181.59592326, 509.2509992 ],
         [152.3745004 , 495.40927258],
         [126.22901679, 483.8745004 ],
         [ 93.16266986, 471.57074341],
         [ 50.09952038, 532.32054357],
         [ 84.70383693, 556.92805755],
         [181.59592326, 557.69704237],
         [190.82374101, 534.627498  ],
         [225.42805755, 483.10551559],
         [240.8077538 , 480.79856115],
         [214.66227018, 461.57394085],
         [188.51678657, 463.11191047],
         [173.13709033, 456.19104716],
         [154.68145484, 466.18784972],
         [136.99480416, 457.72901679],
         [119.30815348, 464.6498801 ],
         [ 70.0931255 , 466.95683453],
         [ 65.47921663, 452.3461231 ],
         [ 50.09952038, 443.88729017],
         [ 54.71342926, 466.95683453],
         [ 39.33373301, 492.33333333],
         [ 65.47921663, 433.1215028 ],
         [ 72.40007994, 432.35251799],
         [ 36.06554756, 428.31534772],
         [ 91.04796163, 437.15867306],
         [ 86.04956035, 428.31534772],
         [ 94.12390088, 420.6254996 ],
         [101.42925659, 426.00839329],
         [104.88968825, 438.69664269],
         [ 92.20143885, 446.0019984 ],
         [ 71.43884892, 442.15707434],
         [325.97282174, 454.84532374],
         [342.5059952 , 444.84852118],
         [363.65307754, 444.84852118],
         [379.41726619, 448.69344524],
         [373.6498801 , 467.14908074],
         [392.8745004 , 438.31215028],
         [402.87130296, 431.00679456],
         [224.46682654, 455.61430855],
         [242.92246203, 451.38489209],
         [225.23581135, 441.38808953],
         [200.62829736, 440.61910472],
         [183.71063149, 443.69504396],
         [189.09352518, 436.77418066],
         [162.94804157, 438.31215028],
         [173.32933653, 433.313749  ],
         [159.48760991, 428.31534772],
         [841.57713829, 547.89248601],
         [885.02478018, 570.96203038],
         [903.48041567, 568.27058353],
         [841.57713829, 486.75819345],
         [917.32214229, 474.45443645],
         [889.63868905, 436.77418066],
         [886.94724221, 421.77897682],
         [914.24620304, 419.47202238],
         [924.627498  , 414.0891287 ],
         [918.0911271 , 451.38489209],
         [744.30055955, 516.74860112],
         [767.37010392, 504.06035172],
         [768.13908873, 570.57753797],
         [750.45243805, 562.11870504],
         [749.68345324, 605.95083933],
         [646.254996  , 548.66147082],
         [619.34052758, 614.40967226],
         [611.26618705, 504.06035172],
         [627.0303757 , 515.97961631],
         [572.04796163, 528.2833733 ],
         [568.20303757, 483.6822542 ],
         [590.50359712, 475.99240608],
         [528.21582734, 474.06994404],
         [642.79456435, 459.07474021],
         [648.17745803, 439.8501199 ],
         [702.00639488, 439.4656275 ],
         [683.55075939, 428.31534772],
         [677.7833733 , 423.31694644],
         [663.55715428, 422.16346922],
         [659.71223022, 435.23621103],
         [644.71702638, 421.39448441],
         [641.25659472, 434.08273381],
         [635.48920863, 491.75659472],
         [682.39728217, 512.90367706],
         [703.1598721 , 501.36890488],
         [742.76258993, 441.77258193],
         [725.46043165, 432.92925659],
         [712.77218225, 424.85491607],
         [764.29416467, 439.4656275 ],
         [781.98081535, 424.08593125],
         [800.82094325, 432.16027178],
         [822.73701039, 431.00679456],
         [850.03597122, 427.1618705 ],
         [860.03277378, 437.15867306],
         [844.26858513, 461.38169464],
         [790.82414069, 475.99240608],
         [775.05995204, 470.22501998],
         [777.75139888, 411.39768185],
         [805.43485212, 410.62869704],
         [823.89048761, 412.16666667],
         [818.50759392, 406.78377298],
         [834.65627498, 412.55115907],
         [846.19104716, 410.62869704],
         [756.98880895, 417.54956035],
         [759.6802558 , 426.7773781 ],
         [740.45563549, 426.7773781 ],
         [697.77697842, 425.62390088],
         [671.6314948 , 437.92765787],
         [617.41806555, 432.92925659],
         [623.56994404, 426.00839329],
         [608.57474021, 429.46882494],
         [605.49880096, 425.62390088],
         [591.27258193, 437.92765787],
         [586.27418066, 428.31534772],
         [573.20143885, 424.47042366],
         [548.20943245, 428.31534772],
         [515.14308553, 445.617506  ],
         [533.59872102, 447.15547562],
         [526.67785771, 425.62390088],
         [534.36770584, 424.47042366],
         [537.82813749, 427.1618705 ],
         [599.73141487, 424.08593125],
         [597.03996803, 434.85171863],
         [580.12230216, 416.78057554],
         [561.28217426, 421.39448441],
         [503.99280576, 428.31534772],
         [513.60511591, 428.69984013],
         [483.03796962, 433.98661071],
         [476.30935252, 430.33393285],
         [456.50799361, 434.17885691],
         [442.66626699, 438.60051958],
         [416.90527578, 447.63609113],
         [409.59992006, 438.02378098],
         [420.75019984, 432.25639488],
         [436.8988809 , 433.98661071],
         [473.81015188, 489.54576339],
         [424.5951239 , 494.25579536],
         [225.81254996, 452.73061551],
         [297.7126299 , 452.3461231 ],
         [310.4008793 , 439.27338129],
         [219.46842526, 424.95103917],
         [246.76738609, 424.95103917],
         [253.11151079, 429.75719424],
         [275.02757794, 450.13529177],
         [257.53317346, 444.75239808],
         [286.75459632, 443.98341327],
         [317.32174261, 443.21442846],
         [318.66746603, 428.41147082],
         [414.02158273, 377.85071942],
         [186.20983213, 423.02857714],
         [232.15667466, 423.79756195],
         [228.5039968 , 430.33393285],
         [246.19064748, 440.13848921],
         [362.69184652, 432.44864109],
         [448.43365308, 430.62230216],
         [370.76618705, 432.06414868],
         [354.617506  , 432.44864109],
         [453.43205436, 424.95103917],
         [494.76498801, 420.7216227 ],
         [437.66786571, 427.64248601],
         [420.36570743, 425.52777778],
         [401.33333333, 426.8735012 ],
         [330.77897682, 435.04396483],
         [331.54796163, 425.43165468],
         [326.16506795, 425.81614708],
         [342.69824141, 428.12310152],
         [306.55595524, 418.51079137],
         [120.8461231 , 425.43165468],
         [110.08033573, 426.9696243 ],
         [ 58.55835332, 429.27657874],
         [133.1498801 , 421.58673062],
         [126.9980016 , 432.35251799],
         [140.07074341, 426.9696243 ],
         [148.52957634, 427.73860911],
         [140.07074341, 421.58673062],
         [137.76378897, 441.58033573],
         [200.05155875, 426.9696243 ],
         [204.66546763, 420.04876099],
         [209.2793765 , 425.43165468],
         [198.89808153, 455.61430855],
         [296.55915268, 415.62709832],
         [256.57194245, 411.78217426],
         [246.57513989, 416.78057554],
         [223.12110312, 414.4736211 ],
         [209.2793765 , 416.78057554],
         [370.38169464, 422.54796163],
         [364.99880096, 422.54796163],
         [380.3784972 , 420.24100719],
         [353.84852118, 418.70303757],
         [532.63749001, 495.21702638],
         [435.36091127, 415.62709832],
         [419.21223022, 414.85811351],
         [351.92605915, 444.07953637],
         [299.25059952, 428.31534772],
         [273.10511591, 431.77577938],
         [280.41047162, 427.93085532],
         [273.48960831, 422.93245404],
         [261.57034373, 431.77577938],
         [410.36890488, 418.31854516],
         [381.53197442, 427.93085532],
         [276.95003997, 414.0891287 ],
         [448.81814548, 416.78057554],
         [244.26818545, 434.08273381],
         [486.11390887, 424.08593125],
         [461.12190248, 431.77577938],
         [250.42006395, 432.54476419],
         [476.11710631, 409.85971223],
         [458.81494804, 416.78057554],
         [464.96682654, 420.24100719],
         [524.94764189, 455.61430855],
         [762.17945643, 400.05515588],
         [689.89488409, 410.82094325],
         [702.9676259 , 407.745004  ],
         [615.30335731, 410.82094325],
         [600.69264588, 414.66586731],
         [591.46482814, 410.82094325],
         [506.8764988 , 407.745004  ],
         [513.79736211, 414.66586731],
         [490.72781775, 410.82094325],
         [485.34492406, 411.58992806],
         [542.24980016, 414.66586731],
         [533.79096723, 410.82094325],
         [528.40807354, 413.12789768],
         [522.25619504, 406.97601918],
         [171.5991207 , 425.43165468],
         [166.21622702, 423.12470024],
         [123.15307754, 441.58033573],
         [313.09232614, 425.43165468],
         [336.93085532, 423.89368505],
         [347.69664269, 416.20383693],
         [398.44964029, 414.66586731],
         [406.90847322, 412.35891287],
         [413.06035172, 410.82094325],
         [434.59192646, 410.82094325],
         [442.28177458, 410.82094325],
         [665.2873701 , 523.86171063],
         [816.7773781 , 468.49480416],
         [608.382494  , 411.58992806],
         [628.37609912, 416.97282174],
         [622.22422062, 414.66586731],
         [707.58153477, 416.97282174],
         [722.96123102, 414.66586731],
         [270.79816147, 439.27338129],
         [243.88369305, 412.35891287],
         [235.42486011, 412.35891287],
         [-88.3177458 , 387.75139888],
         [ 53.94444444, 564.61790568]]), array([[270]], dtype=uint16))]]
