[[(array([[ 20.00439648, 406.01598721],
         [ 53.89728217, 427.11910472],
         [ 26.39928058, 350.3804956 ],
         [ 14.88848921, 328.63788969],
         [ 23.20183853, 316.48760991],
         [ 73.08193445, 297.94244604],
         [151.09952038, 319.68505196],
         [183.07394085, 392.58673062],
         [163.88928857, 415.60831335],
         [193.3057554 , 308.17426059],
         [230.39608313, 310.73221423],
         [273.88129496, 283.23421263],
         [297.54236611, 336.95123901],
         [291.78697042, 372.12310152],
         [412.01079137, 437.99040767],
         [383.23381295, 345.26458833],
         [388.34972022, 318.40607514],
         [362.77018385, 312.01119105],
         [349.34092726, 290.90807354],
         [380.67585931, 283.87370104],
         [468.28577138, 341.42765787],
         [440.78776978, 310.09272582],
         [525.20023981, 363.8097522 ],
         [553.33772982, 327.35891287],
         [533.51358913, 294.745004  ],
         [509.21302958, 280.67625899],
         [561.65107914, 304.33733014],
         [601.93884892, 315.20863309],
         [650.53996803, 312.65067946],
         [655.01638689, 283.23421263],
         [626.23940847, 283.87370104],
         [690.1882494 , 285.79216627],
         [687.63029576, 306.89528377],
         [ 23.84132694, 280.67625899],
         [ 34.07314149, 264.68904876],
         [ 12.97002398, 247.42286171],
         [ 16.80695444, 233.99360512],
         [  2.09872102, 232.7146283 ],
         [ 41.7470024 , 290.90807354],
         [ 50.06035172, 257.65467626],
         [ 55.17625899, 238.47002398],
         [ 64.12909672, 227.59872102],
         [103.13788969, 250.62030376],
         [129.35691447, 262.13109512],
         [115.92765787, 282.59472422],
         [ 83.313749  , 278.11830536],
         [ 85.87170264, 248.70183853],
         [186.9108713 , 271.72342126],
         [215.04836131, 280.67625899],
         [213.76938449, 260.85211831],
         [254.05715428, 274.2813749 ],
         [251.49920064, 250.62030376],
         [280.91566747, 251.25979217],
         [277.71822542, 267.2470024 ],
         [321.84292566, 275.56035172],
         [330.15627498, 296.02398082],
         [327.59832134, 261.49160671],
         [349.98041567, 265.32853717],
         [397.94204636, 265.96802558],
         [374.92046363, 254.45723421],
         [412.01079137, 280.67625899],
         [430.55595524, 287.07114309],
         [448.4616307 , 269.16546763],
         [427.9980016 , 255.73621103],
         [457.41446843, 244.86490807],
         [475.95963229, 245.50439648],
         [482.9940048 , 260.85211831],
         [463.16986411, 265.96802558],
         [458.69344524, 287.07114309],
         [537.35051958, 257.65467626],
         [494.50479616, 242.30695444],
         [523.28177458, 233.35411671],
         [488.10991207, 227.59872102],
         [499.62070344, 228.87769784],
         [507.93405276, 220.56434852],
         [537.99000799, 214.80895284],
         [555.89568345, 248.06235012],
         [561.01159073, 233.99360512],
         [584.03317346, 239.10951239],
         [601.29936051, 235.91207034],
         [611.53117506, 220.56434852],
         [632.63429257, 233.99360512],
         [638.38968825, 253.8177458 ],
         [645.42406075, 265.96802558],
         [655.01638689, 233.35411671],
         [670.36410871, 218.00639488],
         [673.56155076, 205.85611511],
         [682.51438849, 202.65867306],
         [677.39848122, 226.3197442 ],
         [685.71183054, 261.49160671],
         [666.52717826, 258.29416467],
         [663.32973621, 204.57713829],
         [636.47122302, 207.77458034],
         [630.07633893, 205.2166267 ],
         [646.06354916, 196.26378897],
         [651.81894484, 201.37969624],
         [618.56554756, 202.01918465],
         [610.25219824, 193.06634692],
         [600.6598721 , 203.93764988],
         [605.13629097, 201.37969624],
         [592.98601119, 216.72741807],
         [579.5567546 , 213.52997602],
         [587.23061551, 209.05355715],
         [576.99880096, 195.62430056],
         [582.75419664, 178.35811351],
         [592.34652278, 174.52118305],
         [592.98601119, 164.28936851],
         [582.11470823, 163.01039169],
         [578.27777778, 170.6842526 ],
         [576.99880096, 162.37090328],
         [569.96442846, 182.19504396],
         [566.76698641, 164.92885691],
         [559.73261391, 160.45243805],
         [556.53517186, 164.92885691],
         [553.97721823, 173.88169464],
         [557.17466027, 180.27657874],
         [541.18745004, 180.91606715],
         [541.82693845, 168.12629896],
         [545.6638689 , 158.53397282],
         [530.31614708, 159.17346123],
         [526.47921663, 165.56834532],
         [534.15307754, 161.09192646],
         [536.07154277, 167.48681055],
         [535.43205436, 180.91606715],
         [543.74540368, 199.46123102],
         [552.69824141, 193.70583533],
         [544.38489209, 208.41406875],
         [555.89568345, 201.37969624],
         [566.76698641, 203.29816147],
         [570.60391687, 221.84332534],
         [559.0931255 , 222.48281375],
         [555.25619504, 212.89048761],
         [517.5263789 , 218.64588329],
         [507.93405276, 198.82174261],
         [517.5263789 , 198.82174261],
         [523.28177458, 176.43964828],
         [519.44484412, 162.37090328],
         [506.65507594, 159.17346123],
         [513.04996003, 166.20783373],
         [511.77098321, 177.07913669],
         [491.94684253, 161.09192646],
         [477.87809752, 157.254996  ],
         [477.23860911, 174.52118305],
         [496.42326139, 180.27657874],
         [479.79656275, 214.16946443],
         [493.22581934, 210.33253397],
         [513.04996003, 204.57713829],
         [496.42326139, 203.29816147],
         [454.85651479, 228.23820943],
         [429.91646683, 227.59872102],
         [419.04516387, 241.02797762],
         [399.86051159, 236.55155875],
         [405.61590727, 216.72741807],
         [385.79176659, 216.08792966],
         [400.5       , 200.10071942],
         [417.76618705, 199.46123102],
         [427.35851319, 197.54276579],
         [437.59032774, 193.70583533],
         [445.90367706, 196.90327738],
         [431.83493205, 158.53397282],
         [462.5303757 , 204.57713829],
         [448.4616307 , 205.2166267 ],
         [452.29856115, 202.01918465],
         [433.75339728, 200.74020783],
         [479.79656275, 198.82174261],
         [371.08353317, 145.74420464],
         [440.14828137, 148.30215827],
         [373.64148681, 150.2206235 ],
         [353.17785771, 159.81294964],
         [356.37529976, 148.94164668],
         [366.60711431, 163.6498801 ],
         [342.94604317, 145.10471623],
         [341.02757794, 152.77857714],
         [338.4696243 , 156.61550759],
         [330.79576339, 142.54676259],
         [325.67985612, 150.86011191],
         [328.23780975, 159.17346123],
         [312.25059952, 147.02318145],
         [305.21622702, 151.49960032],
         [295.62390088, 141.90727418],
         [277.71822542, 145.10471623],
         [270.04436451, 153.41806555],
         [275.16027178, 159.81294964],
         [282.83413269, 150.86011191],
         [278.35771383, 150.86011191],
         [282.19464428, 161.09192646],
         [286.03157474, 168.76578737],
         [290.50799361, 165.56834532],
         [292.42645883, 157.254996  ],
         [300.10031974, 154.69704237],
         [303.9372502 , 162.37090328],
         [322.48241407, 166.20783373],
         [341.02757794, 163.6498801 ],
         [357.65427658, 250.62030376],
         [351.8988809 , 235.91207034],
         [362.13069544, 218.64588329],
         [384.51278977, 229.51718625],
         [428.63749001, 216.72741807],
         [442.0667466 , 211.61151079],
         [368.52557954, 202.01918465],
         [379.39688249, 199.46123102],
         [387.07074341, 196.90327738],
         [356.37529976, 202.01918465],
         [344.86450839, 214.16946443],
         [374.92046363, 214.80895284],
         [319.92446043, 239.7490008 ],
         [307.77418066, 241.66746603],
         [314.16906475, 228.87769784],
         [309.69264588, 214.80895284],
         [320.56394884, 213.52997602],
         [326.95883293, 212.2509992 ],
         [312.25059952, 203.93764988],
         [289.8685052 , 214.16946443],
         [280.27617906, 226.3197442 ],
         [289.22901679, 228.87769784],
         [259.81254996, 232.07513989],
         [248.30175859, 226.95923261],
         [224.00119904, 229.51718625],
         [220.16426859, 249.98081535],
         [204.17705835, 258.29416467],
         [229.11710631, 262.77058353],
         [271.96282974, 238.47002398],
         [294.34492406, 241.66746603],
         [338.4696243 , 194.34532374],
         [334.63269384, 206.49560352],
         [315.44804157, 195.62430056],
         [258.53357314, 191.14788169],
         [255.3361311 , 196.90327738],
         [265.56794564, 193.70583533],
         [284.75259792, 198.1822542 ],
         [290.50799361, 200.10071942],
         [266.84692246, 200.74020783],
         [280.91566747, 209.69304556],
         [232.31454836, 210.33253397],
         [225.28017586, 216.08792966],
         [216.96682654, 218.00639488],
         [198.42166267, 233.99360512],
         [202.89808153, 221.20383693],
         [213.76938449, 206.49560352],
         [238.06994404, 186.03197442],
         [238.06994404, 179.63709033],
         [225.91966427, 182.19504396],
         [223.36171063, 189.86890488],
         [216.96682654, 196.90327738],
         [234.872502  , 198.1822542 ],
         [183.71342926, 243.58593125],
         [211.85091926, 241.02797762],
         [155.57593925, 237.19104716],
         [141.50719424, 240.38848921],
         [136.39128697, 232.7146283 ],
         [151.09952038, 228.23820943],
         [147.90207834, 212.89048761],
         [154.93645084, 204.57713829],
         [164.52877698, 203.29816147],
         [175.40007994, 216.08792966],
         [199.70063949, 204.57713829],
         [190.10831335, 218.00639488],
         [214.4088729 , 178.99760192],
         [203.53756994, 180.91606715],
         [208.01398881, 179.63709033],
         [194.58473221, 179.63709033],
         [184.35291767, 189.86890488],
         [172.8421263 , 194.98481215],
         [  2.09872102, 173.24220624],
         [ 23.84132694, 172.60271783],
         [ 64.12909672, 172.60271783],
         [ 19.36490807, 210.97202238],
         [  8.49360512, 209.69304556],
         [ 39.82853717, 195.62430056],
         [ 46.86290967, 200.10071942],
         [ 51.97881695, 203.29816147],
         [ 71.80295763, 200.10071942],
         [ 85.23221423, 203.93764988],
         [ 99.30095923, 205.2166267 ],
         [108.89328537, 214.80895284],
         [120.40407674, 216.08792966],
         [122.32254197, 239.10951239],
         [ 97.382494  , 235.91207034],
         [105.05635492, 226.3197442 ],
         [ 93.54556355, 215.44844125],
         [125.51998401, 196.90327738],
         [131.91486811, 199.46123102],
         [139.58872902, 196.90327738],
         [127.43844924, 210.33253397],
         [110.17226219, 200.74020783],
         [117.8461231 , 189.22941647],
         [726.57392607, 355.47052947],
         [726.57392607, 304.32167832],
         [733.76673327, 283.54245754],
         [769.73076923, 292.33366633],
         [761.73876124, 270.75524476],
         [793.70679321, 273.15284715],
         [714.58591409, 253.17282717],
         [721.77872128, 234.79120879],
         [701.7987013 , 240.38561439],
         [697.8026973 , 225.2007992 ],
         [714.58591409, 216.40959041],
         [752.14835165, 228.3976024 ],
         [736.16433566, 223.6023976 ],
         [722.57792208, 202.82317682],
         [ 14.52597403, 191.57142857],
         [ 23.87662338, 196.55844156],
         [ 40.08441558, 184.09090909],
         [ 47.56493506, 187.83116883],
         [ 24.5       , 182.22077922],
         [  4.55194805, 184.09090909],
         [ 40.08441558, 234.58441558],
         [ 38.21428571, 205.90909091],
         [ 38.83766234, 219.62337662],
         [ 65.01948052, 216.50649351],
         [ 69.38311688, 207.77922078],
         [ 85.59090909, 185.33766234],
         [ 94.31818182, 185.33766234],
         [104.29220779, 189.7012987 ],
         [150.42207792, 192.19480519],
         [ 73.74675325, 184.09090909],
         [ 84.34415584, 175.98701299],
         [ 73.74675325, 177.85714286],
         [ 95.56493506, 175.98701299],
         [ 60.65584416, 180.97402597],
         [ 83.0974026 , 193.44155844],
         [ 78.11038961, 193.44155844],
         [257.01948052, 204.66233766],
         [266.37012987, 210.8961039 ],
         [325.59090909, 191.57142857],
         [300.03246753, 200.92207792],
         [421.59090909, 210.27272727],
         [435.92857143, 209.02597403],
         [510.73376623, 231.46753247],
         [596.13636364, 269.49350649],
         [610.47402597, 266.37662338],
         [621.69480519, 242.68831169],
         [570.57792208, 245.18181818],
         [582.42207792, 223.98701299],
         [296.29220779, 283.83116883],
         [187.2012987 , 257.02597403],
         [166.62987013, 268.87012987],
         [ 26.37012987, 206.53246753],
         [ 13.27922078, 201.54545455],
         [182.21428571, 202.79220779],
         [193.43506494, 194.68831169],
         [205.27922078, 197.18181818],
         [260.13636364, 219.        ],
         [510.57792208, 210.58441558],
         [451.98051948, 218.37662338],
         [592.86363636, 231.77922078],
         [524.6038961 , 264.50649351],
         [499.04545455, 263.88311688],
         [510.88961039, 262.32467532],
         [447.61688312, 260.45454545],
         [373.43506494, 229.28571429],
         [447.77272727, 425.33766234],
         [ 29.48701299, 252.03896104],
         [ 40.70779221, 247.05194805],
         [ 88.70779221, 232.09090909],
         [129.85064935, 222.11688312],
         [169.12337662, 231.46753247],
         [235.2012987 , 233.96103896],
         [268.24025974, 258.27272727],
         [764.93556444, 214.81118881],
         [748.15234765, 211.61438561],
         [763.33716284, 206.81918082],
         [ 48.05244755, 175.65034965],
         [656.24425574, 393.03296703],
         [752.94755245, 249.17682318]]), array([[365]], dtype=uint16))]]
