[[(array([[ 22.13167939,  53.9980916 ],
         [ 80.59351145,  12.08206107],
         [ 90.52099237,  30.83396947],
         [ 78.38740458,  57.30725191],
         [ 50.8110687 ,  84.88358779],
         [ 23.23473282,  82.67748092],
         [  4.48282443, 100.32633588],
         [ 28.75      , 110.25381679],
         [ 14.41030534, 156.58206107],
         [ 39.78053435, 143.34541985],
         [ 47.5019084 , 170.92175573],
         [ 39.78053435, 211.73473282],
         [ 13.30725191, 279.02099237],
         [ 19.92557252, 331.96755725],
         [ 22.13167939, 373.88358779],
         [ 39.78053435, 401.45992366],
         [ 85.00572519, 414.69656489],
         [ 76.18129771, 479.77671756],
         [ 90.52099237, 533.82633588],
         [ 40.88358779, 559.19656489],
         [ 86.10877863, 362.85305344],
         [ 55.22328244, 243.72328244],
         [ 70.66603053, 188.57061069],
         [ 88.3148855 ,  93.70801527],
         [ 70.66603053,  98.12022901],
         [109.27290076,  87.08969466],
         [116.99427481,  65.02862595],
         [154.4980916 ,  15.39122137],
         [172.14694656,  15.39122137],
         [155.60114504,  49.58587786],
         [198.62022901,   9.8759542 ],
         [216.26908397,  18.70038168],
         [174.35305344,  41.86450382],
         [208.54770992,  46.27671756],
         [183.17748092,  81.57442748],
         [147.87977099, 120.18129771],
         [136.84923664, 170.92175573],
         [ 99.34541985, 199.60114504],
         [112.58206107, 232.69274809],
         [ 98.24236641, 283.43320611],
         [150.08587786, 297.77290076],
         [156.70419847, 397.04770992],
         [152.29198473, 360.64694656],
         [145.67366412, 536.03244275],
         [203.03244275,  95.91412214],
         [196.41412214, 131.21183206],
         [192.0019084 , 159.89122137],
         [167.73473282, 172.02480916],
         [163.32251908, 209.52862595],
         [210.75381679, 183.05534351],
         [232.8148855 , 170.92175573],
         [221.78435115, 109.15076336],
         [237.22709924, 120.18129771],
         [216.26908397, 127.90267176],
         [200.82633588, 212.83778626],
         [226.19656489, 224.97137405],
         [182.07442748, 265.78435115],
         [240.53625954, 252.54770992],
         [220.68129771, 281.22709924],
         [228.40267176, 302.1851145 ],
         [222.88740458, 350.71946565],
         [227.29961832, 422.41793893],
         [248.25763359, 444.47900763],
         [264.80343511, 487.4980916 ],
         [284.65839695, 363.95610687],
         [278.04007634, 296.66984733],
         [282.45229008, 255.85687023],
         [251.56679389,  44.07061069],
         [287.96755725,   5.46374046],
         [297.89503817,  28.6278626 ],
         [287.96755725,  49.58587786],
         [300.10114504,  61.71946565],
         [325.47137405,  58.41030534],
         [324.36832061,  81.57442748],
         [329.88358779, 109.15076336],
         [326.57442748, 140.03625954],
         [346.42938931, 135.6240458 ],
         [362.97519084, 127.90267176],
         [322.16221374, 163.20038168],
         [307.82251908, 206.21946565],
         [342.01717557, 178.64312977],
         [313.33778626, 245.92938931],
         [332.08969466, 296.66984733],
         [315.54389313, 325.34923664],
         [333.19274809, 441.16984733],
         [366.28435115, 457.71564885],
         [386.13931298, 429.03625954],
         [325.47137405, 527.20801527],
         [370.69656489, 538.23854962],
         [411.50954198, 555.88740458],
         [385.03625954, 359.54389313],
         [372.90267176, 317.6278626 ],
         [354.15076336,  12.08206107],
         [355.25381679,  79.36832061],
         [379.52099237,  48.48282443],
         [396.06679389,  38.55534351],
         [392.75763359,  10.97900763],
         [437.98282443,  30.83396947],
         [412.61259542,  58.41030534],
         [435.77671756,  70.54389313],
         [420.33396947,  79.36832061],
         [383.93320611,  79.36832061],
         [408.20038168, 113.5629771 ],
         [447.91030534, 110.25381679],
         [407.09732824, 174.23091603],
         [401.58206107, 217.25      ],
         [420.33396947, 234.89885496],
         [443.4980916 , 155.47900763],
         [466.66221374, 229.38358779],
         [464.45610687, 286.74236641],
         [430.26145038, 358.44083969],
         [469.97137405, 312.11259542],
         [500.85687023, 333.07061069],
         [506.3721374 , 404.76908397],
         [439.08587786, 435.65458015],
         [494.23854962, 463.23091603],
         [510.78435115, 459.92175573],
         [530.63931298, 483.08587786],
         [579.17366412, 541.54770992],
         [465.55916031,  47.37977099],
         [461.14694656,   7.66984733],
         [501.95992366,   9.8759542 ],
         [517.40267176,  20.90648855],
         [517.40267176,  33.04007634],
         [516.29961832,  46.27671756],
         [509.68129771,  69.44083969],
         [550.49427481,   5.46374046],
         [542.77290076,  27.52480916],
         [535.05152672,  61.71946565],
         [536.15458015, 104.73854962],
         [518.50572519, 148.86068702],
         [535.05152672, 175.33396947],
         [490.92938931, 188.57061069],
         [515.19656489, 197.39503817],
         [497.54770992, 213.94083969],
         [515.19656489, 222.76526718],
         [500.85687023, 255.85687023],
         [551.59732824, 389.32633588],
         [582.48282443,   7.66984733],
         [571.45229008,  53.9980916 ],
         [567.04007634,  25.31870229],
         [593.51335878,  24.21564885],
         [626.60496183,  18.70038168],
         [604.54389313,  46.27671756],
         [644.25381679,  44.07061069],
         [659.69656489,  57.30725191],
         [636.53244275,  69.44083969],
         [585.79198473,  79.36832061],
         [562.6278626 , 109.15076336],
         [631.01717557,  90.39885496],
         [608.95610687, 116.8721374 ],
         [635.42938931, 129.00572519],
         [658.59351145, 127.90267176],
         [637.63549618, 180.84923664],
         [612.26526718, 224.97137405],
         [582.48282443, 258.0629771 ],
         [607.85305344, 196.29198473],
         [689.47900763, 112.45992366],
         [627.70801527,  31.9370229 ],
         [689.47900763,  19.80343511],
         [678.44847328,   3.25763359],
         [735.80725191,  36.34923664],
         [741.32251908,   5.46374046],
         [723.67366412,  23.11259542],
         [729.1889313 ,  63.92557252],
         [712.64312977,  62.82251908],
         [722.57061069,  89.29580153],
         [768.89885496,  69.44083969],
         [762.28053435, 113.5629771 ],
         [712.64312977, 116.8721374 ],
         [725.87977099, 131.21183206],
         [744.63167939, 148.86068702],
         [699.40648855, 152.16984733],
         [703.81870229, 180.84923664],
         [719.26145038, 201.80725191],
         [763.38358779, 209.52862595],
         [729.1889313 , 283.43320611],
         [667.41793893, 245.92938931],
         [686.16984733, 307.70038168],
         [614.47137405, 373.88358779],
         [587.9980916 , 323.14312977],
         [564.83396947, 435.65458015],
         [683.96374046, 382.70801527],
         [668.52099237, 355.13167939],
         [659.69656489, 466.54007634],
         [670.72709924, 555.88740458],
         [722.57061069, 508.45610687],
         [772.20801527, 549.26908397],
         [739.11641221, 456.61259542],
         [747.94083969, 432.34541985],
         [772.20801527, 433.44847328],
         [741.32251908, 370.57442748],
         [725.87977099, 384.91412214],
         [777.72328244,  82.67748092],
         [169.94083969, 151.06679389]]), array([[195]], dtype=uint8))]]
