[[(array([[142.42592593, 434.57407407],
         [ 70.72222222, 412.64814815],
         [ 84.35185185, 429.83333333],
         [ 16.2037037 , 447.01851852],
         [137.68518519, 397.24074074],
         [175.61111111, 474.87037037],
         [192.7962963 , 380.05555556],
         [220.05555556, 393.09259259],
         [218.27777778, 368.2037037 ],
         [241.38888889, 367.01851852],
         [288.2037037 , 372.94444444],
         [278.12962963, 440.5       ],
         [320.2037037 , 468.94444444],
         [340.35185185, 461.24074074],
         [359.31481481, 410.27777778],
         [332.05555556, 367.61111111],
         [403.16666667, 339.16666667],
         [471.90740741, 369.98148148],
         [454.12962963, 369.98148148],
         [502.12962963, 472.5       ],
         [580.94444444, 370.57407407],
         [563.75925926, 344.5       ],
         [537.09259259, 335.01851852],
         [491.46296296, 328.5       ],
         [617.09259259, 342.12962963],
         [683.46296296, 329.68518519],
         [711.90740741, 363.46296296],
         [598.72222222, 323.75925926],
         [620.64814815, 292.35185185],
         [601.68518519, 285.24074074],
         [579.75925926, 284.05555556],
         [562.57407407, 265.09259259],
         [541.24074074, 281.09259259],
         [499.75925926, 272.2037037 ],
         [454.72222222, 206.42592593],
         [464.7962963 , 309.53703704],
         [476.05555556, 272.2037037 ],
         [508.64814815, 256.7962963 ],
         [528.7962963 , 258.57407407],
         [548.94444444, 253.83333333],
         [601.68518519, 266.27777778],
         [597.53703704, 255.01851852],
         [582.12962963, 262.72222222],
         [639.61111111, 249.09259259],
         [677.53703704, 245.53703704],
         [707.75925926, 260.35185185],
         [694.12962963, 280.5       ],
         [704.2037037 , 294.72222222],
         [661.53703704, 311.90740741],
         [675.75925926, 287.61111111],
         [701.24074074, 226.57407407],
         [659.75925926, 225.38888889],
         [528.05555556, 218.42592593],
         [545.24074074, 235.31481481],
         [553.83333333, 221.09259259],
         [571.61111111, 214.87037037],
         [549.68518519, 201.53703704],
         [557.98148148, 179.61111111],
         [572.7962963 , 173.98148148],
         [588.5       , 180.5       ],
         [589.38888889, 198.27777778],
         [575.16666667, 195.31481481],
         [604.7962963 , 237.09259259],
         [625.24074074, 203.61111111],
         [603.90740741, 186.12962963],
         [612.5       , 175.16666667],
         [596.7962963 , 168.94444444],
         [615.75925926, 146.12962963],
         [640.94444444, 176.64814815],
         [651.01851852, 203.90740741],
         [671.46296296, 198.27777778],
         [672.94444444, 183.16666667],
         [690.72222222, 190.57407407],
         [713.24074074, 192.05555556],
         [689.24074074, 205.09259259],
         [601.24074074, 216.35185185],
         [512.64814815, 210.42592593],
         [504.05555556, 223.46296296],
         [483.90740741, 220.5       ],
         [464.64814815, 216.05555556],
         [491.01851852, 181.09259259],
         [476.5       , 171.01851852],
         [457.83333333, 181.09259259],
         [504.05555556, 197.68518519],
         [508.7962963 , 185.53703704],
         [531.01851852, 169.83333333],
         [509.98148148, 170.12962963],
         [499.90740741, 155.61111111],
         [535.16666667, 148.7962963 ],
         [554.42592593, 144.35185185],
         [685.98148148, 138.12962963],
         [694.27777778, 147.90740741],
         [471.16666667, 143.16666667],
         [465.83333333, 133.38888889],
         [453.68518519, 167.75925926],
         [487.31481481, 163.16666667],
         [584.5       , 170.87037037],
         [640.2037037 , 347.46296296],
         [402.57407407, 310.12962963],
         [401.38888889, 296.5       ],
         [390.72222222, 281.09259259],
         [388.94444444, 333.24074074],
         [371.75925926, 292.94444444],
         [390.72222222, 257.38888889],
         [384.7962963 , 245.53703704],
         [414.42592593, 202.27777778],
         [391.31481481, 164.35185185],
         [403.16666667, 151.31481481],
         [378.87037037, 160.7962963 ],
         [355.16666667, 174.42592593],
         [329.68518519, 169.68518519],
         [357.53703704, 156.05555556],
         [298.27777778, 172.05555556],
         [285.24074074, 168.5       ],
         [302.42592593, 157.24074074],
         [275.75925926, 164.35185185],
         [263.90740741, 172.05555556],
         [252.05555556, 172.05555556],
         [226.57407407, 156.05555556],
         [205.83333333, 157.24074074],
         [232.5       , 179.16666667],
         [244.94444444, 201.68518519],
         [207.01851852, 200.5       ],
         [196.35185185, 175.01851852],
         [173.83333333, 166.12962963],
         [148.94444444, 159.01851852],
         [399.01851852, 131.75925926],
         [343.31481481, 138.27777778],
         [332.05555556, 133.53703704],
         [315.16666667, 126.27777778],
         [299.75925926, 133.38888889],
         [314.57407407, 152.05555556],
         [316.94444444, 139.01851852],
         [383.61111111, 123.31481481],
         [364.05555556, 117.09259259],
         [412.05555556, 125.98148148],
         [402.87037037, 101.98148148],
         [390.12962963,  79.75925926],
         [359.61111111,  86.57407407],
         [287.61111111,  70.87037037],
         [220.64814815,  62.87037037],
         [371.16666667, 153.83333333],
         [339.16666667, 170.12962963],
         [181.83333333, 229.09259259],
         [152.5       , 233.24074074],
         [192.5       , 152.94444444],
         [169.68518519, 131.61111111],
         [152.2037037 , 139.90740741],
         [156.64814815, 123.31481481],
         [195.46296296, 127.16666667],
         [209.38888889, 120.05555556],
         [220.94444444, 128.64814815],
         [ 31.75925926, 115.01851852],
         [ 75.01851852, 121.53703704],
         [ 55.75925926, 128.35185185],
         [ 48.35185185, 141.98148148],
         [ 33.24074074, 145.53703704],
         [ 48.64814815, 154.42592593],
         [106.12962963, 111.46296296],
         [137.24074074, 111.16666667],
         [113.24074074, 160.94444444],
         [ 84.5       , 164.5       ],
         [104.64814815, 144.05555556],
         [131.90740741, 158.87037037],
         [136.35185185, 147.61111111],
         [ 91.31481481, 208.35185185],
         [ 78.57407407, 356.5       ],
         [ 75.01851852, 376.05555556],
         [107.31481481, 372.2037037 ],
         [100.5       , 356.5       ],
         [134.87037037, 355.61111111],
         [157.68518519, 350.57407407],
         [187.61111111, 331.90740741],
         [213.09259259, 325.38888889],
         [256.64814815, 345.24074074],
         [230.57407407, 320.64814815],
         [253.68518519, 323.31481481],
         [255.46296296, 306.12962963],
         [282.42592593, 315.90740741],
         [328.64814815, 325.38888889],
         [311.75925926, 304.35185185],
         [345.24074074, 303.75925926],
         [304.94444444, 283.01851852],
         [274.42592593, 278.57407407],
         [235.31481481, 286.27777778],
         [226.42592593, 303.16666667],
         [198.27777778, 310.87037037],
         [183.46296296, 312.94444444],
         [162.42592593, 317.98148148],
         [128.35185185, 323.90740741],
         [101.98148148, 322.12962963],
         [ 86.27777778, 339.90740741],
         [ 72.94444444, 314.42592593],
         [ 33.53703704, 314.12962963],
         [ 25.24074074, 324.5       ],
         [ 51.31481481, 294.57407407],
         [  8.64814815, 293.09259259],
         [ 75.31481481, 297.83333333],
         [101.38888889, 285.09259259],
         [123.31481481, 301.98148148],
         [109.68518519, 274.12962963],
         [144.64814815, 272.94444444],
         [176.05555556, 281.53703704],
         [206.27777778, 245.38888889],
         [359.31481481, 330.87037037],
         [355.16666667, 285.24074074],
         [361.09259259, 269.24074074],
         [ 94.42592593, 384.7962963 ],
         [422.42592593, 176.35185185],
         [460.94444444, 237.98148148],
         [198.12962963, 291.16666667],
         [ 59.84065934, 259.2012987 ],
         [305.83466533, 323.93656344],
         [694.96553447, 239.78071928],
         [574.12637363, 246.25424575],
         [561.17932068, 236.18431568],
         [491.40909091, 239.78071928],
         [658.28221778, 185.11538462],
         [524.496004  , 192.30819181],
         [497.88261738, 213.16733267],
         [513.70679321, 234.02647353],
         [505.07542458, 244.81568432],
         [241.81868132, 123.97652348],
         [ 89.33116883, 146.99350649],
         [102.9975025 , 233.30719281],
         [ 20.28021978, 258.48201798],
         [618.0024975 , 270.70979021],
         [405.81468531, 280.06043956],
         [331.72877123, 290.13036963],
         [272.02847153, 107.43306693],
         [193.62687313, 141.23926074],
         [310.86963037, 103.11738262]]), array([[232]], dtype=uint8))]]
