[[(array([[ 319.21147679,  525.99628692],
         [ 184.32540084,  484.67983122],
         [ 366.60388186,  427.56590717],
         [ 195.2621097 ,  378.95831224],
         [ 234.14818565,  404.47729958],
         [ 362.95831224,  371.667173  ],
         [  74.95831224,  631.71780591],
         [  90.75578059,  710.70514768],
         [ 153.94565401,  572.17350211],
         [  87.11021097,  546.65451477],
         [  77.38869198,  257.43932489],
         [ 955.97097046,  495.61654008],
         [ 907.36337553,  522.3507173 ],
         [ 835.667173  ,  533.28742616],
         [ 821.08489451,  572.17350211],
         [ 776.1228692 ,  512.62919831],
         [ 615.71780591,  476.17350211],
         [ 575.61654008,  436.07223629],
         [ 570.75578059,  387.46464135],
         [ 693.48995781,  436.07223629],
         [ 755.46464135,  397.18616034],
         [ 765.18616034,  382.60388186],
         [ 800.42666667,  365.59122363],
         [ 850.24945148,  374.09755274],
         [ 856.32540084,  301.18616034],
         [ 857.54059072,  265.94565401],
         [ 773.69248945,  251.36337553],
         [ 657.0342616 ,  304.83172996],
         [ 599.92033755,  323.05957806],
         [ 585.33805907,  359.51527426],
         [ 548.88236287,  336.42666667],
         [ 449.23679325,  348.5785654 ],
         [ 448.02160338,  318.19881857],
         [ 407.92033755,  297.54059072],
         [ 116.27476793,   89.74312236],
         [ 149.08489451,   95.81907173],
         [ 153.94565401,  160.22413502],
         [  42.14818565,  143.21147679],
         [  37.28742616,  110.40135021],
         [  51.86970464,   45.99628692],
         [ 462.60388186,  264.73046414],
         [ 485.69248945,  241.64185654],
         [ 503.92033755,  425.13552743],
         [ 512.42666667,  404.47729958],
         [ 528.22413502,  380.17350211],
         [ 503.92033755,  354.65451477],
         [ 557.38869198,  556.37603376],
         [ 587.76843882,  697.33805907],
         [ 511.21147679,  714.3507173 ],
         [ 553.74312236,  722.85704641],
         [ 428.5785654 ,  699.76843882],
         [ 293.69248945,  743.51527426],
         [ 268.17350211,  716.78109705],
         [ 256.02160338,  611.05957806],
         [ 181.8950211 ,  551.51527426],
         [ 712.93299578,  377.74312236],
         [ 770.04691983,  313.33805907],
         [ 723.86970464,  267.16084388],
         [ 957.18616034,  257.43932489],
         [ 982.70514768,  280.52793249],
         [ 982.70514768,  219.76843882],
         [ 991.21147679,  157.79375527],
         [1002.14818565,  106.75578059],
         [ 954.75578059,  104.32540084],
         [ 965.69248945,  101.8950211 ],
         [ 914.65451477,  117.69248945],
         [ 900.07223629,  118.90767932],
         [ 842.95831224,  123.76843882],
         [ 808.93299578,  188.17350211],
         [ 170.95831224,  321.84438819],
         [ 194.04691983,  237.99628692],
         [ 213.48995781,  241.64185654],
         [ 252.37603376,  202.75578059],
         [  17.84438819,  265.94565401],
         [  39.71780591,  240.42666667],
         [ 118.70514768,  290.24945148],
         [ 202.55324895,  267.16084388],
         [ 163.667173  ,  442.14818565],
         [ 215.92033755,  436.07223629],
         [ 325.28742616,  414.19881857],
         [ 409.13552743,  444.5785654 ],
         [ 446.8064135 ,  439.71780591],
         [ 404.27476793,  549.08489451],
         [ 862.40135021,  484.67983122],
         [ 846.60388186,  431.21147679],
         [ 721.43932489,  348.5785654 ],
         [ 773.69248945,  600.1228692 ],
         [ 788.27476793,  572.17350211],
         [ 646.09755274,  602.55324895],
         [ 753.0342616 ,  692.47729958],
         [ 281.54059072,  343.71780591],
         [ 310.70514768,  340.07223629],
         [ 359.31274262,  306.04691983],
         [ 420.07223629,  200.32540084],
         [ 429.79375527,  173.59122363],
         [ 371.46464135,  121.33805907],
         [ 310.70514768,  105.54059072],
         [ 307.05957806,  143.21147679],
         [ 416.42666667,   54.50261603],
         [ 603.56590717,  138.3507173 ],
         [ 655.81907173,  156.5785654 ],
         [ 737.23679325,  120.1228692 ],
         [ 793.13552743,  151.71780591],
         [ 727.51527426,  172.37603376],
         [ 743.31274262,  160.22413502],
         [ 670.40135021,  216.1228692 ],
         [ 613.28742616,  228.27476793],
         [ 603.56590717,  171.16084388],
         [ 578.04691983,  165.08489451],
         [ 559.81907173,  144.42666667],
         [ 529.43932489,  143.21147679],
         [ 501.48995781,  134.70514768],
         [ 452.88236287,  152.93299578],
         [ 486.90767932,  196.67983122],
         [ 223.21147679,   15.61654008],
         [ 172.17350211,   33.84438819],
         [ 229.28742616,  132.27476793],
         [ 282.75578059,   66.65451477],
         [ 308.27476793,   44.78109705],
         [ 708.07223629,   32.62919831],
         [ 783.41400844,   15.61654008],
         [ 750.60388186,   11.97097046],
         [ 824.73046414,   44.78109705],
         [ 806.50261603,   30.19881857],
         [ 776.1228692 ,   42.3507173 ],
         [ 760.32540084,   37.48995781],
         [ 739.667173  ,   37.48995781],
         [1008.22413502,  132.27476793],
         [ 913.43932489,  148.07223629],
         [ 868.47729958,  206.40135021],
         [ 825.94565401,  220.98362869],
         [ 836.88236287,  202.75578059],
         [ 716.5785654 ,  219.76843882],
         [ 688.62919831,  194.24945148],
         [ 553.74312236,  262.30008439],
         [ 911.00894515,  387.46464135],
         [ 907.36337553,  301.18616034],
         [ 911.00894515,  228.27476793],
         [ 473.54059072,  664.52793249],
         [ 480.83172996,  525.99628692],
         [  65.23679325,  436.07223629],
         [ 224.42666667,  304.83172996],
         [ 372.67983122,  230.70514768],
         [ 992.42666667,  177.23679325],
         [ 852.67983122,   44.78109705],
         [ 886.70514768,   32.62919831],
         [ 919.51527426,   32.62919831],
         [ 576.83172996,   44.78109705],
         [ 540.37603376,   32.62919831],
         [ 518.50261603,   21.69248945],
         [ 324.07223629,   19.2621097 ],
         [ 348.37603376,   27.76843882],
         [-124.332827  ,  160.22413502],
         [ 568.32540084,   81.23679325],
         [ 525.79375527,   83.667173  ],
         [ 495.41400844,   67.86970464],
         [ 472.32540084,   83.667173  ],
         [ 337.43932489,   89.74312236],
         [ 343.51527426,  121.33805907],
         [ 678.90767932,  101.8950211 ],
         [ 711.71780591,  100.67983122],
         [ 680.1228692 ,   30.19881857],
         [ 620.5785654 ,   44.78109705],
         [ 593.84438819,   66.65451477],
         [ 241.43932489,   49.64185654],
         [ 125.99628692,   50.85704641],
         [  99.2621097 ,   66.65451477],
         [ 286.40135021,  163.86970464],
         [ 920.73046414,  326.70514768],
         [ 940.17350211,  313.33805907],
         [ 926.8064135 ,  532.07223629],
         [1019.16084388,  493.18616034],
         [1002.14818565,  315.76843882],
         [1002.14818565,  315.76843882],
         [ 790.70514768,  126.19881857],
         [ 821.08489451,  109.18616034],
         [ 721.43932489,   72.73046414],
         [ 214.70514768,   64.22413502],
         [ 331.36337553,  685.18616034],
         [ 782.19881857,  217.33805907],
         [ 141.79375527,  207.61654008],
         [ 189.18616034,  211.2621097 ],
         [ 721.43932489,  606.19881857],
         [ 283.27981352,  189.54954379],
         [ 190.18890443,  136.35473859],
         [ 184.05104229,  168.06702631],
         [ 113.46562771,  101.57351981],
         [ 825.4576357 ,  312.30678655],
         [ 727.25184149,  244.79030303],
         [ 644.39070263,  243.76732601],
         [ 782.49260073,  172.1589344 ],
         [ 958.44464868,  139.42366966],
         [ 879.67541792,  383.91517816],
         [ 793.74534799,  397.21387945],
         [ 673.03405927,  369.59349983],
         [  20.37471861,  435.0640293 ],
         [ 154.38470862,  247.8592341 ],
         [ 302.71637696,  269.34175158],
         [ 427.51957376,  269.34175158],
         [ 416.26682651,  366.52456876],
         [ 773.28580753,  194.6644289 ],
         [ 424.45064269,  104.64245088],
         [ 504.24285048,  225.35373959],
         [ 463.32376956,  143.51557776],
         [ 389.66942391,  189.54954379],
         [ 656.66642691,  413.58151182],
         [ 603.47162171,  433.01807526],
         [ 751.80329004,  281.61747586],
         [ 854.10099234,  170.11298035],
         [ 528.79429903,  187.50358974],
         [ 543.11597736,  313.32976357],
         [ 641.23679325,   95.81907173],
         [ 715.36337553,  180.88236287],
         [ 723.86970464,  200.32540084],
         [ 839.31274262,   66.65451477],
         [ 753.0342616 ,   66.65451477],
         [ 795.56590717,   64.22413502],
         [ 633.94565401,  512.62919831],
         [ 652.17350211,  461.59122363],
         [ 935.31274262,   87.31274262],
         [ 872.1228692 ,   75.16084388],
         [ 852.67983122,   93.38869198],
         [ 825.94565401,   84.88236287],
         [ 608.42666667,   98.24945148],
         [ 584.1228692 ,   88.52793249],
         [ 499.05957806,   89.74312236],
         [ 266.95831224,  144.42666667],
         [ 242.65451477,  234.3507173 ],
         [ 136.93299578,  634.14818565],
         [ 559.81907173,  182.09755274],
         [ 398.19881857,   24.1228692 ],
         [ 378.75578059,   80.02160338],
         [ 400.62919831,   80.02160338],
         [ 448.02160338,  118.90767932],
         [ 369.0342616 ,  152.93299578],
         [ 140.5785654 ,   36.27476793],
         [  61.59122363,    3.46464135],
         [ 970.55324895,  155.36337553],
         [ 869.60554231,  562.36193072],
         [ 576.53569563,  656.56295287],
         [ 827.73842135,   24.63109597],
         [ 552.98544009,    6.31423055],
         [ 920.63109597,  414.51865985],
         [ 974.27334469,  409.28526973],
         [1012.21542306,  424.98544009],
         [ 941.56465645,  239.20009086],
         [ 589.61917093,   11.54762067],
         [ 621.01951164,    6.31423055],
         [ 499.34319137,  279.75886428]]), array([[249]], dtype=uint8))]]
