[[(array([[204.33116883, 489.84659091],
         [222.82954545, 481.67288961],
         [241.32792208, 499.74107143],
         [237.45616883, 473.49918831],
         [276.6038961 , 521.68100649],
         [306.71753247, 518.66964286],
         [331.23863636, 507.48457792],
         [354.89935065, 498.88068182],
         [385.44318182, 487.26542208],
         [434.05519481, 516.94886364],
         [418.13798701, 527.70373377],
         [418.56818182, 505.7637987 ],
         [415.12662338, 480.8125    ],
         [459.86688312, 502.32224026],
         [444.81006494, 488.55600649],
         [456.42532468, 454.57061688],
         [492.99188312, 486.83522727],
         [492.56168831, 455.43100649],
         [461.15746753, 437.36282468],
         [427.60227273, 461.88392857],
         [416.41720779, 453.71022727],
         [382.00162338, 468.33685065],
         [375.5487013 , 457.58198052],
         [298.11363636, 480.16720779],
         [275.74350649, 495.65422078],
         [276.6038961 , 467.26136364],
         [297.25324675, 469.84253247],
         [286.92857143, 454.35551948],
         [272.30194805, 431.98538961],
         [250.79220779, 442.31006494],
         [251.6525974 , 436.28733766],
         [205.19155844, 472.4237013 ],
         [212.07467532, 466.40097403],
         [218.0974026 , 495.65422078],
         [230.14285714, 500.81655844],
         [238.74675325, 518.02435065],
         [335.11038961, 438.86850649],
         [298.97402597, 416.49837662],
         [286.92857143, 412.19642857],
         [294.67207792, 404.45292208],
         [320.48376623, 398.43019481],
         [304.13636364, 399.29058442],
         [350.5974026 , 431.98538961],
         [368.66558442, 479.30681818],
         [380.71103896, 443.17045455],
         [361.78246753, 443.17045455],
         [372.96753247, 428.54383117],
         [494.28246753, 437.14772727],
         [514.93181818, 434.56655844],
         [544.18506494, 449.19318182],
         [536.44155844, 443.17045455],
         [540.74350649, 431.98538961],
         [532.13961039, 432.84577922],
         [535.58116883, 431.125     ],
         [563.11363636, 438.86850649],
         [585.48376623, 474.14448052],
         [595.80844156, 444.03084416],
         [603.55194805, 404.45292208],
         [607.8538961 , 388.10551948],
         [599.25      , 392.40746753],
         [591.50649351, 381.2224026 ],
         [585.48376623, 400.15097403],
         [573.43831169, 394.12824675],
         [572.57792208, 413.05681818],
         [563.97402597, 416.49837662],
         [553.64935065, 412.19642857],
         [395.33766234, 432.84577922],
         [394.47727273, 424.24188312],
         [416.8474026 , 418.21915584],
         [400.5       , 444.03084416],
         [401.36038961, 428.54383117],
         [420.28896104, 404.45292208],
         [387.59415584, 394.98863636],
         [367.80519481, 408.75487013],
         [351.45779221, 404.45292208],
         [345.43506494, 414.7775974 ],
         [341.13311688, 398.43019481],
         [350.5974026 , 394.12824675],
         [345.43506494, 374.33928571],
         [328.22727273, 382.08279221],
         [333.38961039, 384.66396104],
         [323.92532468, 375.19967532],
         [333.38961039, 351.96915584],
         [323.92532468, 357.13149351],
         [293.81168831, 382.08279221],
         [285.20779221, 382.08279221],
         [251.6525974 , 381.2224026 ],
         [255.95454545, 369.17694805],
         [253.37337662, 327.01785714],
         [291.23051948, 363.15422078],
         [306.71753247, 348.5275974 ],
         [193.1461039 , 393.26785714],
         [212.07467532, 406.1737013 ],
         [194.00649351, 412.19642857],
         [201.75      , 430.26461039],
         [534.72077922, 401.01136364],
         [521.81493506, 404.45292208],
         [528.69805195, 388.96590909],
         [521.81493506, 370.89772727],
         [512.35064935, 361.43344156],
         [505.46753247, 354.55032468],
         [493.42207792, 357.13149351],
         [492.56168831, 369.17694805],
         [496.00324675, 392.40746753],
         [500.30519481, 418.21915584],
         [491.7012987 , 413.05681818],
         [494.28246753, 404.45292208],
         [486.53896104, 404.45292208],
         [485.67857143, 396.70941558],
         [477.07467532, 382.94318182],
         [456.42532468, 406.1737013 ],
         [446.96103896, 402.73214286],
         [460.72727273, 388.10551948],
         [462.44805195, 378.64123377],
         [436.63636364, 380.36201299],
         [430.61363636, 390.68668831],
         [423.73051948, 386.38474026],
         [416.8474026 , 392.40746753],
         [425.4512987 , 381.2224026 ],
         [426.31168831, 370.03733766],
         [434.91558442, 369.17694805],
         [409.1038961 , 364.875     ],
         [394.47727273, 381.2224026 ],
         [382.43181818, 370.89772727],
         [376.40909091, 378.64123377],
         [372.10714286, 368.31655844],
         [354.03896104, 354.55032468],
         [359.2012987 , 342.50487013],
         [368.66558442, 342.50487013],
         [385.01298701, 348.5275974 ],
         [401.36038961, 342.50487013],
         [413.40584416, 355.41071429],
         [403.08116883, 348.5275974 ],
         [422.87012987, 349.38798701],
         [434.05519481, 361.43344156],
         [450.4025974 , 361.43344156],
         [468.47077922, 358.85227273],
         [481.37662338, 366.59577922],
         [484.81818182, 350.24837662],
         [478.79545455, 338.20292208],
         [411.68506494, 346.80681818],
         [400.5       , 325.29707792],
         [407.38311688, 318.41396104],
         [378.12987013, 320.13474026],
         [370.38636364, 322.71590909],
         [343.71428571, 324.43668831],
         [340.27272727, 324.43668831],
         [329.94805195, 314.11201299],
         [323.92532468, 320.13474026],
         [315.32142857, 314.11201299],
         [256.81493506, 316.69318182],
         [251.6525974 , 304.64772727],
         [251.6525974 , 294.32305195],
         [245.62987013, 290.0211039 ],
         [249.93181818, 282.2775974 ],
         [244.76948052, 274.53409091],
         [250.79220779, 264.20941558],
         [255.09415584, 262.48863636],
         [246.49025974, 253.02435065],
         [282.62662338, 233.23538961],
         [305.85714286, 320.99512987],
         [317.04220779, 294.32305195],
         [311.87987013, 274.53409091],
         [301.55519481, 256.46590909],
         [284.3474026 , 258.18668831],
         [291.23051948, 242.69967532],
         [300.69480519, 232.375     ],
         [309.2987013 , 231.51461039],
         [317.9025974 , 232.375     ],
         [303.27597403, 216.88798701],
         [294.67207792, 210.86525974],
         [317.9025974 , 198.81980519],
         [288.64935065, 189.35551948],
         [245.62987013, 166.125     ],
         [280.04545455, 171.28733766],
         [291.23051948, 166.98538961],
         [283.48701299, 163.54383117],
         [274.88311688, 144.61525974],
         [297.25324675, 154.93993506],
         [318.76298701, 159.24188312],
         [336.83116883, 168.70616883],
         [339.41233766, 159.24188312],
         [346.29545455, 186.77435065],
         [372.96753247, 189.35551948],
         [331.66883117, 235.81655844],
         [334.25      , 220.32954545],
         [350.5974026 , 220.32954545],
         [365.22402597, 231.51461039],
         [372.10714286, 214.30681818],
         [387.59415584, 214.30681818],
         [384.1525974 , 238.39772727],
         [375.5487013 , 232.375     ],
         [362.64285714, 238.39772727],
         [354.89935065, 250.44318182],
         [341.99350649, 246.14123377],
         [382.43181818, 246.14123377],
         [391.8961039 , 247.00162338],
         [400.5       , 233.23538961],
         [407.38311688, 219.46915584],
         [412.54545455, 214.30681818],
         [409.1038961 , 231.51461039],
         [412.54545455, 226.35227273],
         [412.54545455, 248.7224026 ],
         [403.94155844, 248.7224026 ],
         [429.75324675, 247.00162338],
         [439.21753247, 238.39772727],
         [426.31168831, 217.74837662],
         [422.00974026, 211.72564935],
         [442.65909091, 227.21266234],
         [454.70454545, 225.49188312],
         [466.75      , 226.35227273],
         [465.88961039, 209.14448052],
         [452.98376623, 250.44318182],
         [452.12337662, 233.23538961],
         [471.05194805, 256.46590909],
         [480.51623377, 207.4237013 ],
         [483.95779221, 221.18993506],
         [496.86363636, 215.16720779],
         [501.16558442, 210.86525974],
         [520.09415584, 196.23863636],
         [528.69805195, 180.75162338],
         [544.18506494, 208.28409091],
         [536.44155844, 196.23863636],
         [566.55519481, 360.57305195],
         [546.76623377, 362.29383117],
         [535.58116883, 361.43344156],
         [526.11688312, 352.82954545],
         [560.53246753, 370.03733766],
         [548.48701299, 373.4788961 ],
         [578.60064935, 362.29383117],
         [583.76298701, 363.15422078],
         [603.55194805, 355.41071429],
         [603.55194805, 337.34253247],
         [588.06493506, 340.78409091],
         [552.78896104, 326.15746753],
         [569.99675325, 318.41396104],
         [593.22727273, 304.64772727],
         [576.87987013, 314.11201299],
         [624.2012987 , 339.06331169],
         [632.80519481, 333.04058442],
         [663.77922078, 334.76136364],
         [643.99025974, 312.39123377],
         [624.2012987 , 298.625     ],
         [607.8538961 , 304.64772727],
         [610.43506494, 296.04383117],
         [618.17857143, 284.85876623],
         [614.73701299, 276.25487013],
         [604.41233766, 246.14123377],
         [635.38636364, 250.44318182],
         [329.94805195, 283.13798701],
         [307.57792208, 300.34577922],
         [338.55194805, 280.55681818],
         [345.43506494, 282.2775974 ],
         [356.62012987, 301.20616883],
         [358.34090909, 292.60227273],
         [341.99350649, 313.25162338],
         [377.26948052, 306.36850649],
         [384.1525974 , 298.625     ],
         [372.96753247, 282.2775974 ],
         [365.22402597, 280.55681818],
         [370.38636364, 264.20941558],
         [361.78246753, 253.88474026],
         [371.24675325, 244.42045455],
         [363.50324675, 264.20941558],
         [405.66233766, 276.25487013],
         [419.42857143, 270.23214286],
         [430.61363636, 270.23214286],
         [439.21753247, 278.83603896],
         [421.14935065, 286.57954545],
         [415.12662338, 295.18344156],
         [408.24350649, 301.20616883],
         [397.91883117, 310.67045455],
         [436.63636364, 298.625     ],
         [426.31168831, 316.69318182],
         [419.42857143, 312.39123377],
         [449.54220779, 306.36850649],
         [440.93831169, 306.36850649],
         [457.28571429, 300.34577922],
         [470.19155844, 312.39123377],
         [467.61038961, 289.16071429],
         [463.30844156, 286.57954545],
         [457.28571429, 288.30032468],
         [451.26298701, 288.30032468],
         [453.84415584, 277.97564935],
         [468.47077922, 280.55681818],
         [488.25974026, 292.60227273],
         [505.46753247, 306.36850649],
         [495.14285714, 316.69318182],
         [506.32792208, 326.15746753],
         [501.16558442, 336.48214286],
         [489.12012987, 330.45941558],
         [478.79545455, 306.36850649],
         [542.46428571, 328.73863636],
         [503.74675325, 286.57954545],
         [499.44480519, 294.32305195],
         [492.56168831, 274.53409091],
         [482.23701299, 270.23214286],
         [446.10064935, 253.88474026],
         [534.72077922, 298.625     ],
         [541.6038961 , 290.0211039 ],
         [538.16233766, 282.2775974 ],
         [533.        , 288.30032468],
         [543.32467532, 264.20941558],
         [549.3474026 , 265.06980519],
         [569.99675325, 265.93019481],
         [593.22727273, 268.51136364],
         [582.04220779, 292.60227273],
         [594.08766234, 290.0211039 ],
         [543.32467532, 301.20616883],
         [549.3474026 , 284.85876623],
         [557.09090909, 292.60227273],
         [566.55519481, 302.92694805],
         [553.64935065, 308.94967532],
         [585.48376623, 268.51136364],
         [574.2987013 , 252.16396104],
         [578.60064935, 252.16396104],
         [561.39285714, 244.42045455],
         [554.50974026, 247.00162338],
         [549.3474026 , 250.44318182],
         [547.62662338, 241.83928571],
         [536.44155844, 236.67694805],
         [524.3961039 , 226.35227273],
         [485.67857143, 240.9788961 ],
         [510.62987013, 252.16396104],
         [521.81493506, 260.76785714],
         [517.51298701, 304.64772727],
         [525.25649351, 266.79058442],
         [640.5487013 , 259.04707792],
         [634.52597403, 278.83603896],
         [645.71103896, 262.48863636],
         [658.61688312, 266.79058442],
         [674.1038961 , 282.2775974 ],
         [677.54545455, 288.30032468],
         [684.42857143, 286.57954545],
         [704.21753247, 296.04383117],
         [704.21753247, 302.92694805],
         [690.4512987 , 314.11201299],
         [680.98701299, 312.39123377],
         [673.24350649, 302.92694805],
         [658.61688312, 298.625     ],
         [670.66233766, 322.71590909],
         [663.77922078, 322.71590909],
         [660.33766234, 308.94967532],
         [747.23701299, 342.50487013],
         [730.02922078, 330.45941558],
         [724.00649351, 331.31980519],
         [742.93506494, 330.45941558],
         [718.84415584, 334.76136364],
         [711.96103896, 336.48214286],
         [711.10064935, 345.08603896],
         [703.35714286, 322.71590909],
         [698.19480519, 336.48214286],
         [676.68506494, 333.04058442],
         [641.40909091, 324.43668831],
         [485.67857143, 175.58928571],
         [489.12012987, 160.10227273],
         [487.39935065, 168.70616883],
         [484.81818182, 166.125     ],
         [470.19155844, 151.49837662],
         [455.56493506, 145.47564935],
         [442.65909091, 179.03084416],
         [431.47402597, 180.75162338],
         [405.66233766, 179.89123377],
         [403.08116883, 163.54383117],
         [407.38311688, 171.28733766],
         [418.56818182, 157.5211039 ],
         [443.51948052, 168.70616883],
         [429.75324675, 160.10227273],
         [449.54220779, 138.59253247],
         [423.73051948, 137.73214286],
         [436.63636364, 144.61525974],
         [412.54545455, 139.45292208],
         [393.61688312, 151.49837662],
         [384.1525974 , 148.05681818],
         [389.31493506, 141.1737013 ],
         [394.47727273, 132.56980519],
         [385.87337662, 133.43019481],
         [404.80194805, 130.84902597],
         [393.61688312, 114.50162338],
         [385.01298701, 119.66396104],
         [370.38636364, 111.06006494],
         [379.85064935,  99.875     ],
         [370.38636364,  89.55032468],
         [365.22402597,  92.99188312],
         [361.78246753, 113.64123377],
         [353.17857143, 119.66396104],
         [343.71428571, 119.66396104],
         [338.55194805, 113.64123377],
         [335.97077922, 108.4788961 ],
         [325.6461039 , 118.80357143],
         [322.20454545, 109.33928571],
         [316.18181818, 120.52435065],
         [299.83441558, 119.66396104],
         [354.03896104, 148.91720779],
         [337.69155844, 147.19642857],
         [365.22402597, 154.93993506],
         [376.40909091, 160.10227273],
         [370.38636364, 142.03409091],
         [321.34415584, 148.91720779],
         [299.83441558, 135.15097403],
         [286.06818182, 129.98863636],
         [335.11038961,  97.93912338],
         [315.32142857, 104.39204545],
         [304.13636364, 102.67126623],
         [314.03084416,  66.10470779],
         [347.58603896, 135.36607143],
         [385.87337662, 168.92126623],
         [410.39448052, 159.88717532],
         [476.64448052, 173.65340909],
         [321.77435065, 192.58198052],
         [306.28733766, 189.57061688],
         [313.60064935,  87.82954545],
         [309.2987013 ,  92.99188312],
         [326.50649351,  85.24837662],
         [339.41233766,  90.41071429],
         [341.13311688,  79.22564935],
         [331.66883117,  78.36525974],
         [354.03896104,  86.96915584],
         [344.57467532, 103.31655844],
         [348.87662338, 111.06006494],
         [411.68506494, 105.89772727],
         [277.46428571, 103.31655844],
         [279.18506494,  87.82954545],
         [258.53571429,  87.82954545],
         [249.07142857,  75.78409091],
         [302.41558442,  56.85551948],
         [294.67207792,  56.85551948],
         [290.37012987,  69.76136364],
         [283.48701299,  65.45941558],
         [286.06818182,  54.27435065],
         [313.60064935,  59.43668831],
         [249.07142857,  27.60227273],
         [261.97727273,  20.71915584],
         [258.53571429,   6.95292208],
         [264.55844156,  43.08928571],
         [249.93181818,  51.69318182],
         [311.87987013, 446.61201299],
         [322.20454545, 439.7288961 ],
         [313.60064935, 438.00811688],
         [328.22727273, 430.26461039],
         [256.81493506, 115.36201299],
         [266.27922078, 109.33928571],
         [261.11688312, 138.59253247],
         [297.25324675,  86.96915584],
         [291.23051948,  75.78409091]]), array([[445]], dtype=uint16))]]
