[[(array([[ 47.75649351, 146.15746753],
         [ 27.33441558, 158.7711039 ],
         [ 12.31818182, 155.76785714],
         [  9.91558442, 173.18668831],
         [ 22.52922078, 183.39772727],
         [ 34.54220779, 174.98863636],
         [ 56.76623377, 168.38149351],
         [ 62.17207792, 153.36525974],
         [ 74.78571429, 149.76136364],
         [ 83.19480519, 154.56655844],
         [106.01948052, 151.56331169],
         [116.83116883, 155.76785714],
         [ 98.81168831, 160.57305195],
         [127.64285714, 158.17045455],
         [123.43831169, 169.58279221],
         [154.67207792, 145.55681818],
         [140.85714286, 152.16396104],
         [148.06493506, 161.77435065],
         [156.47402597, 155.76785714],
         [179.89935065, 162.375     ],
         [171.49025974, 153.96590909],
         [191.31168831, 153.96590909],
         [202.12337662, 151.56331169],
         [220.74350649, 155.76785714],
         [193.11363636, 180.99512987],
         [206.32792208, 179.19318182],
         [217.13961039, 174.98863636],
         [233.95779221, 162.97564935],
         [246.57142857, 155.76785714],
         [260.38636364, 153.36525974],
         [277.80519481, 158.17045455],
         [268.79545455, 159.9724026 ],
         [263.38961039, 164.17694805],
         [264.59090909, 171.98538961],
         [262.78896104, 184.59902597],
         [247.77272727, 169.58279221],
         [242.96753247, 183.39772727],
         [226.75      , 204.42045455],
         [140.85714286, 168.38149351],
         [ 12.91883117, 202.01785714],
         [  6.91233766, 243.46266234],
         [ 15.32142857, 243.46266234],
         [ 36.34415584, 233.85227273],
         [ 47.15584416, 214.03084416],
         [ 57.36688312, 188.80357143],
         [ 69.98051948, 188.80357143],
         [ 95.80844156, 185.19967532],
         [110.22402597, 184.59902597],
         [111.42532468, 176.79058442],
         [109.62337662, 168.98214286],
         [122.23701299, 197.21266234],
         [101.21428571, 203.21915584],
         [ 84.99675325, 204.42045455],
         [ 74.78571429, 200.21590909],
         [ 71.78246753, 225.44318182],
         [ 45.95454545, 265.68668831],
         [ 27.33441558, 253.6737013 ],
         [ 18.92532468, 269.29058442],
         [  0.90584416, 265.68668831],
         [ 10.51623377, 313.73863636],
         [ 24.93181818, 330.55681818],
         [ 51.36038961, 351.57954545],
         [ 88.        , 364.79383117],
         [127.04220779, 343.7711039 ],
         [ 83.79545455, 323.94967532],
         [ 27.93506494, 292.71590909],
         [ 59.16883117, 293.91720779],
         [ 65.77597403, 274.69642857],
         [ 97.61038961, 257.87824675],
         [113.22727273, 293.91720779],
         [157.67532468, 314.93993506],
         [158.87662338, 336.56331169],
         [190.71103896, 328.15422078],
         [220.14285714, 328.75487013],
         [215.93831169, 353.38149351],
         [243.56818182, 358.18668831],
         [252.57792208, 325.75162338],
         [294.62337662, 327.55357143],
         [244.76948052, 304.7288961 ],
         [280.20779221, 287.91071429],
         [259.18506494, 281.30357143],
         [265.19155844, 261.48214286],
         [251.37662338, 253.07305195],
         [252.57792208, 220.03733766],
         [215.33766234, 221.23863636],
         [194.91558442, 214.03084416],
         [168.48701299, 217.03409091],
         [163.68181818, 193.60876623],
         [159.47727273, 210.42694805],
         [143.86038961, 193.60876623],
         [148.06493506, 180.39448052],
         [162.48051948, 166.57954545],
         [128.84415584, 187.60227273],
         [137.25324675, 206.2224026 ],
         [125.24025974, 222.43993506],
         [146.26298701, 224.24188312],
         [127.04220779, 246.46590909],
         [ 98.81168831, 232.65097403],
         [112.62662338, 247.66720779],
         [121.03571429, 272.89448052],
         [157.67532468, 256.0762987 ],
         [179.2987013 , 235.05357143],
         [175.69480519, 270.49188312],
         [199.72077922, 260.28084416],
         [128.24350649, 301.125     ],
         [222.54545455, 243.46266234],
         [337.87012987, 349.7775974 ],
         [327.65909091, 316.14123377],
         [321.6525974 , 307.13149351],
         [323.45454545, 275.89772727],
         [312.64285714, 256.0762987 ],
         [290.41883117, 244.06331169],
         [291.01948052, 225.44318182],
         [268.79545455, 230.84902597],
         [282.00974026, 206.2224026 ],
         [262.78896104, 208.625     ],
         [281.40909091, 185.19967532],
         [286.21428571, 170.78409091],
         [291.01948052, 153.36525974],
         [302.43181818, 158.17045455],
         [312.04220779, 147.95941558],
         [316.24675325, 159.9724026 ],
         [322.8538961 , 155.76785714],
         [330.66233766, 162.97564935],
         [322.8538961 , 170.78409091],
         [324.05519481, 179.19318182],
         [312.64285714, 173.78733766],
         [298.22727273, 167.78084416],
         [297.62662338, 188.80357143],
         [325.25649351, 193.60876623],
         [333.06493506, 201.41720779],
         [341.47402597, 190.60551948],
         [352.88636364, 179.19318182],
         [362.49675325, 161.77435065],
         [349.28246753, 151.56331169],
         [344.47727273, 162.97564935],
         [359.49350649, 179.19318182],
         [370.90584416, 183.39772727],
         [391.92857143, 149.76136364],
         [418.95779221, 146.15746753],
         [438.17857143, 153.96590909],
         [412.35064935, 167.78084416],
         [398.53571429, 184.59902597],
         [385.32142857, 172.58603896],
         [399.73701299, 168.38149351],
         [452.59415584, 167.78084416],
         [467.00974026, 164.7775974 ],
         [498.24350649, 162.375     ],
         [504.25      , 160.57305195],
         [515.06168831, 154.56655844],
         [533.68181818, 154.56655844],
         [540.28896104, 158.7711039 ],
         [527.67532468, 164.17694805],
         [522.26948052, 186.40097403],
         [515.66233766, 183.39772727],
         [486.83116883, 191.80681818],
         [495.24025974, 201.41720779],
         [528.87662338, 212.82954545],
         [442.38311688, 177.39123377],
         [451.39285714, 193.00811688],
         [425.56493506, 191.80681818],
         [406.34415584, 206.2224026 ],
         [381.71753247, 211.62824675],
         [382.31818182, 198.41396104],
         [357.09090909, 226.64448052],
         [355.28896104, 194.81006494],
         [313.24350649, 235.05357143],
         [325.85714286, 246.46590909],
         [349.88311688, 272.89448052],
         [361.29545455, 254.875     ],
         [396.13311688, 247.66720779],
         [406.94480519, 236.85551948],
         [425.56493506, 232.65097403],
         [435.17532468, 217.03409091],
         [416.55519481, 207.4237013 ],
         [439.98051948, 204.42045455],
         [470.01298701, 207.4237013 ],
         [459.2012987 , 197.81331169],
         [483.82792208, 222.43993506],
         [509.05519481, 227.24512987],
         [525.27272727, 235.65422078],
         [537.88636364, 266.88798701],
         [540.28896104, 236.85551948],
         [520.46753247, 262.08279221],
         [497.04220779, 242.26136364],
         [503.64935065, 271.69318182],
         [537.88636364, 290.91396104],
         [531.87987013, 326.35227273],
         [506.6525974 , 347.375     ],
         [481.42532468, 341.36850649],
         [495.24025974, 322.14772727],
         [494.03896104, 304.7288961 ],
         [486.23051948, 292.11525974],
         [482.62662338, 262.68344156],
         [466.40909091, 247.66720779],
         [449.59090909, 249.46915584],
         [432.17207792, 254.875     ],
         [415.3538961 , 185.19967532],
         [432.17207792, 281.30357143],
         [458.60064935, 288.51136364],
         [454.3961039 , 332.35876623],
         [435.17532468, 347.97564935],
         [412.9512987 , 355.78409091],
         [374.50974026, 360.58928571],
         [390.12662338, 340.16720779],
         [364.89935065, 332.35876623],
         [365.5       , 304.7288961 ],
         [345.07792208, 299.32305195],
         [369.70454545, 277.09902597],
         [393.73051948, 303.5275974 ],
         [418.95779221, 310.13474026],
         [212.33441558, 303.5275974 ]]), array([[212]], dtype=uint8))]]
