[[(array([[  1.04320988, 285.2962963 ],
         [ 46.10987654, 282.79259259],
         [ 18.98641975, 232.71851852],
         [ 60.29753086, 235.22222222],
         [ 48.61358025, 202.25679012],
         [ 89.50740741, 202.25679012],
         [ 70.31234568, 169.29135802],
         [112.04074074, 167.20493827],
         [ 18.98641975, 159.27654321],
         [  1.87777778, 134.65679012],
         [  7.71975309,  73.73333333],
         [ 30.25308642,  85.8345679 ],
         [ 26.91481481, 100.43950617],
         [ 41.10246914,  74.98518519],
         [ 75.73703704,  88.75555556],
         [ 74.48518519,  72.89876543],
         [ 59.04567901,  57.04197531],
         [ 10.3691358 ,  40.2462963 ],
         [ 20.38395062,  54.64259259],
         [ 42.29135802,  38.36851852],
         [ 73.17037037,  36.49074074],
         [ 85.27160494,  54.43395062],
         [108.84814815,  68.41296296],
         [106.13580247,  45.87962963],
         [123.24444444,  61.94506173],
         [132.63333333,  44.00185185],
         [111.14320988,  28.97962963],
         [160.17407407,  41.49814815],
         [158.92222222,  54.85123457],
         [142.64814815,  67.36975309],
         [145.5691358 ,  85.93888889],
         [110.9345679 ,  89.06851852],
         [ 92.57407407, 107.63765432],
         [ 56.47901235, 108.26358025],
         [ 44.37777778, 138.51666667],
         [ 87.35802469, 128.50185185],
         [130.12962963, 112.64506173],
         [128.04320988, 134.13518519],
         [157.87901235, 114.73148148],
         [179.99506173,  90.52901235],
         [183.95925926,  66.32654321],
         [189.80123457,  55.26851852],
         [196.68641975,  38.15987654],
         [225.47901235,  41.49814815],
         [221.51481481,  69.66481481],
         [215.04691358,  92.82407407],
         [215.88148148, 111.60185185],
         [210.45679012, 134.55246914],
         [194.80864198, 160.63271605],
         [163.72098765, 133.30061728],
         [158.2962963 , 165.84876543],
         [140.83333333, 192.65925926],
         [110.37160494, 238.14320988],
         [186.7345679 , 202.25679012],
         [170.46049383, 238.14320988],
         [164.20123457, 285.2962963 ],
         [102.86049383, 285.71358025],
         [244.73703704, 231.46666667],
         [232.21851852, 193.49382716],
         [233.05308642, 290.3037037 ],
         [311.08518519, 284.87901235],
         [362.41111111, 298.64938272],
         [442.11234568, 287.38271605],
         [422.08271605, 229.38024691],
         [342.38148148, 241.89876543],
         [306.07777778, 247.74074074],
         [288.55185185, 194.74567901],
         [343.63333333, 189.32098765],
         [401.21851852, 199.33580247],
         [455.04814815, 195.99753086],
         [434.60123457, 165.11851852],
         [389.95185185, 159.69382716],
         [332.36666667, 170.96049383],
         [294.81111111, 165.11851852],
         [253.5       , 170.96049383],
         [246.40617284, 134.23950617],
         [274.78148148, 145.50617284],
         [337.37407407, 134.65679012],
         [381.18888889, 131.73580247],
         [425.0037037 , 137.16049383],
         [408.72962963, 112.12345679],
         [397.88024691,  89.17283951],
         [367.41851852,  89.17283951],
         [363.66296296, 120.05185185],
         [329.02839506, 110.87160494],
         [286.88271605, 115.4617284 ],
         [252.24814815, 107.53333333],
         [249.74444444,  88.75555556],
         [293.55925926,  91.67654321],
         [324.02098765,  93.76296296],
         [248.07530864,  73.31604938],
         [369.50493827,  65.38765432],
         [402.47037037,  69.14320988],
         [440.86049383,  85.8345679 ],
         [435.01851852,  70.39506173],
         [459.28395062, 108.26358025],
         [476.39259259, 132.25740741],
         [464.08271605,  70.08209877],
         [459.49259259,  49.21790123],
         [455.52839506,  34.82160494],
         [479.10493827,  35.44753086],
         [422.56296296,  52.97345679],
         [411.2962963 ,  31.90061728],
         [387.51111111,  52.97345679],
         [384.17283951,  39.62037037],
         [346.82592593,  50.88703704],
         [351.41604938,  37.74259259],
         [319.07654321,  53.59938272],
         [322.20617284,  39.62037037],
         [289.65802469,  37.11666667],
         [278.6       ,  54.43395062],
         [474.75006661, 232.29886708],
         [251.21770732,  37.85615952],
         [257.63183527,  47.90495998],
         [225.77499975,  56.02952206],
         [326.04920015,  65.0093012 ],
         [288.2058452 ,  71.63723342],
         [163.09814371,  27.16594626],
         [  7.63398947,   7.04122421],
         [ 32.75097125,   9.17883968],
         [ 49.31749115,  20.93572477],
         [ 77.10649227,  17.72930156],
         [ 63.21199171,  13.98847449],
         [ 89.39778123,  16.66049383],
         [121.99641716,  12.38526289],
         [131.61568678,  20.93572477],
         [145.51018734,  11.31645515],
         [173.29918847,   8.11003194],
         [197.34736251,   8.11003194],
         [202.15699732,  21.47012864],
         [227.80838298,  19.33251317],
         [232.08361392,  10.24764741],
         [258.26940344,  11.31645515],
         [260.94142277,  20.93572477],
         [293.00565484,  24.14214798],
         [283.92078909,  10.24764741],
         [309.57217474,   7.57562808],
         [324.00107917,  25.21095571],
         [351.25567642,  20.4013209 ],
         [348.58365708,  10.78205128],
         [371.02861953,   8.11003194],
         [382.78550462,  25.74535958],
         [406.2992748 ,  22.0045325 ],
         [402.02404386,  10.24764741],
         [419.65937149,   4.36920487],
         [504.0951826 ,  26.27976345],
         [487.5286627 ,  81.85776569],
         [486.45985496,  52.46555297],
         [500.88875939, 109.11236295],
         [491.80389364, 166.29357679],
         [490.20068203, 288.13765864],
         [480.91541483,   1.06649832],
         [338.0291807 ,   1.09859277],
         [440.6347233 ,  22.47474747],
         [472.69895537,  19.80272814],
         [-31.91189675, 112.31878615],
         [ 20.99408616,  25.74535958],
         [391.5       ,   6.22527473],
         [ 46.75274725,   3.6978022 ],
         [ 98.31318681,   7.23626374]]), array([[160]], dtype=uint8))]]
