[[(array([[ 20.9084507 , 515.61971831],
         [ 91.58450704, 482.09389671],
         [ 77.99295775, 437.69483568],
         [ 27.25117371, 452.19248826],
         [ 57.15258216, 566.36150235],
         [156.82394366, 463.0657277 ],
         [164.97887324, 546.42723005],
         [226.59389671, 566.36150235],
         [253.77699531, 544.61502347],
         [289.11502347, 569.98591549],
         [338.95070423, 546.42723005],
         [258.30751174, 463.0657277 ],
         [214.81455399, 483.90610329],
         [208.47183099, 425.00938967],
         [184.00704225, 391.48356808],
         [134.1713615 , 391.48356808],
         [107.8943662 , 298.15492958],
         [150.48122066, 254.66197183],
         [173.13380282, 296.342723  ],
         [211.19014085, 338.92957746],
         [193.9741784 , 356.14553991],
         [241.99765258, 302.68544601],
         [274.61737089, 277.31455399],
         [305.42488263, 264.62910798],
         [276.42957746, 317.18309859],
         [251.96478873, 385.14084507],
         [290.02112676, 405.98122066],
         [336.23239437, 366.11267606],
         [307.2370892 , 444.03755869],
         [346.19953052, 456.72300469],
         [402.37793427, 527.39906103],
         [415.96948357, 454.00469484],
         [379.72535211, 406.88732394],
         [368.85211268, 368.83098592],
         [415.96948357, 359.76995305],
         [465.80516432, 380.61032864],
         [462.18075117, 482.09389671],
         [487.55164319, 460.34741784],
         [530.13849765, 408.69953052],
         [491.17605634, 355.23943662],
         [517.45305164, 359.76995305],
         [545.54225352, 499.30985915],
         [599.00234742, 566.36150235],
         [628.90375587, 525.58685446],
         [492.98826291, 567.26760563],
         [694.14319249, 446.75586854],
         [645.21361502, 447.66197183],
         [671.49061033, 416.85446009],
         [621.65492958, 366.11267606],
         [599.9084507 , 434.07042254],
         [570.91314554, 464.87793427],
         [570.00704225, 367.92488263],
         [555.50938967, 342.55399061],
         [568.19483568, 319.90140845],
         [555.50938967, 287.28169014],
         [528.32629108, 318.99530516],
         [492.98826291, 306.30985915],
         [466.71126761, 318.99530516],
         [431.37323944, 315.37089202],
         [401.47183099, 299.06103286],
         [709.54694836, 505.65258216],
         [762.10093897, 514.71361502],
         [823.71596244, 531.92957746],
         [837.30751174, 501.12206573],
         [780.22300469, 431.35211268],
         [697.76760563, 366.11267606],
         [759.38262911, 347.08450704],
         [796.53286385, 349.8028169 ],
         [808.31220657, 298.15492958],
         [766.6314554 , 315.37089202],
         [715.88967136, 321.71361502],
         [741.26056338, 286.37558685],
         [768.44366197, 257.38028169],
         [661.52347418, 299.06103286],
         [653.3685446 , 325.33802817],
         [617.12441315, 317.18309859],
         [612.59389671, 270.0657277 ],
         [627.0915493 , 244.69483568],
         [589.03521127, 274.59624413],
         [519.26525822, 283.657277  ],
         [500.2370892 , 259.19248826],
         [526.51408451, 242.88262911],
         [528.32629108, 223.85446009],
         [552.79107981, 238.35211268],
         [593.5657277 , 232.91549296],
         [556.41549296, 206.63849765],
         [562.75821596, 192.14084507],
         [539.19953052, 197.57746479],
         [506.57981221, 212.98122066],
         [514.73474178, 192.14084507],
         [512.01643192, 177.64319249],
         [529.23239437, 172.20657277],
         [553.6971831 , 169.48826291],
         [572.72535211, 168.58215962],
         [474.86619718, 226.57276995],
         [460.3685446 , 248.31924883],
         [421.40610329, 261.91079812],
         [406.00234742, 242.88262911],
         [382.44366197, 230.1971831 ],
         [346.19953052, 214.79342723],
         [324.45305164, 233.82159624],
         [344.38732394, 277.31455399],
         [362.50938967, 299.06103286],
         [333.51408451, 298.15492958],
         [296.36384977, 233.82159624],
         [266.46244131, 215.69953052],
         [249.24647887, 245.60093897],
         [213.00234742, 251.94366197],
         [184.91314554, 254.66197183],
         [148.66901408, 227.47887324],
         [ 92.49061033, 213.88732394],
         [ 76.18075117, 274.59624413],
         [ 50.80985915, 248.31924883],
         [ 40.842723  , 283.657277  ],
         [ 46.27934272, 222.94835681],
         [ 20.9084507 , 157.70892019],
         [ 93.39671362, 111.49765258],
         [115.14319249, 162.23943662],
         [ 96.11502347, 189.42253521],
         [160.44835681, 175.83098592],
         [193.06807512, 169.48826291],
         [203.94131455, 200.29577465],
         [223.87558685, 236.5399061 ],
         [222.06338028, 183.98591549],
         [242.90375587, 162.23943662],
         [272.80516432, 171.30046948],
         [255.58920188, 183.07981221],
         [319.01643192, 168.58215962],
         [305.42488263, 147.74178404],
         [279.14788732, 136.8685446 ],
         [248.34037559, 134.15023474],
         [213.00234742, 149.55399061],
         [192.16197183, 149.55399061],
         [220.25117371, 130.5258216 ],
         [186.72535211,  92.46948357],
         [268.27464789, 113.30985915],
         [225.68779343,  88.84507042],
         [302.70657277, 117.84037559],
         [326.26525822, 117.84037559],
         [322.64084507, 102.43661972],
         [359.79107981, 174.92488263],
         [338.04460094, 164.05164319],
         [346.19953052, 130.5258216 ],
         [381.53755869, 132.33802817],
         [376.10093897, 162.23943662],
         [358.88497653, 111.49765258],
         [399.65962441, 132.33802817],
         [411.43896714, 118.74647887],
         [420.5       , 106.06103286],
         [427.74882629, 125.99530516],
         [448.58920188, 113.30985915],
         [445.87089202,  73.44131455],
         [417.78169014,  69.81690141],
         [406.00234742,  83.4084507 ],
         [393.31690141, 101.53051643],
         [441.34037559, 183.98591549],
         [422.31220657, 203.01408451],
         [399.65962441, 190.3286385 ],
         [372.47652582, 203.92018779],
         [428.65492958, 164.05164319],
         [402.37793427, 156.8028169 ],
         [451.30751174, 165.86384977],
         [448.58920188, 138.68075117],
         [477.58450704, 145.92957746],
         [468.52347418, 124.18309859],
         [473.05399061, 163.14553991],
         [478.49061033, 193.95305164],
         [502.04929577, 162.23943662],
         [669.67840376, 233.82159624],
         [696.86150235, 270.97183099],
         [724.04460094, 236.5399061 ],
         [776.59859155, 238.35211268],
         [811.03051643, 259.19248826],
         [818.27934272, 241.97652582],
         [831.87089202, 216.6056338 ],
         [774.78638498, 215.69953052],
         [767.53755869, 188.51643192],
         [737.63615023, 174.92488263],
         [711.35915493, 183.98591549],
         [714.07746479, 212.98122066],
         [678.73943662, 175.83098592],
         [635.24647887, 159.52112676],
         [615.31220657, 157.70892019],
         [610.78169014, 175.83098592],
         [592.65962441, 181.26760563],
         [585.41079812, 145.92957746],
         [607.157277  , 136.8685446 ],
         [661.52347418, 152.27230047],
         [679.64553991, 146.83568075],
         [688.70657277, 130.5258216 ],
         [705.92253521, 151.36619718],
         [708.64084507, 170.3943662 ],
         [730.38732394, 130.5258216 ],
         [724.95070423, 116.02816901],
         [699.57981221, 117.84037559],
         [657.89906103, 125.99530516],
         [623.46713615, 113.30985915],
         [649.29107981, 227.25234742],
         [647.93192488, 198.7100939 ],
         [549.16666667, 121.69131455],
         [536.9342723 , 142.98474178],
         [521.98356808, 139.81338028],
         [498.87793427, 119.42605634],
         [510.20422535, 110.81807512],
         [545.54225352, 102.2100939 ],
         [523.79577465,  85.4471831 ],
         [507.48591549,  89.07159624],
         [479.84976526,  78.65140845],
         [474.86619718,  94.50821596],
         [485.28638498, 111.7241784 ],
         [442.69953052,  98.13262911],
         [373.83568075,  75.93309859],
         [363.41549296,  89.52464789],
         [342.12206573,  88.6185446 ],
         [396.03521127,  76.38615023],
         [401.47183099,  51.9213615 ],
         [429.56103286,  52.82746479],
         [390.14553991,  41.95422535],
         [375.64788732,  40.14201878],
         [395.58215962,  26.55046948],
         [420.95305164,  26.09741784],
         [329.43661972,  31.9870892 ],
         [343.02816901,  50.10915493],
         [324.        ,  59.17018779],
         [322.64084507,  86.35328638],
         [376.55399061,  59.62323944],
         [444.05868545,  36.97065728],
         [453.57276995,  41.50117371],
         [471.24178404,  36.97065728],
         [463.99295775,  48.29694836],
         [478.94366197,  46.93779343],
         [470.78873239,  58.26408451],
         [441.79342723,  58.26408451],
         [451.30751174,  51.46830986],
         [463.5399061 ,  76.83920188],
         [490.72300469,  71.8556338 ],
         [496.61267606,  63.24765258],
         [508.39201878,  48.29694836],
         [529.68544601,  73.21478873],
         [525.60798122, 107.64671362],
         [566.38262911, 100.39788732],
         [559.13380282, 105.83450704],
         [542.82394366, 183.30633803],
         [661.97652582, 175.15140845],
         [666.50704225, 222.26877934],
         [620.29577465, 227.70539906],
         [668.31924883, 104.47535211],
         [645.21361502, 110.36502347],
         [641.13615023, 126.22183099],
         [626.63849765, 126.22183099],
         [586.76995305, 117.16079812],
         [586.31690141, 109.91197183],
         [602.17370892,  97.22652582],
         [612.59389671,  99.03873239],
         [641.58920188,  97.22652582],
         [645.21361502,  79.55751174],
         [621.20187793,  84.54107981],
         [609.42253521,  76.83920188],
         [590.84741784,  90.88380282],
         [595.83098592,  84.54107981],
         [588.12910798,  74.12089202],
         [562.30516432,  77.29225352],
         [539.19953052,  90.88380282],
         [560.49295775,  60.07629108],
         [554.15023474,  52.82746479],
         [571.36619718,  55.092723  ],
         [585.86384977,  49.65610329],
         [576.8028169 ,  33.79929577],
         [567.28873239,  37.42370892],
         [542.37089202,  28.8157277 ],
         [536.48122066,  41.95422535],
         [522.43661972,  30.62793427],
         [520.62441315,  40.59507042],
         [597.19014085,  55.99882629],
         [608.96948357,  48.75      ],
         [628.45070423,  44.67253521],
         [622.56103286,  40.14201878],
         [638.41784038,  55.99882629],
         [666.9600939 ,  51.01525822],
         [698.67370892,  48.29694836],
         [675.56807512,  97.67957746],
         [657.89906103,  72.30868545],
         [733.1056338 , 173.79225352],
         [731.29342723,  95.86737089],
         [721.32629108,  53.73356808],
         [613.5       ,  57.81103286],
         [728.12206573, 162.0129108 ],
         [391.05164319, 119.87910798],
         [371.11737089, 104.92840376],
         [463.08685446, 110.36502347],
         [541.46478873,  75.02699531],
         [691.42488263,  75.02699531],
         [184.22300469, 221.36267606],
         [ 68.24178404, 138.00117371],
         [ 17.04694836, 120.33215962],
         [ 41.51173709, 185.57159624],
         [ 15.23474178, 216.37910798],
         [123.06103286,  89.07159624],
         [104.03286385,  92.69600939],
         [108.56338028,  64.15375587],
         [ 92.70657277,  51.46830986],
         [107.657277  ,  37.42370892],
         [151.60328638,  36.97065728],
         [160.21126761,  38.32981221],
         [153.8685446 ,  59.17018779],
         [138.01173709,  62.3415493 ],
         [174.25586854,  63.24765258],
         [181.50469484,  59.17018779],
         [203.25117371,  40.14201878],
         [215.93661972,  65.5129108 ],
         [258.52347418,  49.65610329],
         [247.65023474,  45.12558685],
         [240.40140845,  35.1584507 ],
         [287.51877934,  30.62793427],
         [312.88967136,  22.47300469],
         [267.58450704,  29.26877934],
         [276.19248826,  62.3415493 ],
         [296.12676056,  55.99882629],
         [299.75117371,  88.6185446 ],
         [257.16431925,  74.12089202],
         [244.47887324, 119.42605634],
         [169.27230047, 121.23826291],
         [181.50469484, 113.98943662],
         [148.43192488,  91.33685446],
         [122.60798122, 111.7241784 ],
         [132.12206573, 147.06220657],
         [ 99.95539906, 173.79225352],
         [326.02816901, 214.11384977],
         [252.18075117, 223.62793427],
         [120.79577465, 200.06924883],
         [284.34741784,  78.65140845],
         [ 69.60093897, 370.86971831],
         [ 64.61737089, 345.95187793],
         [ 38.79342723, 402.58333333],
         [775.47652582, 140.71948357],
         [763.6971831 , 124.40962441],
         [781.81924883, 100.39788732],
         [788.16197183, 135.73591549],
         [780.4600939 , 163.37206573],
         [805.37793427, 184.21244131],
         [745.12206573, 232.68896714],
         [743.7629108 , 100.39788732],
         [755.99530516,  81.82276995],
         [747.38732394, 124.40962441],
         [738.77934272, 113.08333333],
         [804.92488263, 154.76408451],
         [819.87558685, 141.17253521],
         [744.66901408,  65.5129108 ],
         [739.23239437,  61.43544601],
         [678.97652582, 191.91431925],
         [686.22535211,  58.26408451],
         [ 80.4741784 ,  68.6842723 ],
         [134.84037559,  13.41197183],
         [288.42488263,  13.41197183],
         [261.69483568,  12.95892019],
         [434.54460094, 244.24178404],
         [534.66901408, 121.46478873],
         [355.04545455,  33.21678322]]), array([[358]], dtype=uint16))]]
