[[(array([[596.32305936, 245.36643836],
         [574.59931507, 250.89611872],
         [532.73173516, 247.73630137],
         [464.00570776, 256.03082192],
         [424.50799087, 261.16552511],
         [427.27283105, 240.23173516],
         [451.36643836, 251.29109589],
         [467.56050228, 238.25684932],
         [454.92123288, 241.0216895 ],
         [456.10616438, 228.38242009],
         [467.16552511, 223.24771689],
         [477.43493151, 243.39155251],
         [493.23401826, 214.16324201],
         [524.43721461, 203.49885845],
         [513.37785388, 235.49200913],
         [531.54680365, 224.03767123],
         [546.1609589 , 211.39840183],
         [555.64041096, 187.69977169],
         [610.54223744, 198.36415525],
         [603.4326484 , 181.77511416],
         [593.95319635, 173.87557078],
         [591.18835616, 145.43721461],
         [598.29794521, 133.58789954],
         [616.07191781, 105.54452055],
         [573.80936073, 149.3869863 ],
         [563.93493151, 134.77283105],
         [553.66552511, 157.68150685],
         [533.5216895 , 164.79109589],
         [528.3869863 , 144.64726027],
         [541.42123288, 133.98287671],
         [532.73173516, 123.31849315],
         [519.30251142, 113.44406393],
         [537.47146119, 104.35958904],
         [540.23630137, 115.81392694],
         [552.48059361, 114.23401826],
         [565.11986301, 111.46917808],
         [576.17922374, 115.41894977],
         [584.86872146, 105.54452055],
         [569.0696347 , 103.5696347 ],
         [551.2956621 , 101.19977169],
         [569.85958904,  85.00570776],
         [554.06050228,  78.29109589],
         [542.21118721,  85.7956621 ],
         [ 67.44863014, 258.40068493],
         [ 52.43949772, 217.71803653],
         [ 43.35502283, 204.28881279],
         [ 62.70890411, 207.84360731],
         [ 92.33219178, 254.05593607],
         [101.81164384, 233.12214612],
         [ 92.72716895, 204.28881279],
         [ 98.65182648, 172.69063927],
         [ 92.72716895, 155.31164384],
         [112.08105023, 155.31164384],
         [112.08105023, 141.88242009],
         [119.19063927, 128.05821918],
         [122.74543379, 138.72260274],
         [ 68.63356164,  78.29109589],
         [ 66.6586758 ,  71.18150685],
         [ 80.08789954,  72.76141553],
         [ 83.24771689,  60.51712329],
         [ 90.75228311,  68.81164384],
         [119.58561644,  61.70205479],
         [134.98972603,  64.46689498],
         [136.96461187,  51.03767123],
         [118.00570776,  42.74315068],
         [104.18150685,  46.29794521],
         [144.07420091,  26.94406393],
         [148.0239726 ,  22.99429224],
         [151.97374429,  22.99429224],
         [161.05821918,  21.41438356],
         [150.39383562,  30.10388128],
         [137.35958904, 172.2956621 ],
         [149.60388128, 169.53082192],
         [139.72945205, 157.68150685],
         [142.09931507, 142.27739726],
         [144.07420091, 126.4783105 ],
         [129.06506849, 112.65410959],
         [116.42579909, 101.19977169],
         [143.67922374,  90.53538813],
         [148.81392694,  98.43493151],
         [158.293379  ,  85.00570776],
         [168.95776256,  90.53538813],
         [159.4783105 , 109.88926941],
         [163.03310502, 127.66324201],
         [169.35273973, 139.11757991],
         [170.14269406, 143.85730594],
         [177.25228311, 168.34589041],
         [159.08333333, 199.94406393],
         [148.0239726 , 224.82762557],
         [156.31849315, 251.29109589],
         [122.35045662, 200.73401826],
         [121.56050228, 173.08561644],
         [185.94178082, 248.92123288],
         [176.46232877, 250.89611872],
         [206.87557078, 270.25      ],
         [222.67465753, 245.36643836],
         [233.3390411 , 258.40068493],
         [255.45776256, 269.85502283],
         [268.49200913, 267.48515982],
         [252.29794521, 239.83675799],
         [248.34817352, 222.06278539],
         [240.05365297, 209.81849315],
         [250.71803653, 202.70890411],
         [251.90296804, 190.46461187],
         [221.8847032 , 188.48972603],
         [227.41438356, 183.75      ],
         [188.706621  , 221.27283105],
         [196.21118721, 213.37328767],
         [202.53082192, 209.81849315],
         [215.17009132, 179.80022831],
         [197.00114155, 160.44634703],
         [214.77511416, 163.60616438],
         [223.0696347 , 159.65639269],
         [244.793379  , 168.34589041],
         [238.86872146, 148.99200913],
         [202.53082192, 148.20205479],
         [181.20205479, 129.24315068],
         [196.60616438, 119.36872146],
         [213.19520548, 118.97374429],
         [231.36415525, 120.94863014],
         [242.42351598, 116.99885845],
         [231.36415525, 109.88926941],
         [222.67465753, 105.14954338],
         [228.99429224,  90.53538813],
         [219.11986301,  80.26598174],
         [209.64041096,  97.64497717],
         [195.81621005,  90.53538813],
         [206.48059361,  87.37557078],
         [202.53082192,  85.00570776],
         [188.706621  ,  85.7956621 ],
         [168.56278539,  62.49200913],
         [168.16780822,  58.14726027],
         [183.57191781,  62.09703196],
         [191.47146119,  65.65182648],
         [177.25228311,  85.00570776],
         [198.58105023,  58.54223744],
         [193.8413242 ,  51.4326484 ],
         [191.86643836,  45.90296804],
         [191.07648402,  38.793379  ],
         [191.47146119,  30.49885845],
         [185.54680365,  28.5239726 ],
         [179.62214612,  44.32305936],
         [181.20205479,  47.87785388],
         [213.98515982,  53.01255708],
         [208.85045662,  53.01255708],
         [212.01027397,  48.66780822],
         [200.95091324,  46.29794521],
         [202.92579909,  43.13812785],
         [176.46232877, 216.13812785],
         [284.29109589, 222.06278539],
         [292.58561644, 189.67465753],
         [276.39155251, 162.42123288],
         [292.19063927, 159.65639269],
         [299.30022831, 150.57191781],
         [281.92123288, 145.83219178],
         [261.38242009, 156.49657534],
         [251.90296804, 144.64726027],
         [250.32305936, 131.21803653],
         [260.59246575, 124.10844749],
         [280.3413242 , 119.76369863],
         [295.74543379, 115.0239726 ],
         [294.16552511, 100.80479452],
         [279.15639269, 101.19977169],
         [272.44178082, 109.09931507],
         [261.38242009, 108.30936073],
         [246.37328767, 107.91438356],
         [252.69292237,  92.1152968 ],
         [244.39840183,  83.03082192],
         [260.98744292,  81.45091324],
         [308.77968037, 263.9303653 ],
         [299.30022831, 255.24086758],
         [348.27739726, 254.05593607],
         [356.57191781, 225.61757991],
         [342.35273973, 229.17237443],
         [321.41894977, 197.17922374],
         [321.41894977, 178.6152968 ],
         [344.32762557, 191.64954338],
         [340.77283105, 156.89155251],
         [319.44406393, 164.79109589],
         [316.28424658, 152.54680365],
         [337.6130137 , 149.78196347],
         [328.52853881, 122.52853881],
         [307.98972603, 113.8390411 ],
         [318.25913242,  94.09018265],
         [312.33447489,  92.90525114],
         [388.17009132, 265.1152968 ],
         [396.85958904, 249.71118721],
         [389.75      , 242.60159817],
         [386.19520548, 213.37328767],
         [366.8413242 , 211.39840183],
         [375.53082192, 184.14497717],
         [396.0696347 , 196.38926941],
         [403.96917808, 183.75      ],
         [405.94406393, 170.32077626],
         [375.53082192, 169.53082192],
         [379.87557078, 167.1609589 ],
         [438.33219178, 233.51712329],
         [434.77739726, 213.37328767],
         [438.72716895, 197.17922374],
         [438.72716895, 184.14497717],
         [430.4326484 , 175.85045662],
         [432.80251142, 163.21118721],
         [449.78652968, 158.86643836],
         [462.03082192, 156.10159817],
         [473.88013699, 156.10159817],
         [457.68607306, 197.17922374],
         [460.05593607, 186.90981735],
         [468.74543379, 185.32990868],
         [487.7043379 , 186.11986301],
         [553.66552511, 251.68607306],
         [327.34360731, 137.53767123],
         [311.54452055, 127.66324201],
         [289.82077626, 136.74771689],
         [365.26141553, 154.12671233],
         [375.13584475, 156.89155251],
         [379.87557078, 144.25228311],
         [363.28652968, 138.72260274],
         [362.10159817, 128.05821918],
         [384.6152968 , 127.66324201],
         [385.01027397, 114.23401826],
         [370.79109589, 112.65410959],
         [347.09246575, 120.55365297],
         [356.96689498, 110.28424658],
         [350.64726027,  94.48515982],
         [359.73173516,  94.48515982],
         [391.32990868, 101.59474886],
         [413.05365297, 104.75456621],
         [422.53310502, 105.14954338],
         [430.4326484 , 105.14954338],
         [414.63356164, 137.14269406],
         [410.68378995, 150.57191781],
         [425.69292237, 144.25228311],
         [435.96232877, 145.43721461],
         [443.46689498, 146.22716895],
         [452.15639269, 150.57191781],
         [449.78652968, 111.86415525],
         [469.14041096, 116.99885845],
         [493.62899543, 111.46917808],
         [505.08333333, 108.30936073],
         [236.89383562,  75.13127854],
         [277.57648402,  79.4760274 ],
         [303.64497717,  75.92123288],
         [294.16552511,  84.21575342],
         [294.16552511,  75.13127854],
         [309.17465753,  72.36643836],
         [317.07420091,  80.6609589 ],
         [317.07420091,  62.09703196],
         [263.75228311,  73.55136986],
         [249.92808219,  67.62671233],
         [206.08561644,  62.8869863 ],
         [403.17922374,  83.42579909],
         [411.86872146,  96.06506849],
         [402.78424658,  99.22488584],
         [432.40753425,  96.06506849],
         [435.96232877,  80.26598174],
         [434.77739726,  88.56050228],
         [450.97146119,  85.40068493],
         [458.08105023,  98.43493151],
         [451.76141553, 102.77968037],
         [471.1152968 ,  85.7956621 ],
         [472.30022831,  79.87100457],
         [460.05593607,  82.24086758],
         [486.12442922,  81.84589041],
         [484.93949772,  98.03995434],
         [468.35045662, 105.54452055],
         [503.50342466,  94.09018265],
         [509.03310502,  92.1152968 ],
         [510.6130137 ,  83.03082192],
         [507.84817352,  68.81164384],
         [517.72260274,  71.57648402],
         [524.83219178,  67.62671233],
         [521.67237443,  50.24771689],
         [550.11073059,  62.09703196],
         [527.99200913,  80.26598174],
         [520.48744292,  77.89611872],
         [489.67922374,  36.81849315],
         [480.59474886,  37.21347032],
         [500.73858447,  52.22260274],
         [465.98059361,  54.98744292],
         [472.69520548,  58.14726027],
         [473.48515982,  49.85273973],
         [442.28196347,  60.12214612],
         [448.206621  ,  61.70205479],
         [455.71118721,  56.5673516 ],
         [454.52625571,  43.92808219],
         [437.14726027,  53.80251142],
         [442.67694064,  53.80251142],
         [441.09703196,  43.13812785],
         [401.59931507,  65.65182648],
         [409.10388128,  58.54223744],
         [402.78424658,  51.03767123],
         [395.67465753,  51.82762557],
         [396.46461187,  37.60844749],
         [411.07876712,  42.74315068],
         [421.74315068,  49.45776256],
         [421.74315068,  40.76826484],
         [432.01255708,  38.00342466],
         [431.61757991,  32.07876712],
         [434.77739726,  30.49885845],
         [472.69520548,  15.48972603],
         [482.17465753,  14.30479452],
         [468.74543379,   3.64041096],
         [272.04680365,  37.60844749],
         [263.35730594,  39.18835616],
         [262.5673516 ,  32.47374429],
         [271.25684932,  30.10388128],
         [275.60159817,  33.26369863],
         [249.53310502,  44.32305936],
         [240.44863014,  43.92808219],
         [234.91894977,  37.60844749],
         [230.96917808,  36.02853881],
         [221.48972603,  37.21347032],
         [215.96004566,  22.59931507],
         [202.53082192,  12.72488584],
         [216.35502283,  10.35502283],
         [212.80022831,  12.72488584],
         [250.32305936,   8.38013699],
         [245.58333333,  21.41438356],
         [242.02853881,  10.75      ],
         [239.6586758 ,   3.24543379],
         [232.94406393,  21.41438356],
         [227.80936073,  21.01940639],
         [221.09474886,  19.43949772],
         [291.7956621 ,  37.60844749],
         [285.08105023,  35.63356164],
         [302.85502283,  39.58333333],
         [304.43493151,  35.63356164],
         [309.96461187,  33.6586758 ],
         [328.13356164,  38.793379  ],
         [332.08333333,  39.18835616],
         [330.10844749,  77.10616438],
         [344.32762557,  74.3413242 ],
         [405.54908676,  72.76141553],
         [385.80022831,  81.45091324],
         [383.82534247,  76.31621005],
         [353.80707763,  77.10616438],
         [413.44863014,  87.37557078],
         [422.13812785,  75.13127854],
         [409.89383562,  65.65182648],
         [344.32762557,  65.65182648],
         [341.56278539,  54.59246575],
         [358.94178082,  59.33219178],
         [368.81621005,  70.78652968],
         [417.00342466, 117.39383562],
         [406.3390411 , 112.25913242],
         [398.04452055,  32.07876712],
         [383.82534247,  34.05365297],
         [372.37100457,  37.21347032],
         [354.20205479,  43.13812785],
         [415.81849315,  30.89383562],
         [426.08789954,  13.90981735],
         [405.94406393,  14.69977169],
         [403.57420091,  17.85958904],
         [330.10844749,  19.43949772],
         [337.6130137 ,  17.85958904],
         [346.69748858,  15.8847032 ],
         [331.293379  ,  28.5239726 ],
         [321.0239726 ,  10.35502283],
         [324.97374429,  12.32990868],
         [326.55365297,   8.77511416],
         [366.05136986,  14.30479452],
         [375.53082192,  21.01940639],
         [388.17009132,  22.99429224],
         [376.32077626,  21.80936073],
         [377.50570776,  22.99429224],
         [396.0696347 ,  22.99429224],
         [390.53995434,  17.85958904],
         [392.11986301,  12.32990868],
         [399.62442922,  13.90981735],
         [401.99429224,  12.72488584],
         [477.82990868,  65.65182648],
         [473.09018265,  64.07191781],
         [466.77054795,  65.65182648],
         [219.51484018, 117.78881279],
         [503.89840183, 207.05365297],
         [309.07591324,  43.7402968 ],
         [361.8053653 ,  69.61130137],
         [327.83732877,  92.91495434],
         [412.55993151,  50.05993151],
         [236.00513699,  92.71746575],
         [221.8847032 ,  10.35502283],
         [217.53995434,   6.80022831],
         [249.92808219,   1.66552511],
         [315.09931507,   2.06050228],
         [306.01484018,  13.90981735],
         [476.25      , 141.88242009],
         [481.3847032 , 137.14269406],
         [502.71347032, 137.53767123],
         [510.6130137 , 120.55365297],
         [503.10844749, 165.9760274 ],
         [531.94178082, 175.45547945],
         [344.32762557,  86.98059361],
         [228.59931507,  65.65182648],
         [238.07876712,  60.91210046],
         [219.90981735,  60.91210046],
         [269.28196347,  47.48287671],
         [272.04680365,  49.45776256],
         [411.07876712,  22.59931507],
         [416.60844749,  12.32990868],
         [419.76826484,  21.01940639],
         [455.71118721,   6.80022831],
         [416.21347032, 221.27283105],
         [112.4760274 , 261.16552511],
         [108.13127854, 273.80479452],
         [ 65.13736264,  44.40809191],
         [ 65.13736264,  44.40809191],
         [626.55995717, 114.32155603],
         [628.53568879, 125.68201285],
         [664.09885796, 176.06316916],
         [645.32940757, 200.26588151],
         [623.59635974, 247.6834404 ],
         [644.83547466, 255.58636688],
         [657.18379729, 265.95895789],
         [671.50785153, 264.47715917],
         [674.47144897, 250.15310493],
         [659.15952891, 231.38365453],
         [626.06602427, 220.02319772],
         [642.36581014, 214.58993576],
         [630.01748751, 175.07530335],
         [621.62062812, 170.1359743 ],
         [674.96538187, 153.34225553],
         [281.05389008,  25.05817273],
         [288.70985011,  26.04603854],
         [294.63704497,  22.34154176],
         [301.30513919,  21.10670949],
         [290.93254818, 163.35938615],
         [348.96966453, 149.39079229],
         [288.43006993,   9.84265734],
         [283.59090909,  22.7997003 ],
         [284.28221778,  15.88661339],
         [284.97352647,   7.59090909],
         [282.8996004 ,   3.44305694],
         [278.06043956,   3.78871129],
         [271.83866134,   6.20829171],
         [270.8016983 ,  13.46703297],
         [273.91258741,  17.61488511],
         [273.22127872,  22.7997003 ],
         [262.85164835,  24.87362637],
         [250.75374625,  26.25624376],
         [244.53196803,  34.55194805],
         [252.13636364,  39.04545455],
         [226.9035964 ,   4.82567433],
         [234.85364635,   6.8996004 ],
         [230.36013986,   9.31918082],
         [234.85364635,  13.12137862],
         [240.38411588,  15.54095904],
         [257.66683317,   3.44305694],
         [271.49300699,   1.71478521],
         [282.8996004 ,   1.36913087],
         [288.43006993,   2.75174825],
         [297.41708292,   2.06043956],
         [299.49100899,   8.97352647],
         [296.38011988,  13.81268731],
         [312.28021978,   6.8996004 ],
         [321.26723277,   3.78871129],
         [326.7977023 ,   2.40609391],
         [331.98251748,   2.06043956],
         [339.93256743,   2.40609391],
         [345.80869131,   5.51698302],
         [336.47602398,   8.28221778],
         [332.32817183,  11.39310689],
         [343.73476523,  14.503996  ],
         [349.26523477,  25.21928072],
         [350.99350649,  30.74975025],
         [342.6978022 ,  42.501998  ],
         [340.27822178,  31.0954046 ],
         [338.2042957 ,  25.21928072],
         [357.21528472,   7.59090909],
         [357.90659341,   3.0974026 ],
         [350.64785215,   4.48001998],
         [368.62187812,   5.69480519],
         [371.38711289,   2.92957043],
         [365.16533467,   2.23826174],
         [378.3001998 ,   2.23826174],
         [376.91758242,   9.84265734],
         [382.44805195,   9.84265734],
         [372.76973027,  16.06443556],
         [366.54795205,  18.13836164],
         [357.56093906,  13.99050949],
         [351.33916084,  11.91658342],
         [352.03046953,   7.76873127],
         [385.9045954 ,   5.0034965 ],
         [391.43506494,   2.23826174],
         [391.43506494,   7.07742258],
         [385.21328671,  11.91658342],
         [396.27422577,  17.44705295],
         [396.96553447,   9.15134865],
         [399.03946054,   5.0034965 ],
         [403.87862138,   7.07742258],
         [410.79170829,   9.84265734],
         [415.63086913,   4.31218781],
         [419.77872128,   4.31218781],
         [427.38311688,   8.46003996],
         [439.13536464,   7.07742258],
         [259.3951049 ,  11.91658342],
         [253.17332667,  16.75574426],
         [264.23426573,  20.21228771],
         [259.3951049 ,  20.9035964 ]]), array([[498]], dtype=uint16))]]
