[[(array([[ 363.97768595,  587.60743802],
         [ 464.26198347,  596.49338843],
         [ 648.32809917,  750.09338843],
         [ 630.55619835,  652.34793388],
         [ 748.61239669,  633.30661157],
         [ 767.65371901,  484.78429752],
         [1008.84380165,  681.5446281 ],
         [ 979.64710744,  480.97603306],
         [ 843.81900826,  394.6553719 ],
         [ 749.88181818,  414.9661157 ],
         [ 650.86694215,  421.31322314],
         [ 582.31818182,  407.34958678],
         [ 476.95619835,  392.11652893],
         [ 418.56280992,  390.84710744],
         [ 367.78595041,  505.09504132],
         [ 154.5231405 ,  557.14132231],
         [ 200.22231405,  508.90330579],
         [ 250.99917355,  511.44214876],
         [ 162.13966942,  491.13140496],
         [ 124.05702479,  508.90330579],
         [  79.62727273,  508.90330579],
         [  42.81404959,  470.82066116],
         [  28.85041322,  408.61900826],
         [  56.77768595,  404.8107438 ],
         [  93.59090909,  387.03884298],
         [ 136.75123967,  425.1214876 ],
         [ 159.60082645,  426.39090909],
         [ 183.71983471,  408.61900826],
         [ 243.38264463,  408.61900826],
         [ 286.54297521,  411.15785124],
         [ 338.5892562 ,  425.1214876 ],
         [ 158.01404959,  213.76280992],
         [ 172.92975207,  211.85867769],
         [ 153.25371901,  240.42066116],
         [ 153.25371901,  226.13966942],
         [ 162.77438017,  233.43884298],
         [ 172.29504132,  234.07355372],
         [ 181.49834711,  227.72644628],
         [ 191.97107438,  228.99586777],
         [ 203.39586777,  231.53471074],
         [ 227.19752066,  222.64876033],
         [ 215.13801653,  223.91818182],
         [ 253.22066116,  212.49338843],
         [ 241.4785124 ,  210.90661157],
         [ 260.20247934,  220.7446281 ],
         [ 293.20743802,  196.62561983],
         [ 256.71157025,  200.4338843 ],
         [ 267.18429752,  205.82892562],
         [ 273.84876033,  202.97272727],
         [ 283.36942149,  193.13471074],
         [ 311.61404959,  188.69173554],
         [ 332.24214876,  186.78760331],
         [ 357.94793388,  186.15289256],
         [ 388.41404959,  168.06363636],
         [ 346.84049587,  178.53636364],
         [ 358.58264463,  169.9677686 ],
         [ 353.18760331,  157.59090909],
         [ 374.45041322,  164.89008264],
         [ 358.26528926,  218.5231405 ],
         [ 162.77438017,  282.62892562],
         [ 184.67190083,  303.57438017],
         [ 157.69669421,  324.20247934],
         [ 169.43884298,  305.79586777],
         [ 194.19256198,  282.94628099],
         [ 179.91157025,  283.26363636],
         [ 216.72479339,  285.1677686 ],
         [ 201.80909091,  319.12479339],
         [ 192.28842975,  335.62727273],
         [ 226.24545455,  324.83719008],
         [ 228.78429752,  298.81404959],
         [ 256.39421488,  278.18595041],
         [ 239.89173554,  283.26363636],
         [ 238.62231405,  265.80909091],
         [ 255.44214876,  260.41404959],
         [ 268.77107438,  256.9231405 ],
         [ 289.08181818,  259.77933884],
         [ 291.62066116,  245.18099174],
         [ 303.99752066,  249.30661157],
         [ 282.73471074,  209.31983471],
         [ 276.07024793,  274.37768595],
         [ 291.30330579,  272.47355372],
         [ 304.31487603,  278.18595041],
         [ 283.05206612,  302.93966942],
         [ 259.25041322,  315.95123967],
         [ 251.31652893,  303.89173554],
         [ 268.45371901,  297.86198347],
         [ 143.73305785,  304.52644628],
         [ 133.57768595,  324.20247934],
         [  31.3892562 ,  354.0338843 ],
         [  49.79586777,  371.17107438],
         [  56.77768595,  358.4768595 ],
         [  77.08842975,  362.28512397],
         [  89.14793388,  362.91983471],
         [ 112.6322314 ,  365.45867769],
         [ 124.69173554,  369.90165289],
         [ 160.23553719,  364.82396694],
         [ 144.3677686 ,  367.99752066],
         [ 209.74297521,  350.86033058],
         [ 221.80247934,  354.66859504],
         [ 237.67024793,  328.64545455],
         [ 269.40578512,  350.86033058],
         [ 282.1       ,  326.74132231],
         [ 301.14132231,  346.41735537],
         [ 305.58429752,  314.04710744],
         [ 322.7214876 ,  350.86033058],
         [ 332.24214876,  300.71818182],
         [ 315.10495868,  290.56280992],
         [ 341.76280992,  309.60413223],
         [ 386.19256198,  336.26198347],
         [ 416.65867769,  328.0107438 ],
         [ 507.42231405,  338.80082645],
         [ 481.39917355,  329.91487603],
         [ 485.84214876,  288.65867769],
         [ 443.31652893,  299.44876033],
         [ 377.94132231,  296.90991736],
         [ 353.82231405,  268.34793388],
         [ 335.41570248,  271.5214876 ],
         [ 320.18264463,  255.01900826],
         [ 306.21900826,  259.46198347],
         [ 370.32479339,  273.42561983],
         [ 379.2107438 ,  263.27024793],
         [ 393.80909091,  261.3661157 ],
         [ 412.85041322,  275.96446281],
         [ 446.49008264,  267.71322314],
         [ 516.94297521,  275.32975207],
         [ 522.6553719 ,  246.13305785],
         [ 466.80082645,  246.7677686 ],
         [ 503.61404959,  237.24710744],
         [ 440.14297521,  245.49834711],
         [ 423.00578512,  244.22892562],
         [ 405.86859504,  241.0553719 ],
         [ 380.48016529,  237.24710744],
         [ 355.72644628,  246.7677686 ],
         [ 345.57107438,  253.11487603],
         [ 337.31983471,  240.42066116],
         [ 318.2785124 ,  239.15123967],
         [ 370.95950413,  229.63057851],
         [ 378.57603306,  223.28347107],
         [ 393.17438017,  229.63057851],
         [ 402.69504132,  220.10991736],
         [ 383.65371901,  223.91818182],
         [ 411.58099174,  211.22396694],
         [ 419.8322314 ,  214.39752066],
         [ 415.3892562 ,  228.99586777],
         [ 433.16115702,  223.28347107],
         [ 443.95123967,  227.09173554],
         [ 454.74132231,  222.64876033],
         [ 465.53140496,  225.18760331],
         [ 475.05206612,  225.18760331],
         [ 438.87355372,  207.41570248],
         [ 456.0107438 ,  204.24214876],
         [ 464.89669421,  209.95454545],
         [ 473.14793388,  210.5892562 ],
         [ 482.66859504,  213.76280992],
         [ 495.36280992,  206.78099174],
         [ 498.53636364,  218.84049587],
         [ 521.38595041,  215.0322314 ],
         [ 480.12975207,  197.89504132],
         [ 491.55454545,  162.98595041],
         [ 501.07520661,  145.84876033],
         [ 524.55950413,  136.96280992],
         [ 495.36280992,  128.0768595 ],
         [ 518.21239669,  125.53801653],
         [ 508.69173554,  129.98099174],
         [ 487.74628099,  144.57933884],
         [ 476.3214876 ,  138.2322314 ],
         [ 464.26198347,  146.48347107],
         [ 447.75950413,  149.65702479],
         [ 435.7       ,  155.36942149],
         [ 421.10165289,  161.08181818],
         [ 407.13801653,  166.15950413],
         [ 412.85041322,  152.19586777],
         [  92.95619835,  322.93305785],
         [  70.10661157,  329.91487603],
         [  43.44876033,  335.62727273],
         [  29.48512397,  333.7231405 ],
         [  49.79586777,  320.39421488],
         [  36.46694215,  317.22066116],
         [  25.6768595 ,  314.04710744],
         [  51.7       ,  310.87355372],
         [  61.22066116,  316.58595041],
         [  72.0107438 ,  313.41239669],
         [  74.54958678,  306.43057851],
         [  83.43553719,  303.89173554],
         [  97.39917355,  302.62231405],
         [ 117.07520661,  320.39421488],
         [ 127.23057851,  314.68181818],
         [ 125.96115702,  296.27520661],
         [ 139.29008264,  293.73636364],
         [ 132.30826446,  283.58099174],
         [ 144.3677686 ,  277.2338843 ],
         [ 140.55950413,  284.21570248],
         [ 107.55454545,  287.3892562 ],
         [  81.53140496,  295.64049587],
         [  82.80082645,  288.65867769],
         [  63.12479339,  293.10165289],
         [  47.89173554,  268.34793388],
         [  22.50330579,  273.42561983],
         [  28.21570248,  265.17438017],
         [  38.37107438,  272.15619835],
         [  54.23884298,  263.27024793],
         [  70.74132231,  262.00082645],
         [ 135.48181818,  246.7677686 ],
         [ 139.92479339,  236.61239669],
         [ 143.73305785,  230.9       ],
         [   2.50991736,  266.44380165],
         [   8.85702479,  218.5231405 ],
         [  19.64710744,  217.25371901],
         [  26.94628099,  215.98429752],
         [  42.49669421,  218.20578512],
         [  16.47355372,  262.00082645],
         [   6.00082645,  248.67190083],
         [ 110.72809917,  247.40247934],
         [ 100.57272727,  236.92975207],
         [ 186.25867769,  211.85867769],
         [ 204.98264463,  216.93636364],
         [ 122.78760331,  215.34958678],
         [ 113.58429752,  218.5231405 ],
         [ 104.38099174,  218.84049587],
         [  86.92644628,  215.98429752],
         [  75.81900826,  215.98429752],
         [  65.34628099,  218.84049587],
         [  55.50826446,  216.93636364],
         [  46.93966942,  213.44545455],
         [   2.19256198,  217.57107438],
         [  70.10661157,  250.57603306],
         [  76.13636364,  248.67190083],
         [  87.24380165,  246.13305785],
         [  81.84876033,  241.0553719 ],
         [  73.91487603,  241.0553719 ],
         [  40.59256198,  255.01900826],
         [  14.25206612,  250.89338843],
         [  35.8322314 ,  232.80413223],
         [  32.34132231,  217.25371901],
         [ 197.68347107,  219.79256198],
         [ 204.34793388,  271.5214876 ],
         [ 153.88842975,  283.58099174],
         [  17.74297521,  242.95950413],
         [  15.20413223,  215.66694215],
         [  25.6768595 ,  253.11487603],
         [ 121.51818182,  238.8338843 ],
         [ 126.91322314,  244.86363636],
         [  92.7446281 ,  210.5892562 ],
         [ 114.32479339,  300.08347107],
         [ 106.07355372,  305.16115702],
         [  41.9677686 ,  227.72644628],
         [ 149.2338843 ,  244.86363636],
         [ 237.45867769,  218.20578512],
         [ 206.35785124,  208.68512397],
         [ 214.60909091,  210.5892562 ],
         [ 132.73140496,  218.84049587],
         [ 123.84545455,  222.64876033],
         [ 102.9       ,  341.33966942],
         [ 118.7677686 ,  343.8785124 ],
         [  10.2322314 ,  341.97438017],
         [   7.69338843,  319.75950413],
         [  16.57933884,  326.10661157],
         [  10.86694215,  307.7       ],
         [ 188.58595041,  321.02892562],
         [ 577.97052947,  342.55794206],
         [ 554.44205794,  302.66183816],
         [ 602.52197802,  268.9035964 ],
         [ 552.3961039 ,  259.6968032 ],
         [ 580.01648352,  234.12237762],
         [ 635.25724276,  321.07542458],
         [ 718.11838162,  328.23626374],
         [ 701.75074925,  306.75374625],
         [ 804.04845155,  302.66183816],
         [ 872.58791209,  298.56993007],
         [ 972.83966034,  326.19030969],
         [ 680.26823177,  257.65084915],
         [ 651.62487512,  263.78871129],
         [ 630.14235764,  222.86963037],
         [ 586.15434565,  208.54795205],
         [ 565.69480519,  216.73176823],
         [ 550.35014985,  211.61688312],
         [ 538.07442557,  202.41008991],
         [ 564.67182817,  130.8016983 ],
         [ 538.07442557,  126.70979021],
         [ 577.97052947,  113.41108891],
         [ 561.6028971 ,  195.24925075],
         [ 602.52197802,  116.48001998],
         [ 592.29220779,  104.2042957 ],
         [ 614.7977023 ,  104.2042957 ],
         [ 629.11938062,  100.11238761],
         [ 628.0964036 ,  116.48001998],
         [ 641.3951049 ,  123.64085914],
         [ 626.05044955,  198.31818182],
         [ 597.40709291,  189.11138861],
         [ 658.78571429,  223.89260739],
         [ 759.03746254,  241.28321678],
         [ 798.93356643,  226.96153846],
         [ 848.03646354,  258.67382617],
         [ 946.24225774,  238.21428571],
         [1011.71278721,  211.61688312],
         [ 933.96653347,  197.2952048 ],
         [ 858.26623377,  194.22627373],
         [ 788.7037962 ,  200.36413586],
         [ 735.50899101,  241.28321678],
         [ 761.08341658,  210.59390609],
         [ 766.1983017 ,  185.01948052],
         [ 816.32417582,  177.85864136],
         [ 853.15134865,  165.58291708],
         [ 906.34615385,  174.78971029],
         [ 939.08141858,  160.46803197],
         [ 993.2992008 ,  145.12337662],
         [ 737.55494505,  187.06543457],
         [ 767.47702298,  296.33216783],
         [ 636.53596404,  168.97152847],
         [ 652.39210789,  158.74175824],
         [ 671.82867133,  196.08041958],
         [ 642.67382617,  198.63786214],
         [ 807.37312687,  126.00649351],
         [ 871.30919081,  142.88561439],
         [ 720.42007992,  175.62087912],
         [ 930.13036963,   36.496004  ],
         [ 980.76773227,   67.18531469],
         [ 957.23926074,   83.04145854],
         [ 994.57792208,   39.05344655],
         [ 890.74575425,   82.52997003],
         [ 657.25124875,  101.71078921],
         [ 674.38611389,  115.00949051],
         [ 733.71878122,  131.37712288],
         [ 759.29320679,  117.31118881],
         [ 780.26423576,  142.62987013],
         [ 706.35414585,   85.34315684],
         [ 724.25624376,  109.63886114],
         [ 702.26223776,  109.89460539],
         [ 742.41408591,  167.30919081],
         [ 770.16233766,  162.96153846],
         [ 917.98251748,  106.05844156],
         [ 936.3961039 ,  134.44605395],
         [1017.72277722,  116.03246753],
         [ 911.84465534,  140.83966034],
         [ 890.36213786,  146.21028971],
         [ 848.16433566,  132.4000999 ],
         [ 852.25624376,  118.58991009],
         [ 534.49400599,  227.28121878],
         [ 544.97952048,  234.95354645],
         [ 547.28121878,  262.06243756],
         [ 559.81268731,  114.498002  ],
         [ 660.83166833,  167.69280719],
         [ 669.52697303,  180.35214785],
         [ 694.46203796,  173.06343656],
         [ 699.7047952 ,  193.65084915],
         [ 291.79270729,  199.40509491],
         [ 147.04145854,  213.72677323],
         [ 214.3021978 ,  212.83166833],
         [  87.83666334,  255.02947053],
         [ 795.86463536,   93.97452547],
         [ 903.27722278,   68.4000999 ],
         [ 822.46203796,  140.00849151],
         [ 833.71478521,  144.1003996 ],
         [ 851.10539461,  146.14635365],
         [ 139.11338661,  345.62687313],
         [ 675.15334665,   97.04345654],
         [ 685.38311688,   97.04345654]]), array([[357]], dtype=uint16))]]
