[[(array([[ 41.73876124, 403.53696304],
         [ 60.91958042, 340.24025974],
         [ 61.55894106, 231.54895105],
         [ 41.73876124, 192.54795205],
         [ 91.60889111, 163.77672328],
         [106.95354645, 198.3021978 ],
         [ 57.72277722, 125.41508492],
         [ 16.16433566,  78.1023976 ],
         [ 68.59190809,  35.9045954 ],
         [150.43006993,  48.05244755],
         [163.85664336,  80.02047952],
         [ 71.78871129,   3.93656344],
         [  5.2952048 , 129.89060939],
         [129.33116883, 221.31918082],
         [153.62687313, 159.3011988 ],
         [137.0034965 , 137.56293706],
         [190.70979021, 101.11938062],
         [206.05444555,  44.85564436],
         [255.28521479,  53.16733267],
         [286.61388611,  48.69180819],
         [307.71278721,   8.41208791],
         [340.95954046,  69.15134865],
         [346.07442557,   9.05144855],
         [402.33816184,   9.05144855],
         [429.83066933,  33.34715285],
         [386.99350649,  98.56193806],
         [145.31518482, 301.87862138],
         [139.56093906, 415.04545455],
         [178.56193806, 384.35614386],
         [169.61088911, 357.502997  ],
         [209.89060939, 316.58391608],
         [179.84065934, 262.23826174],
         [175.36513487, 204.6958042 ],
         [220.75974026, 209.81068931],
         [248.25224775, 269.91058941],
         [245.05544456, 333.84665335],
         [184.95554446, 459.16133866],
         [266.79370629, 459.8006993 ],
         [282.13836164, 458.52197802],
         [338.4020979 , 434.86563437],
         [326.25424575, 361.97852148],
         [278.3021978 , 248.81168831],
         [271.90859141, 202.13836164],
         [265.51498501, 154.82567433],
         [298.76173826, 108.79170829],
         [308.35214785, 156.1043956 ],
         [351.18931069, 149.07142857],
         [357.58291708, 195.10539461],
         [316.66383616, 239.22127872],
         [348.63186813, 252.00849151],
         [381.87862138, 371.56893107],
         [397.22327672, 390.74975025],
         [473.94655345, 404.81568432],
         [448.37212787, 377.32317682],
         [481.61888112, 270.54995005],
         [443.8966034 , 226.43406593],
         [422.15834166, 170.17032967],
         [445.81468531, 134.36613387],
         [470.74975025,  86.41408591],
         [480.34015984,  60.83966034],
         [512.94755245,  35.9045954 ],
         [597.34315684,  11.60889111],
         [591.58891109,  47.41308691],
         [601.17932068,  72.98751249],
         [578.8016983 , 124.13636364],
         [583.91658342, 139.48101898],
         [514.86563437, 147.79270729],
         [487.37312687, 208.53196803],
         [504.63586414, 240.5       ],
         [523.81668332, 295.48501499],
         [548.11238761, 329.37112887],
         [569.21128871, 266.71378621],
         [621.63886114, 236.66383616],
         [609.49100899, 193.82667333],
         [619.72077922, 128.61188811],
         [628.67182817, 298.68181818],
         [594.78571429, 372.84765235],
         [551.94855145, 424.63586414],
         [457.96253746, 460.44005994],
         [515.504995  , 464.27622378],
         [633.78671329, 425.27522478]]), array([[81]], dtype=uint8))]]
