[[(array([[ 995.94177029,  596.78419635],
         [ 962.27607412,  554.39035672],
         [ 924.86974504,  541.92158037],
         [ 947.31354249,  510.74963947],
         [ 876.24151724,  571.84664363],
         [ 891.20404887,  536.93406982],
         [ 884.96966069,  521.97153819],
         [ 746.5662431 ,  510.74963947],
         [ 670.5067073 ,  580.57478708],
         [ 609.40970314,  551.89660145],
         [ 512.15324753,  531.94655928],
         [ 547.06582134,  545.66221327],
         [ 500.93134881,  579.32790944],
         [ 449.80936573,  634.19052543],
         [ 462.27814209,  715.23757177],
         [ 459.78438682,  671.59685451],
         [ 185.4713069 ,  669.10309924],
         [ 224.12451362,  578.08103181],
         [ 113.15240402,  596.78419635],
         [  52.05539985,  609.25297271],
         [  19.63658132,  677.83124269],
         [  37.09286822,  737.68136921],
         [ 105.6711382 ,  549.40284618],
         [  44.57413404,  551.89660145],
         [  67.01793148,  524.46529346],
         [  24.62409186,  509.50276183],
         [  45.82101167,  510.74963947],
         [  62.03042094,  487.05896438],
         [  95.69611711,  513.24339474],
         [ 170.50877527,  502.02149601],
         [ 200.43383854,  523.21841583],
         [ 192.95257272,  498.28086311],
         [ 220.38388071,  499.52774074],
         [ 215.39637017,  521.97153819],
         [ 150.5587331 ,  526.95904873],
         [ 169.26189764,  548.15596855],
         [ 305.17155996,  594.29044108],
         [ 338.83725613,  578.08103181],
         [ 383.72485102,  549.40284618],
         [ 421.1311801 ,  548.15596855],
         [ 458.53750918,  548.15596855],
         [ 459.78438682,  594.29044108],
         [ 384.97172866,  588.0560529 ],
         [ 386.2186063 ,  521.97153819],
         [ 356.29354303,  521.97153819],
         [ 286.46839542,  539.42782509],
         [ 257.79020979,  543.168458  ],
         [ 266.51835324,  579.32790944],
         [ 272.75274142,  497.03398547],
         [ 242.82767816,  487.05896438],
         [ 270.25898615,  473.34331039],
         [ 361.90449239,  501.7097766 ],
         [ 371.25607466,  488.61756143],
         [ 373.74982994,  476.77222389],
         [ 360.65761476,  474.27846861],
         [ 328.86223504,  478.64254034],
         [ 312.65282577,  474.27846861],
         [ 426.74212947,  521.65981878],
         [ 426.74212947,  501.7097766 ],
         [ 408.03896493,  504.20353188],
         [ 407.41552611,  491.1113167 ],
         [ 388.71236157,  494.22851079],
         [ 394.94674975,  479.88941798],
         [ 415.52023074,  462.43313107],
         [ 468.51253027,  461.18625344],
         [ 460.40782564,  476.77222389],
         [ 452.92655982,  489.86443906],
         [ 540.20799434,  512.30823651],
         [ 536.46736143,  494.22851079],
         [ 517.76419689,  488.61756143],
         [ 503.42510408,  504.82697069],
         [ 481.60474545,  512.93167533],
         [ 480.35786781,  533.50515632],
         [ 346.31852194,  488.61756143],
         [ 333.84974559,  504.82697069],
         [ 244.69799461,  504.20353188],
         [ 254.6730157 ,  463.68000871],
         [ 239.71048407,  471.16127452],
         [ 197.94008326,  476.77222389],
         [ 160.53375418,  479.88941798],
         [ 179.86035754,  472.40815216],
         [ 184.22442927,  464.92688634],
         [ 285.22151778,  425.02680199],
         [ 304.54812114,  433.75494544],
         [ 481.60474545,  496.09882724],
         [ 236.28157057,  461.34211314],
         [ 781.4788169 ,  524.46529346],
         [1013.3980572 ,  530.69968164],
         [ 984.48651737,  502.33321542],
         [ 965.15991402,  493.60507197],
         [ 963.91303638,  482.38317325],
         [ 977.62869038,  469.29095807],
         [ 994.46153846,  464.92688634],
         [1007.55375364,  464.92688634],
         [1020.64596882,  469.29095807],
         [1021.89284645,  481.13629561],
         [1015.65845827,  501.08633779],
         [1000.69592664,  486.74724497],
         [ 919.02544148,  487.99412261],
         [ 940.2223613 ,  466.7972028 ],
         [ 922.14263557,  467.42064162],
         [ 887.85350059,  493.60507197],
         [ 868.52689723,  488.61756143],
         [ 893.46444995,  487.99412261],
         [ 891.59413349,  479.26597916],
         [ 884.7363065 ,  476.77222389],
         [ 885.35974531,  473.6550298 ],
         [ 852.31748796,  471.16127452],
         [ 867.28001959,  464.30344753],
         [ 847.32997742,  535.99891159],
         [ 781.24546271,  497.9691437 ],
         [ 755.06103235,  478.01910152],
         [ 740.09850072,  451.21123235],
         [ 647.82955566,  448.09403826],
         [ 778.12826862,  471.16127452],
         [ 775.01107453,  459.9393758 ],
         [ 887.23006177,  505.45040951],
         [ 617.90449239,  495.47538842],
         [ 596.08413377,  501.08633779],
         [ 591.72006204,  466.7972028 ],
         [ 640.34828984,  502.95665424],
         [ 634.73734048,  487.99412261],
         [ 702.06873282,  483.63005088],
         [ 704.5624881 ,  473.6550298 ],
         [ 695.21090583,  474.90190743],
         [ 687.72964001,  475.52534625],
         [ 807.42989306,  467.42064162],
         [ 790.59704498,  458.69249816],
         [ 102.9039754 ,  492.82577345],
         [  73.60235096,  467.57650132],
         [  64.5624881 ,  462.27727137],
         [  63.00389105,  451.36709205],
         [  44.30072651,  447.93817855],
         [   6.89439743,  442.32722919],
         [  41.80697124,  473.18745068],
         [  54.89918642,  474.12260891],
         [  96.66958722,  440.76863215],
         [ 344.7599249 ,  469.13509836],
         [ 323.25128568,  465.70618487],
         [ 334.78490381,  466.9530625 ],
         [ 331.0442709 ,  461.34211314],
         [ 385.28344807,  459.16007728],
         [ 646.97226509,  686.93927085],
         [ 918.96672977,  587.20796713],
         [ 146.80466615,  572.09716354],
         [ 706.65993928,  521.09820141],
         [ 695.32683659,  541.49778626],
         [ 666.61630976,  536.209005  ],
         [ 630.35038114,  541.49778626],
         [ 623.55051952,  520.34266123],
         [ 607.68417575,  509.76509871],
         [ 589.55121143,  485.58781297],
         [ 652.26104635,  476.52133081],
         [ 622.03943916,  474.25471027],
         [ 603.90647485,  474.25471027],
         [ 713.4598009 ,  490.87659422],
         [ 755.01451078,  462.92160758],
         [ 796.56922066,  489.36551386],
         [ 434.62716272,  477.27687099],
         [ 531.58981097,  -42.38985917],
         [ 213.95544533,  474.5523737 ]]), array([[161]], dtype=uint8))]]
