[[(array([[ 62.32098765, 354.0617284 ],
         [136.72839506, 377.85185185],
         [177.22222222, 296.86419753],
         [285.54320988, 383.92592593],
         [339.19753086, 358.61728395],
         [419.67901235, 359.12345679],
         [495.09876543, 390.        ],
         [518.38271605, 280.66666667],
         [499.65432099, 279.14814815],
         [410.0617284 , 272.0617284 ],
         [314.39506173, 324.19753086],
         [304.27160494, 289.77777778],
         [234.92592593, 283.7037037 ],
         [135.71604938, 268.51851852],
         [ 68.39506173, 277.12345679],
         [  9.17283951, 263.45679012],
         [ 74.97530864, 232.58024691],
         [143.81481481, 226.50617284],
         [209.11111111, 243.20987654],
         [277.44444444, 246.24691358],
         [322.49382716, 197.14814815],
         [430.81481481, 214.86419753],
         [488.51851852, 241.18518519],
         [523.44444444, 224.48148148],
         [453.08641975, 203.22222222],
         [525.4691358 , 154.12345679],
         [511.2962963 , 146.02469136],
         [494.08641975, 138.9382716 ],
         [389.81481481, 182.4691358 ],
         [355.39506173, 216.88888889],
         [401.45679012, 150.58024691],
         [424.74074074, 151.08641975],
         [437.90123457, 151.08641975],
         [337.67901235, 150.58024691],
         [285.54320988, 167.79012346],
         [294.14814815, 173.35802469],
         [246.56790123, 137.92592593],
         [246.0617284 , 165.25925926],
         [232.90123457, 194.61728395],
         [226.32098765, 164.75308642],
         [165.58024691, 175.88888889],
         [110.91358025, 217.39506173],
         [ 77.50617284, 193.60493827],
         [ 40.55555556, 168.2962963 ],
         [  0.56790123, 156.65432099],
         [ 17.77777778, 118.69135802],
         [ 41.56790123, 113.12345679],
         [ 65.35802469, 150.58024691],
         [ 26.88888889, 103.        ],
         [124.07407407, 101.48148148],
         [130.14814815, 123.24691358],
         [116.48148148, 132.86419753],
         [ 87.62962963,  85.28395062],
         [ 91.67901235,  76.17283951],
         [112.9382716 ,  72.62962963],
         [131.66666667,  70.60493827],
         [121.03703704,  82.75308642],
         [144.82716049,  75.66666667],
         [156.97530864,  86.80246914],
         [181.27160494,  97.43209877],
         [156.4691358 , 120.20987654],
         [168.61728395, 127.80246914],
         [195.44444444, 126.79012346],
         [207.59259259, 131.85185185],
         [221.7654321 , 107.55555556],
         [195.44444444,  83.7654321 ],
         [181.77777778,  81.2345679 ],
         [216.19753086,  82.24691358],
         [262.25925926,  97.9382716 ],
         [317.43209877,  86.80246914],
         [316.92592593, 111.60493827],
         [339.19753086, 111.60493827],
         [353.87654321,  81.2345679 ],
         [381.71604938,  77.69135802],
         [379.18518519,  85.28395062],
         [390.82716049,  86.80246914],
         [379.69135802,  98.44444444],
         [420.69135802,  93.38271605],
         [413.60493827,  88.82716049],
         [454.09876543,  83.7654321 ],
         [477.88888889,  88.32098765],
         [479.40740741,  80.22222222],
         [495.60493827,  75.66666667],
         [510.79012346,  73.64197531],
         [521.92592593, 103.50617284],
         [512.81481481,  92.37037037],
         [525.97530864,  89.33333333],
         [487.        , 106.54320988],
         [524.45679012, 125.77777778],
         [479.40740741, 117.67901235],
         [456.12345679, 108.0617284 ],
         [443.97530864, 115.14814815],
         [410.56790123, 129.82716049],
         [202.5308642 , 116.16049383],
         [544.0959041 , 332.04845155],
         [ 53.08791209,  84.01348651],
         [ 21.02897103,  43.51798202],
         [ 33.4025974 ,  50.26723277],
         [ 58.71228771,  49.7047952 ],
         [310.12187812,  62.07842158],
         [292.12387612,  36.76873127],
         [274.68831169,  71.07742258],
         [246.003996  ,  63.2032967 ],
         [259.5024975 ,  58.7037962 ],
         [273.56343656,  59.82867133],
         [269.62637363,  51.95454545],
         [266.81418581,  48.01748252],
         [255.002997  ,  43.51798202],
         [260.62737263,  35.64385614],
         [272.43856144,  45.20529471],
         [341.61838162,  36.76873127],
         [373.67732268,  52.51698302],
         [388.3006993 ,  41.83066933],
         [383.8011988 ,  37.33116883],
         [397.2997003 ,  40.14335664],
         [408.54845155,  32.26923077],
         [415.2977023 ,  40.14335664],
         [484.47752248,  41.26823177],
         [432.17082917,  69.39010989],
         [551.40759241,  75.57692308],
         [531.72227772,  77.82667333],
         [521.5984016 ,  60.39110889],
         [504.72527473,  58.7037962 ],
         [508.0999001 ,  49.7047952 ],
         [517.0989011 ,  42.95554446],
         [494.6013986 ,  49.7047952 ],
         [559.84415584,  50.26723277],
         [537.34665335,  38.45604396],
         [556.46953047, 139.69480519],
         [542.40859141, 124.50899101],
         [122.26773227,  57.01648352],
         [ 89.64635365,  62.64085914],
         [100.8951049 ,  50.82967033],
         [101.45754246,  45.76773227],
         [ 73.33566434,  41.83066933],
         [ 47.46353646,  46.33016983],
         [ 96.3956044 ,  33.95654346],
         [102.58241758,  32.83166833],
         [101.45754246,  40.14335664],
         [126.76723277,  40.70579421],
         [134.64135864,  41.83066933],
         [121.14285714,  36.20629371],
         [159.95104895,  36.20629371],
         [149.26473526,  38.45604396],
         [183.01098901,  39.58091908],
         [176.26173826,  46.33016983],
         [201.00899101,  50.82967033],
         [217.88211788,  40.14335664],
         [ 37.62087912,  23.97752248],
         [232.78671329,  15.54095904],
         [246.003996  ,  27.07092907],
         [238.97352647,  28.47702298],
         [258.94005994,  17.22827173],
         [288.18681319,  22.85264735],
         [280.59390609,  19.47802198],
         [271.31368631,  27.91458541],
         [292.96753247,  18.63436563],
         [ 87.3966034 ,  29.88311688],
         [ 72.21078921,  34.38261738],
         [120.58041958,  23.97752248],
         [123.67382617,  28.47702298],
         [115.23726274,  29.6018981 ],
         [139.14085914,  35.22627373],
         [ 81.49100899,  21.16533467],
         [ 50.27572428,  21.16533467],
         [151.23326673,  19.47802198],
         [164.73176823,  19.75924076],
         [157.42007992,  30.44555445],
         [171.48101898,  31.85164835],
         [164.45054945,  31.28921079],
         [208.03946054,  34.1013986 ],
         [201.00899101,  30.16433566],
         [186.94805195,  21.72777223],
         [192.57242757,  18.35314685],
         [182.16733267,  27.91458541],
         [269.62637363,  18.07192807],
         [215.35114885,  26.22727273],
         [207.75824176,  18.07192807],
         [234.47402597,  51.53696304],
         [228.56843157,  64.47302697],
         [434.80969031, 168.22079075],
         [468.87562438,  47.69306271],
         [456.24025974,  42.73801775],
         [330.13436563,  44.47228349],
         [326.41808192,  40.50824753],
         [307.34115884,  35.80095482],
         [329.39110889,  18.45829748],
         [317.0034965 ,  23.66109468],
         [456.98351648,  17.71504073],
         [465.15934066,  32.5801756 ],
         [482.74975025,  31.34141436],
         [455.0014985 ,  59.33741835],
         [347.72477522,  62.55819758],
         [337.81468531,  45.71104473],
         [347.72477522,  22.91783793],
         [378.69380619,  24.65210367],
         [406.93756244,  16.47627949],
         [420.31618382,  14.74201376],
         [425.51898102,  20.93581995],
         [429.73076923,  17.46728848],
         [284.3001998 , 100.71204373],
         [399.75274725,  30.59815762],
         [470.11438561,  14.49426151],
         [346.11438561, 343.13387767],
         [430.35014985, 351.0619496 ],
         [ 26.51398601,  46.82218936],
         [214.50749251,   5.83466533],
         [174.57442557,   8.64685315],
         [135.2037962 ,   9.20929071],
         [129.01698302,  10.8966034 ],
         [119.45554446,  14.27122877],
         [ 31.71528472,  17.08341658],
         [  9.78021978,  14.27122877],
         [ 69.96103896,  13.70879121],
         [ 59.83716284,  23.83266733],
         [ 90.20879121,   9.77172827],
         [ 94.70829171,  18.20829171],
         [104.83216783,  17.08341658],
         [113.26873127,   9.20929071],
         [120.01798202,   9.20929071],
         [312.93406593,  12.58391608],
         [276.37562438,   5.27222777],
         [262.31468531,   3.58491508],
         [242.06693307,   4.70979021],
         [177.38661339,  13.14635365],
         [434.98301698,   8.64685315],
         [420.92207792,   9.77172827],
         [414.17282717,  11.45904096],
         [483.91508492,  10.8966034 ],
         [490.66433566,  19.33316683],
         [497.97602398,  13.70879121],
         [512.03696304,  19.8956044 ],
         [534.53446553,  10.8966034 ],
         [519.91108891,   7.52197802],
         [526.66033966,  27.76973027],
         [547.47052947,  29.45704296],
         [544.65834166,  11.45904096],
         [549.72027972,  15.95854146],
         [560.40659341,  12.58391608],
         [355.67932068,   4.70979021],
         [331.49450549,   4.70979021],
         [325.87012987,   6.95954046],
         [314.05894106,   5.27222777],
         [304.4975025 ,  10.33416583],
         [293.24875125,   8.64685315]]), array([[245]], dtype=uint8))]]
