[[(array([[ 128.81028305,  726.10099234],
         [ 124.71837496,  693.36572761],
         [ 103.23585748,  642.21687646],
         [ 100.16692641,  603.34374958],
         [  41.8572361 ,  592.09100233],
         [  33.67341991,  566.51657676],
         [  53.10998335,  550.14894439],
         [  27.53555778,  526.62047286],
         [  38.78830503,  455.01208125],
         [  36.74235098,  406.93216117],
         [  43.90319014,  387.49559774],
         [   9.12197136,  480.58650683],
         [  21.39769564,  359.87521812],
         [  25.48960373,  341.4616317 ],
         [  60.27082251,  300.54255078],
         [  74.59250083,  328.1629304 ],
         [  50.04105228,  267.80728605],
         [  37.76532801,  254.50858475],
         [  19.35174159,  241.20988345],
         [  32.65044289,  173.69339993],
         [  56.17891442,  204.38271062],
         [  75.61547786,  218.70438894],
         [  78.68440892,  245.30179154],
         [  59.24784549,  123.56752581],
         [  40.83425907,  114.3607326 ],
         [  71.52356976,  113.33775558],
         [  80.73036297,  100.03905428],
         [  22.42067266,   50.93615718],
         [  42.88021312,   18.20089244],
         [  74.59250083,   32.52257076],
         [ 114.48860473,   85.71737596],
         [ 123.69539794,   22.29280053],
         [ 151.31577756,   78.5565368 ],
         [ 144.15493839,  134.82027306],
         [ 148.24684649,  163.4636297 ],
         [ 128.81028305,  181.87721612],
         [ 134.94814519,  198.24484848],
         [ 106.30478854,  180.85423909],
         [ 104.2588345 ,  157.32576757],
         [ 154.38470862,  213.58950383],
         [ 131.87921412,  224.84225108],
         [ 152.33875458,  247.34774559],
         [ 174.84424908,  256.55453879],
         [ 140.0630303 ,  289.28980353],
         [ 104.2588345 ,  332.25483849],
         [  95.05204129,  361.92117216],
         [ 119.60348984,  366.01308025],
         [ 131.87921412,  390.5645288 ],
         [ 128.81028305,  405.90918415],
         [ 141.08600733,  433.52956377],
         [ 180.98211122,  456.03505828],
         [ 124.71837496,  524.57451881],
         [ 134.94814519,  569.58550783],
         [ 149.26982351,  579.81527806],
         [ 161.54554779,  582.88420912],
         [ 171.77531802,  593.11397935],
         [ 203.48760573,  615.61947386],
         [ 220.87821512,  647.33176157],
         [ 238.26882451,  667.79130203],
         [ 252.59050283,  704.61847486],
         [ 263.84325008,  734.28480852],
         [ 287.37172161,  717.91717616],
         [ 320.10698635,  676.99809524],
         [ 320.10698635,  615.61947386],
         [ 288.39469863,  607.43565768],
         [ 279.18790543,  578.79230103],
         [ 260.77431901,  590.04504829],
         [ 281.23385947,  549.12596737],
         [ 253.61347985,  520.48261072],
         [ 295.5555378 ,  501.04604729],
         [ 256.68241092,  468.31078255],
         [ 266.91218115,  447.85124209],
         [ 225.99310023,  412.04704629],
         [ 221.90119214,  383.40368964],
         [ 197.34974359,  375.21987346],
         [ 196.32676657,  355.78331002],
         [ 187.11997336,  345.55353979],
         [ 171.77531802,  321.00209124],
         [ 152.33875458,  310.77232101],
         [ 193.2578355 ,  288.26682651],
         [ 209.62546787,  234.04904429],
         [ 195.30378954,  212.56652681],
         [ 208.60249084,  202.33675658],
         [ 184.05104229,  194.15294039],
         [ 191.21188145,  180.85423909],
         [ 176.89020313,  128.68241092],
         [ 201.44165168,  148.11897436],
         [ 190.18890443,   81.62546787],
         [ 223.94714619,  103.10798535],
         [ 227.01607726,   12.0630303 ],
         [ 193.2578355 ,   10.01707626],
         [ 259.75134199,    6.94814519],
         [ 303.73935398,    5.92516817],
         [ 325.22187146,    6.94814519],
         [ 266.91218115,   99.01607726],
         [ 266.91218115,  163.4636297 ],
         [ 242.3607326 ,  161.41767566],
         [ 244.40668665,  185.96912421],
         [ 272.02706627,  220.75034299],
         [ 228.03905428,  243.2558375 ],
         [ 233.15393939,  255.53156177],
         [ 242.3607326 ,  280.08301032],
         [ 255.6594339 ,  254.50858475],
         [ 258.72836497,  296.45064269],
         [ 279.18790543,  293.38171162],
         [ 293.50958375,  309.74934399],
         [ 266.91218115,  346.57651682],
         [ 282.2568365 ,  378.28880453],
         [ 295.5555378 ,  411.02406926],
         [ 254.63645688,  421.25383949],
         [ 323.17591742,  436.59849484],
         [ 330.33675658,  481.60948385],
         [ 358.98011322,  480.58650683],
         [ 377.39369963,  501.04604729],
         [ 380.4626307 ,  527.64344988],
         [ 409.10598735,  515.36772561],
         [ 369.20988345,  602.32077256],
         [ 397.85324009,  601.29779554],
         [ 352.84225108,  697.4576357 ],
         [ 381.48560773,  654.49260073],
         [ 390.69240093,  725.07801532],
         [ 427.51957376,  757.81328005],
         [ 468.43865468,  707.68740593],
         [ 487.87521812,  738.37671662],
         [ 521.63345987,  747.58350982],
         [ 540.04704629,  699.50358974],
         [ 510.38071262,  679.04404928],
         [ 486.85224109,  657.5615318 ],
         [ 432.63445887,  667.79130203],
         [ 410.12896437,  642.21687646],
         [ 416.26682651,  553.21787546],
         [ 431.61148185,  526.62047286],
         [ 426.49659674,  455.01208125],
         [ 410.12896437,  429.43765568],
         [ 386.60049284,  420.23086247],
         [ 371.2558375 ,  390.5645288 ],
         [ 329.31377955,  372.15094239],
         [ 362.04904429,  310.77232101],
         [ 341.58950383,  299.51957376],
         [ 327.26782551,  292.3587346 ],
         [ 325.22187146,  281.10598735],
         [ 305.78530803,  252.4626307 ],
         [ 305.78530803,  236.09499833],
         [ 290.44065268,  224.84225108],
         [ 317.03805528,  208.47461871],
         [ 330.33675658,  234.04904429],
         [ 357.9571362 ,  255.53156177],
         [ 386.60049284,  323.04804529],
         [ 390.69240093,  344.53056277],
         [ 413.19789544,  309.74934399],
         [ 391.71537796,  290.31278055],
         [ 378.41667666,  278.03705628],
         [ 368.18690643,  268.83026307],
         [ 341.58950383,  196.19889444],
         [ 356.93415917,  185.96912421],
         [ 317.03805528,  157.32576757],
         [ 288.39469863,  131.75134199],
         [ 325.22187146,   64.23485847],
         [ 351.81927406,  138.91218115],
         [ 374.32476856,  175.73935398],
         [ 414.22087246,  179.83126207],
         [ 431.61148185,  128.68241092],
         [ 387.62346986,   64.23485847],
         [ 366.14095238,   45.82127206],
         [ 402.96812521,   40.70638695],
         [ 454.11697636,   84.69439893],
         [ 464.34674659,   35.59150183],
         [ 508.33475857,   16.15493839],
         [ 492.99010323,   51.9591342 ],
         [ 483.78331002,  100.03905428],
         [ 512.42666667,   97.99310023],
         [ 521.63345987,  146.07302031],
         [ 547.20788545,  156.30279054],
         [ 585.0580353 ,  128.68241092],
         [ 573.80528805,   89.80928405],
         [ 544.13895438,   89.80928405],
         [ 560.50658675,   49.91318015],
         [ 607.5635298 ,   81.62546787],
         [ 617.79330003,  122.54454878],
         [ 649.50558775,  130.72836497],
         [ 590.17292041,  191.08400932],
         [ 632.11497835,  188.01507826],
         [ 648.48261072,  169.60149184],
         [ 662.80428904,  224.84225108],
         [ 583.01208125,  241.20988345],
         [ 541.07002331,  261.66942391],
         [ 518.5645288 ,  273.94514819],
         [ 513.44964369,  298.49659674],
         [ 502.19689644,  313.84125208],
         [ 498.10498834,  334.30079254],
         [ 478.66842491,  305.6574359 ],
         [ 458.20888445,  314.8642291 ],
         [ 441.84125208,  300.54255078],
         [ 432.63445887,  339.41567766],
         [ 442.8642291 ,  363.96712621],
         [ 460.25483849,  380.33475857],
         [ 458.20888445,  408.97811522],
         [ 472.53056277,  431.48360972],
         [ 506.28880453,  438.64444888],
         [ 534.93216117,  382.38071262],
         [ 535.9551382 ,  362.94414918],
         [ 522.6564369 ,  343.50758575],
         [ 547.20788545,  310.77232101],
         [ 429.56552781,  267.80728605],
         [ 443.88720613,  228.93415917],
         [ 433.6574359 ,  248.37072261],
         [ 464.34674659,  236.09499833],
         [ 483.78331002,  220.75034299],
         [ 647.4596337 ,  286.22087246],
         [ 621.88520813,  295.42766567],
         [ 627.00009324,  321.00209124],
         [ 603.47162171,  310.77232101],
         [ 580.96612721,  349.64544789],
         [ 605.51757576,  354.760333  ],
         [ 640.29879454,  399.77132201],
         [ 624.95413919,  380.33475857],
         [ 650.52856477,  350.66842491],
         [ 664.85024309,  360.89819514],
         [ 676.10299034,  376.24285048],
         [ 660.758335  ,  424.32277056],
         [ 525.72536797,  578.79230103],
         [ 532.88620713,  602.32077256],
         [ 556.41467865,  610.50458874],
         [ 584.03505828,  715.87122211],
         [ 570.73635698,  744.51457875],
         [ 614.72436896,  683.13595738],
         [ 619.83925408,  735.30778555],
         [ 625.97711622,  758.83625708],
         [ 657.68940393,  727.12396936],
         [ 696.5625308 ,  719.9631302 ],
         [ 693.49359973,  631.98710623],
         [ 663.82726607,  614.59649684],
         [ 663.82726607,  593.11397935],
         [ 695.53955378,  584.93016317],
         [ 666.89619714,  558.33276057],
         [ 634.1609324 ,  579.81527806],
         [ 606.54055278,  574.70039294],
         [ 590.17292041,  544.01108225],
         [ 584.03505828,  531.73535798],
         [ 580.96612721,  512.29879454],
         [ 565.62147186,  493.88520813],
         [ 533.90918415,  499.00009324],
         [ 500.15094239,  503.09200133],
         [ 515.49559774,  474.44864469],
         [ 496.0590343 ,  468.31078255],
         [ 468.43865468,  489.79330003],
         [ 464.34674659,  473.42566767],
         [ 552.32277056,  415.11597736],
         [ 566.64444888,  446.82826507],
         [ 603.47162171,  464.21887446],
         [ 613.70139194,  437.62147186],
         [ 622.90818515,  511.27581752],
         [ 645.41367965,  523.55154179],
         [ 689.40169164,  511.27581752],
         [ 685.30978355,  482.63246087],
         [ 710.88420912,  531.73535798],
         [ 728.27481851,  557.30978355],
         [ 754.87222111,  554.24085248],
         [ 757.94115218,  572.65443889],
         [ 730.32077256,  610.50458874],
         [ 759.98710623,  605.38970363],
         [ 788.63046287,  613.57351981],
         [ 778.40069264,  642.21687646],
         [ 757.94115218,  622.78031302],
         [ 790.67641692,  687.22786547],
         [ 791.69939394,  661.65343989],
         [ 817.27381951,  752.69839494],
         [ 861.2618315 ,  649.37771562],
         [ 839.77931402,  629.94115218],
         [ 816.25084249,  628.91817516],
         [ 828.52656677,  601.29779554],
         [ 823.41168165,  558.33276057],
         [ 788.63046287,  545.03405927],
         [ 763.0560373 ,  508.20688645],
         [ 745.66542791,  497.97711622],
         [ 755.89519814,  476.49459873],
         [ 730.32077256,  445.80528805],
         [ 705.76932401,  438.64444888],
         [ 727.25184149,  403.8632301 ],
         [ 705.76932401,  403.8632301 ],
         [ 690.42466866,  357.82926407],
         [ 702.70039294,  343.50758575],
         [ 718.04504829,  321.00209124],
         [ 879.67541792,  689.27381951],
         [ 916.50259074,  711.77931402],
         [ 902.18091242,  753.72137196],
         [ 926.73236097,  760.88221112],
         [ 958.44464868,  687.22786547],
         [ 995.27182151,  715.87122211],
         [1012.6624309 ,  731.21587746],
         [1015.73136197,  671.88321012],
         [1006.52456876,  642.21687646],
         [ 951.28380952,  652.44664669],
         [ 897.06602731,  638.12496836],
         [ 930.82426906,  613.57351981],
         [ 876.60648685,  604.36672661],
         [ 895.02007326,  576.74634699],
         [ 885.81328005,  552.19489843],
         [ 855.12396936,  566.51657676],
         [ 856.14694639,  533.78131202],
         [ 941.05403929,  577.76932401],
         [ 955.37571762,  541.96512821],
         [ 934.91617716,  522.52856477],
         [ 926.73236097,  494.90818515],
         [ 916.50259074,  509.22986347],
         [ 901.1579354 ,  499.00009324],
         [ 867.39969364,  494.90818515],
         [ 878.65244089,  475.47162171],
         [ 841.82526807,  489.79330003],
         [ 864.33076257,  460.12696637],
         [ 842.84824509,  434.55254079],
         [ 808.06702631,  449.89719614],
         [ 799.88321012,  422.27681652],
         [ 781.46962371,  426.36872461],
         [ 762.03306027,  418.18490842],
         [ 751.80329004,  400.79429903],
         [ 783.51557776,  391.58750583],
         [ 800.90618715,  382.38071262],
         [ 785.5615318 ,  377.26582751],
         [ 800.90618715,  358.85224109],
         [ 738.50458874,  314.8642291 ],
         [ 746.68840493,  257.57751582],
         [ 690.42466866,  223.81927406],
         [ 683.2638295 ,  170.62446886],
         [ 730.32077256,  215.63545788],
         [ 748.73435897,  219.72736597],
         [ 750.78031302,  166.53256077],
         [ 718.04504829,  177.78530803],
         [ 697.58550783,  117.42966367],
         [ 650.52856477,   77.53355977],
         [ 675.08001332,   15.13196137],
         [ 702.70039294,    7.97112221],
         [ 737.48161172,   55.02806527],
         [ 758.9641292 ,   58.09699634],
         [ 750.78031302,   12.0630303 ],
         [ 795.79130203,   43.77531802],
         [ 826.48061272,   34.56852481],
         [ 866.37671662,   43.77531802],
         [ 779.42366966,  152.21088245],
         [ 811.13595738,  200.29080253],
         [ 779.42366966,  212.56652681],
         [ 775.33176157,  266.78430902],
         [ 811.13595738,  273.94514819],
         [ 824.43465867,  310.77232101],
         [ 865.35373959,  417.1619314 ],
         [ 828.52656677,  421.25383949],
         [ 913.43365967,  477.51757576],
         [1000.38670663,  567.53955378],
         [1002.43266067,  615.61947386],
         [1020.84624709,  598.22886447],
         [ 977.88121212,  623.80329004],
         [ 949.23785548,  605.38970363],
         [ 963.5595338 ,  412.04704629],
         [ 990.1569364 ,  392.61048285],
         [ 920.59449883,  352.71437895],
         [ 887.8592341 ,  350.66842491],
         [ 848.98610723,  310.77232101],
         [ 861.2618315 ,  247.34774559],
         [ 889.90518815,  281.10598735],
         [ 914.4566367 ,  285.19789544],
         [ 944.12297036,  266.78430902],
         [ 890.92816517,  224.84225108],
         [ 898.08900433,  170.62446886],
         [ 964.58251082,  159.37172161],
         [1009.59349983,   82.64844489],
         [ 986.06502831,   32.52257076],
         [ 952.30678655,   72.41867466],
         [ 914.4566367 ,   28.43066267],
         [ 954.35274059,    5.92516817]]), array([[369]], dtype=uint16))]]
