[[(array([[107.64337568, 407.21506352],
         [ 18.46733212, 356.60163339],
         [ 72.69600726, 371.06261343],
         [ 54.61978221, 343.34573503],
         [ 20.87749546, 296.34754991],
         [ 49.79945554, 304.7831216 ],
         [ 85.95190563, 321.65426497],
         [145.00090744, 326.47459165],
         [167.89745917, 316.83393829],
         [222.1261343 , 345.75589837],
         [271.53448276, 334.91016334],
         [313.7123412 , 334.91016334],
         [347.45462795, 346.96098004],
         [371.55626134, 374.67785844],
         [405.29854809, 413.24047187],
         [496.88475499, 377.08802178],
         [396.86297641, 322.85934664],
         [423.37477314, 313.21869328],
         [457.11705989, 292.7323049 ],
         [508.93557169, 331.29491833],
         [567.9845735 , 346.96098004],
         [604.13702359, 318.03901996],
         [604.13702359, 393.95916515],
         [724.64519056, 354.19147005],
         [660.77586207, 308.39836661],
         [693.31306715, 309.60344828],
         [716.20961887, 304.7831216 ],
         [774.05353902, 301.16787659],
         [799.36025408, 305.98820327],
         [853.58892922, 313.21869328],
         [901.79219601, 314.42377495],
         [923.48366606, 305.98820327],
         [954.81578947, 308.39836661],
         [977.7123412 , 308.39836661],
         [993.3784029 , 313.21869328],
         [989.76315789, 377.08802178],
         [984.94283122, 556.64519056],
         [874.0753176 , 427.70145191],
         [935.53448276, 351.78130672],
         [877.69056261, 340.93557169],
         [830.6923775 , 438.54718693],
         [783.69419238, 371.06261343],
         [995.78856624, 271.04083485],
         [995.78856624, 292.7323049 ],
         [960.84119782, 283.09165154],
         [972.89201452, 285.50181488],
         [924.68874773, 283.09165154],
         [918.66333938, 257.78493648],
         [951.20054446, 254.16969147],
         [870.4600726 , 272.24591652],
         [833.10254083, 284.29673321],
         [843.94827586, 271.04083485],
         [828.28221416, 266.22050817],
         [816.23139746, 287.91197822],
         [807.79582577, 266.22050817],
         [793.33484574, 274.65607985],
         [768.02813067, 271.04083485],
         [778.8738657 , 266.22050817],
         [792.12976407, 257.78493648],
         [748.74682396, 277.06624319],
         [787.30943739, 253.56715064],
         [729.46551724, 249.34936479],
         [727.0553539 , 277.06624319],
         [721.02994555, 287.30943739],
         [705.36388385, 287.91197822],
         [717.41470054, 275.25862069],
         [718.01724138, 266.22050817],
         [711.99183303, 262.60526316],
         [720.42740472, 255.97731397],
         [705.36388385, 266.22050817],
         [706.56896552, 255.37477314],
         [696.32577132, 263.81034483],
         [689.69782214, 251.75952813],
         [681.26225045, 248.14428312],
         [677.04446461, 262.00272232],
         [689.09528131, 277.06624319],
         [676.44192377, 283.09165154],
         [657.76315789, 265.0154265 ],
         [660.17332123, 251.1569873 ],
         [668.00635209, 246.93920145],
         [656.55807623, 245.13157895],
         [677.04446461, 239.1061706 ],
         [634.26406534, 272.84845735],
         [637.27676951, 262.00272232],
         [652.34029038, 254.16969147],
         [648.72504537, 245.13157895],
         [642.09709619, 241.51633394],
         [643.30217786, 255.97731397],
         [625.22595281, 260.19509982],
         [628.84119782, 255.97731397],
         [625.82849365, 247.54174229],
         [620.40562613, 239.1061706 ],
         [619.20054446, 231.87568058],
         [624.62341198, 227.65789474],
         [632.45644283, 283.69419238],
         [631.25136116, 296.34754991],
         [601.12431942, 286.70689655],
         [616.79038113, 271.64337568],
         [604.73956443, 264.41288566],
         [606.54718693, 251.75952813],
         [609.55989111, 240.9137931 ],
         [604.13702359, 236.69600726],
         [605.34210526, 227.0553539 ],
         [597.50907441, 228.86297641],
         [598.71415608, 240.9137931 ],
         [590.27858439, 266.823049  ],
         [587.26588022, 249.34936479],
         [584.25317604, 236.69600726],
         [551.71597096, 289.71960073],
         [562.56170599, 268.63067151],
         [579.43284936, 274.05353902],
         [580.0353902 , 263.81034483],
         [575.21506352, 253.56715064],
         [569.79219601, 258.38747731],
         [551.11343013, 256.57985481],
         [505.92286751, 298.45644283],
         [530.02450091, 298.45644283],
         [513.45462795, 280.38021779],
         [526.10798548, 267.72686025],
         [542.0753176 , 264.71415608],
         [539.36388385, 253.56715064],
         [545.69056261, 246.0353902 ],
         [532.43466425, 247.8430127 ],
         [518.57622505, 256.88112523],
         [503.21143376, 262.90653358],
         [506.22413793, 255.67604356],
         [505.92286751, 249.34936479],
         [506.52540835, 237.59981851],
         [496.88475499, 255.67604356],
         [491.16061706, 250.85571688],
         [486.34029038, 245.13157895],
         [482.72504537, 258.38747731],
         [470.67422868, 243.92649728],
         [480.31488203, 234.58711434],
         [485.43647913, 237.59981851],
         [500.19872958, 230.06805808],
         [488.14791289, 273.14972777],
         [462.23865699, 266.22050817],
         [467.6615245 , 252.06079855],
         [  5.21143376, 268.63067151],
         [  2.80127042, 257.78493648],
         [  4.00635209, 240.9137931 ],
         [ 24.54718693, 265.0154265 ],
         [ 26.35480944, 251.75952813],
         [ 40.21324864, 251.1569873 ],
         [ 45.03357532, 244.52903811],
         [ 51.6615245 , 251.1569873 ],
         [ 46.84119782, 262.00272232],
         [ 36.59800363, 262.60526316],
         [ 54.07168784, 273.45099819],
         [ 61.90471869, 258.38747731],
         [ 75.16061706, 252.36206897],
         [ 69.73774955, 246.93920145],
         [ 84.19872958, 249.34936479],
         [ 88.41651543, 254.16969147],
         [100.46733212, 249.34936479],
         [104.08257713, 262.00272232],
         [ 76.36569873, 274.65607985],
         [ 95.04446461, 277.06624319],
         [118.54355717, 275.25862069],
         [132.40199637, 251.75952813],
         [116.73593466, 249.95190563],
         [141.44010889, 271.04083485],
         [161.92649728, 270.43829401],
         [126.37658802, 260.19509982],
         [166.14428312, 251.75952813],
         [176.38747731, 258.38747731],
         [177.59255898, 248.14428312],
         [195.66878403, 251.75952813],
         [207.71960073, 251.1569873 ],
         [217.36025408, 251.75952813],
         [204.10435572, 264.41288566],
         [189.64337568, 268.63067151],
         [215.55263158, 275.25862069],
         [248.6923775 , 284.89927405],
         [243.26950998, 272.24591652],
         [252.91016334, 257.18239564],
         [253.51270417, 244.52903811],
         [263.75589837, 253.56715064],
         [264.96098004, 245.73411978],
         [274.60163339, 239.70871143],
         [278.81941924, 246.93920145],
         [287.25499093, 256.57985481],
         [270.38384755, 269.23321234],
         [298.70326679, 287.30943739],
         [300.51088929, 264.41288566],
         [315.57441016, 272.84845735],
         [317.38203267, 283.09165154],
         [325.81760436, 303.57803993],
         [345.70145191, 270.43829401],
         [343.29128857, 256.57985481],
         [330.63793103, 251.75952813],
         [333.65063521, 268.63067151],
         [321.59981851, 262.00272232],
         [324.61252269, 248.14428312],
         [295.69056261, 248.74682396],
         [291.47277677, 239.70871143],
         [346.30399274, 239.1061706 ],
         [362.57259528, 238.50362976],
         [370.40562613, 251.75952813],
         [375.82849365, 243.32395644],
         [386.07168784, 244.52903811],
         [379.44373866, 257.78493648],
         [383.6615245 , 265.0154265 ],
         [379.44373866, 273.45099819],
         [364.38021779, 284.89927405],
         [384.26406534, 291.52722323],
         [393.90471869, 315.02631579],
         [397.5199637 , 281.28402904],
         [400.53266788, 266.823049  ],
         [398.72504537, 253.56715064],
         [387.27676951, 255.37477314],
         [393.90471869, 248.14428312],
         [404.14791289, 247.54174229],
         [419.81397459, 239.1061706 ],
         [423.4292196 , 234.88838475],
         [437.89019964, 252.36206897],
         [427.64700544, 249.95190563],
         [442.10798548, 260.19509982],
         [572.20235935, 246.93920145],
         [579.43284936, 242.72141561],
         [577.02268603, 233.68330309],
         [566.77949183, 234.88838475],
         [570.99727768, 230.67059891],
         [567.9845735 , 231.87568058],
         [564.97186933, 231.87568058],
         [560.75408348, 234.28584392],
         [551.71597096, 233.68330309],
         [533.63974592, 234.28584392],
         [544.48548094, 231.87568058],
         [539.66515426, 239.1061706 ],
         [414.58591409, 261.57092907],
         [415.08541459, 271.06143856],
         [413.58691309, 253.57892108],
         [413.08741259, 251.08141858],
         [393.60689311, 242.09040959],
         [355.64485514, 231.1013986 ],
         [349.65084915, 249.58291708],
         [335.16533467, 247.58491508],
         [302.1983017 , 234.5979021 ],
         [312.68781219, 237.0954046 ],
         [577.42307692, 219.61288711],
         [582.41808192, 218.61388611],
         [587.41308691, 215.61688312],
         [591.90859141, 221.61088911],
         [581.41908092, 225.10739261],
         [559.94055944, 222.11038961],
         [543.95654346, 216.11638362],
         [523.97652348, 230.6018981 ],
         [516.98351648, 231.1013986 ],
         [511.98851149, 231.1013986 ],
         [506.99350649, 231.1013986 ],
         [495.504995  , 232.1003996 ],
         [517.48301698, 239.09340659],
         [514.48601399, 237.59490509],
         [527.47302697, 239.59290709],
         [449.55094905, 239.09340659],
         [448.05244755, 233.0994006 ],
         [455.54495504, 238.59390609],
         [460.53996004, 233.0994006 ],
         [698.8016983 , 234.5979021 ],
         [681.31918082, 231.6008991 ]]), array([[262]], dtype=uint16))]]
