[[(array([[ 44.44444444, 360.02777778],
         [ 50.65555556, 328.97222222],
         [ 11.        , 325.62777778],
         [ 52.08888889, 269.72777778],
         [142.38888889, 358.11666667],
         [132.35555556, 333.75      ],
         [172.96666667, 359.55      ],
         [209.75555556, 360.50555556],
         [204.5       , 341.39444444],
         [236.98888889, 362.41666667],
         [226.47777778, 333.27222222],
         [255.62222222, 378.66111111],
         [306.26666667, 377.70555556],
         [396.56666667, 377.70555556],
         [378.88888889, 383.43888889],
         [367.9       , 362.89444444],
         [407.55555556, 357.63888889],
         [441.        , 341.87222222],
         [474.44444444, 374.83888889],
         [484.95555556, 378.18333333],
         [505.02222222, 348.08333333],
         [521.26666667, 329.45      ],
         [505.02222222, 322.28333333],
         [522.7       , 307.95      ],
         [515.05555556, 297.43888889],
         [490.68888889, 291.70555556],
         [462.02222222, 304.12777778],
         [420.45555556, 289.31666667],
         [406.12222222, 304.12777778],
         [404.21111111, 333.27222222],
         [374.58888889, 321.32777778],
         [355.47777778, 304.12777778],
         [331.58888889, 301.26111111],
         [315.82222222, 306.03888889],
         [284.28888889, 307.95      ],
         [271.86666667, 318.93888889],
         [258.96666667, 286.92777778],
         [194.46666667, 314.63888889],
         [199.24444444, 294.09444444],
         [175.35555556, 287.40555556],
         [186.34444444, 274.98333333],
         [147.64444444, 261.60555556],
         [146.68888889, 237.71666667],
         [102.73333333, 225.77222222],
         [ 18.64444444, 227.68333333],
         [  5.26666667, 210.96111111],
         [ 32.5       , 186.11666667],
         [ 40.14444444, 166.05      ],
         [ 28.67777778, 153.62777778],
         [ 11.        , 164.13888889],
         [ 17.68888889, 147.89444444],
         [  3.35555556, 149.32777778],
         [ 30.11111111, 117.31666667],
         [ 45.87777778, 125.91666667],
         [ 53.04444444, 124.48333333],
         [ 63.55555556, 160.79444444],
         [ 77.88888889, 240.10555556],
         [ 86.01111111, 175.12777778],
         [ 96.52222222, 171.30555556],
         [  6.22222222, 106.32777778],
         [ 16.25555556, 100.11666667],
         [ 35.36666667, 103.46111111],
         [ 59.73333333, 109.19444444],
         [ 52.56666667,  91.51666667],
         [ 28.67777778,  66.67222222],
         [ 96.04444444,  88.17222222],
         [ 84.1       ,  85.30555556],
         [ 71.2       ,  70.49444444],
         [ 61.16666667,  72.40555556],
         [104.64444444,  76.70555556],
         [114.2       ,  68.10555556],
         [132.83333333,  67.62777778],
         [132.83333333,  89.12777778],
         [110.37777778,  91.51666667],
         [115.15555556,  99.63888889],
         [112.76666667, 117.31666667],
         [ 75.5       , 112.06111111],
         [ 79.32222222, 119.70555556],
         [ 80.27777778, 133.08333333],
         [ 88.4       , 144.07222222],
         [104.16666667, 131.65      ],
         [116.11111111, 135.47222222],
         [127.57777778, 115.88333333],
         [158.15555556,  91.03888889],
         [157.2       ,  73.36111111],
         [171.05555556,  74.79444444],
         [184.43333333,  76.70555556],
         [143.82222222, 128.78333333],
         [124.23333333, 151.71666667],
         [140.95555556, 162.70555556],
         [136.17777778, 148.85      ],
         [132.35555556, 186.11666667],
         [151.46666667, 177.03888889],
         [166.27777778, 161.27222222],
         [180.61111111, 115.40555556],
         [179.65555556,  97.72777778],
         [192.07777778, 102.98333333],
         [202.11111111, 100.11666667],
         [233.64444444,  87.69444444],
         [233.64444444,  74.31666667],
         [249.88888889,  78.13888889],
         [221.22222222,  96.29444444],
         [208.32222222, 115.40555556],
         [210.23333333, 145.02777778],
         [206.41111111, 150.28333333],
         [209.75555556, 154.58333333],
         [196.37777778, 163.18333333],
         [180.13333333, 173.21666667],
         [183.47777778, 190.41666667],
         [178.7       , 206.66111111],
         [210.71111111, 196.15      ],
         [195.9       , 188.02777778],
         [206.88888889, 223.38333333],
         [189.68888889, 218.12777778],
         [ 34.41111111, 305.08333333],
         [ 30.58888889, 265.42777778],
         [235.07777778, 181.81666667],
         [235.07777778, 136.42777778],
         [249.41111111, 127.35      ],
         [259.44444444, 141.68333333],
         [276.64444444, 111.10555556],
         [282.85555556,  86.73888889],
         [280.46666667,  70.49444444],
         [296.71111111,  88.65      ],
         [294.8       ,  76.70555556],
         [320.12222222,  78.13888889],
         [316.3       , 123.05      ],
         [280.94444444, 138.81666667],
         [277.12222222, 149.32777778],
         [284.28888889, 161.27222222],
         [288.58888889, 181.81666667],
         [295.75555556, 197.58333333],
         [257.05555556, 213.35      ],
         [256.57777778, 198.53888889],
         [233.16666667, 208.09444444],
         [261.35555556, 251.09444444],
         [290.97777778, 271.63888889],
         [308.65555556, 273.07222222],
         [330.15555556, 270.68333333],
         [510.75555556, 276.89444444],
         [492.6       , 262.56111111],
         [468.23333333, 261.12777778],
         [446.25555556, 270.20555556],
         [437.17777778, 243.45      ],
         [399.91111111, 269.72777778],
         [373.63333333, 276.89444444],
         [408.98888889, 240.10555556],
         [376.5       , 226.72777778],
         [385.1       , 238.19444444],
         [357.38888889, 229.59444444],
         [342.1       , 231.02777778],
         [319.16666667, 226.25      ],
         [299.57777778, 227.68333333],
         [281.9       , 235.32777778],
         [269.47777778, 222.90555556],
         [313.43333333, 192.32777778],
         [326.81111111, 203.31666667],
         [347.83333333, 207.61666667],
         [376.97777778, 202.83888889],
         [366.94444444, 196.15      ],
         [353.56666667, 186.59444444],
         [365.03333333, 167.96111111],
         [378.88888889, 174.65      ],
         [355.47777778, 156.49444444],
         [365.51111111, 141.68333333],
         [333.5       , 134.99444444],
         [327.28888889, 121.61666667],
         [335.41111111, 121.13888889],
         [358.82222222,  69.06111111],
         [363.6       ,  69.06111111],
         [376.5       ,  70.97222222],
         [387.48888889,  83.39444444],
         [397.04444444,  70.01666667],
         [416.15555556,  91.99444444],
         [437.65555556,  97.25      ],
         [452.94444444,  99.63888889],
         [446.73333333,  67.62777778],
         [469.66666667,  92.47222222],
         [474.92222222, 126.39444444],
         [482.08888889, 120.66111111],
         [518.4       , 107.76111111],
         [516.96666667, 123.05      ],
         [515.53333333, 138.33888889],
         [502.63333333, 158.88333333],
         [452.94444444, 183.25      ],
         [427.14444444, 191.85      ],
         [422.84444444, 153.15      ],
         [380.32222222, 152.19444444],
         [408.03333333, 136.42777778],
         [396.08888889, 126.39444444],
         [398.47777778, 115.40555556],
         [408.98888889, 113.97222222],
         [417.58888889, 118.75      ],
         [408.98888889, 199.97222222],
         [394.65555556, 206.66111111],
         [409.46666667, 184.68333333],
         [417.58888889, 194.71666667],
         [396.08888889, 222.42777778],
         [417.58888889, 214.30555556],
         [500.72222222, 242.49444444],
         [509.8       , 245.83888889],
         [487.82222222, 231.02777778],
         [473.01111111, 236.76111111],
         [492.12222222, 220.03888889],
         [469.66666667, 218.60555556],
         [501.67777778, 203.79444444],
         [509.32222222, 195.67222222],
         [479.22222222, 202.36111111],
         [462.5       , 202.36111111],
         [478.26666667, 191.85      ],
         [476.83333333, 175.12777778],
         [480.65555556, 185.16111111],
         [412.80555556,  52.69722222],
         [432.39444444,  54.84722222],
         [375.06111111,  48.39722222],
         [308.41111111,  52.45833333],
         [333.25555556,  45.29166667],
         [527.71111111,  40.75277778],
         [503.82222222,  59.625     ],
         [531.05555556,  81.125     ],
         [131.4       ,  40.275     ],
         [152.42222222,  56.28055556],
         [170.81666667,  40.51388889],
         [236.51111111,  50.06944444],
         [242.00555556,  61.775     ],
         [246.30555556,  52.69722222],
         [262.78888889,  41.46944444],
         [ 66.18888889, 318.58055556],
         [554.13636364, 337.11688312],
         [169.98051948, 375.93806194],
         [  7.16333666,  50.3036963 ],
         [  7.16333666,  31.76223776],
         [ 28.6018981 ,  32.34165834],
         [ 22.22827173,  24.22977023],
         [ 37.29320679,  16.6973027 ],
         [ 91.75874126,  14.95904096],
         [ 96.39410589,  32.34165834],
         [287.02347652,  32.34165834],
         [258.05244755,  16.11788212],
         [298.61188811,  17.85614386],
         [349.02147852,  15.53846154],
         [354.23626374,  20.75324675],
         [324.68581419,  25.38861139],
         [418.55194805,  32.34165834],
         [388.42207792,  22.49150849],
         [435.35514486,  20.75324675],
         [442.88761239,  21.33266733],
         [452.15834166,  23.07092907],
         [472.43806194,  47.40659341],
         [506.62387612,  25.38861139],
         [540.23026973,  31.18281718],
         [544.28621379,  37.55644356],
         [550.65984016,  36.97702298],
         [522.84765235,  30.6033966 ],
         [566.88361638,  16.11788212],
         [562.24825175,  20.75324675],
         [547.18331668,  78.6953047 ],
         [559.35114885, 101.87212787],
         [559.35114885, 116.93706294],
         [562.82767233, 173.14085914],
         [535.01548452, 202.11188811],
         [530.95954046, 233.4005994 ],
         [562.82767233, 246.14785215],
         [532.6978022 , 280.33366633],
         [550.65984016, 303.51048951],
         [563.40709291, 293.08091908],
         [566.3041958 , 279.75424575],
         [565.72477522, 261.79220779],
         [576.15434565, 245.56843157],
         [577.89260739, 214.27972028],
         [567.46303696, 209.64435564],
         [554.71578422, 158.65534466],
         [568.04245754, 149.96403596],
         [543.12737263, 123.31068931],
         [491.55894106,  31.18281718],
         [478.23226773,  29.44455544],
         [450.9995005 ,  47.40659341],
         [339.17132867,  14.37962038],
         [285.86463536,  16.6973027 ],
         [128.26223776,  13.8001998 ],
         [185.04545455,  30.02397602],
         [193.15734266,  16.11788212],
         [201.84865135,  32.92107892],
         [508.36213786,  16.11788212],
         [147.38311688,  28.86513487],
         [ 73.7967033 ,  21.33266733],
         [ 51.77872128,  16.11788212],
         [ 21.503996  ,  51.18606394],
         [ 40.33516484,  63.93331668],
         [ 51.63386613,  58.42882118],
         [ 91.32417582,  59.29795205],
         [ 86.97852148,  43.36388611],
         [140.57492507,  11.78546454],
         [159.6958042 ,  11.78546454],
         [176.78871129,  13.52372627],
         [220.82467532,   9.75749251],
         [206.33916084,  11.78546454],
         [111.31418581,  23.66358641],
         [333.95654346,  75.81143856],
         [348.15234765,  71.75549451],
         [376.25424575, 122.16508492],
         [392.18831169,  11.20604396],
         [496.33916084,  20.76648352],
         [451.72377622,  12.36488511],
         [570.504995  ,  73.49375624],
         [561.52397602,  96.38086913],
         [525.5999001 ,   8.59865135],
         [516.32917083,  10.0472028 ],
         [552.25324675,   9.46778222],
         [544.43106893,  12.07517483],
         [462.44305694,   8.01923077],
         [404.79070929,  16.71053946],
         [396.96853147,  20.47677323],
         [469.3961039 ,  72.91433566],
         [491.7037962 ,  65.09215784],
         [408.12237762,   8.58541459],
         [420.29020979,   3.95004995],
         [500.25024975,   3.95004995],
         [ 23.38711289,   9.74425574],
         [243.56693307,   5.10889111]]), array([[320]], dtype=uint16))]]
