[[(array([[  30.67360622,  563.07803993],
         [ 105.31835431,  515.8030328 ],
         [ 201.11244769,  457.33131346],
         [ 222.26179298,  393.88327759],
         [ 209.82100163,  529.48790329],
         [ 272.02495838,  524.51158675],
         [ 361.59865609,  544.4168529 ],
         [ 350.40194387,  485.94513357],
         [ 515.86446881,  535.70829896],
         [ 504.6677566 ,  489.67737097],
         [ 560.65131766,  509.58263713],
         [ 541.99013064,  489.67737097],
         [ 627.83159095,  523.26750761],
         [ 612.90264133,  472.26026308],
         [ 641.51646143,  632.74647148],
         [ 778.36516626,  568.05435647],
         [ 708.69673471,  544.4168529 ],
         [ 853.00991436,  641.45502542],
         [ 865.4507057 ,  575.51883128],
         [ 853.00991436,  528.24382415],
         [ 957.51256168,  495.89776665],
         [1013.49612275,  466.03986741],
         [1013.49612275,  524.51158675],
         [ 902.77307975,  509.58263713],
         [ 803.24674896,  466.03986741],
         [ 768.41253319,  474.74842135],
         [ 741.04279222,  509.58263713],
         [ 687.54738942,  500.87408318],
         [ 540.74605151,  483.4569753 ],
         [ 451.1723538 ,  489.67737097],
         [ 437.48748331,  502.11816232],
         [ 422.5585337 ,  489.67737097],
         [  61.77558459,  518.29119107],
         [  82.92492988,  487.1892127 ],
         [ 115.27098739,  454.84315519],
         [ 588.02105863,  457.33131346],
         [ 563.13947593,  457.33131346],
         [ 568.11579247,  449.86683866],
         [ 581.80066296,  437.42604731],
         [ 525.81710189,  446.13460125],
         [ 518.35262708,  420.00893942],
         [ 295.04042237,  460.4415113 ],
         [ 315.5677281 ,  449.24479909],
         [ 308.10325329,  443.02440341],
         [ 335.47299426,  464.79578827],
         [ 346.66970647,  453.59907606],
         [ 370.30721003,  475.99250049],
         [ 369.68517046,  460.4415113 ],
         [ 388.96839705,  450.48887822],
         [ 377.14964527,  436.80400774],
         [ 405.14142581,  430.58361207],
         [ 400.78714884,  424.36321639],
         [ 420.69241499,  444.26848255],
         [ 438.73156245,  434.93788904],
         [ 411.36182148,  425.60729553],
         [ 427.53485023,  413.16650418],
         [ 390.83451576,  406.9461085 ],
         [ 433.75524591,  474.74842135],
         [ 422.5585337 ,  466.03986741],
         [ 455.52663077,  445.51256168],
         [ 470.45558039,  416.89874158],
         [ 446.19603726,  403.83591067],
         [ 459.25886817,  393.88327759],
         [ 482.27433217,  393.88327759],
         [ 486.62860914,  404.45795023],
         [ 476.05393649,  464.79578827],
         [ 494.09308395,  462.92966957],
         [ 543.23420978,  483.4569753 ],
         [ 554.43092199,  408.81222721],
         [ 551.94276372,  400.72571283],
         [ 527.06118102,  386.41880278],
         [ 518.35262708,  400.72571283],
         [ 540.74605151,  377.71024883],
         [ 565.6276342 ,  383.30860494],
         [ 574.95822772,  388.28492148],
         [ 586.7769795 ,  390.77307975],
         [ 576.20230685,  402.59183153],
         [ 592.3753356 ,  400.10367326],
         [ 592.3753356 ,  414.41058331],
         [ 603.57204782,  391.39511932],
         [ 613.5246809 ,  385.17472364],
         [ 629.07567008,  382.68656537],
         [ 645.8707384 ,  387.66288191],
         [ 653.95725278,  402.59183153],
         [ 650.22501537,  413.16650418],
         [ 670.7523211 ,  412.54446461],
         [ 660.17764845,  435.5599286 ],
         [ 648.98093624,  428.71749336],
         [ 635.29606576,  443.64644298],
         [ 624.72139311,  416.89874158],
         [ 610.41448306,  424.36321639],
         [ 617.2569183 ,  416.89874158],
         [ 604.19408738,  411.30038547],
         [ 599.21777084,  434.31584947],
         [ 602.32796868,  444.26848255],
         [ 646.49277797,  465.41782784],
         [ 670.7523211 ,  475.99250049],
         [ 665.15396499,  485.323094  ],
         [ 686.30331028,  476.61454005],
         [ 701.85429947,  495.27572708],
         [ 724.86976347,  486.56717313],
         [ 719.27140736,  500.87408318],
         [ 703.72041817,  480.96881703],
         [ 263.00538465,  409.43426677],
         [ 278.86739362,  410.05630634],
         [ 269.84781989,  378.3322884 ],
         [ 257.09600876,  376.4661697 ],
         [ 262.38334508,  360.91518051],
         [ 255.22989006,  359.98212116],
         [ 287.88696735,  365.58047727],
         [ 293.48532345,  364.33639813],
         [ 302.1938774 ,  373.35597186],
         [ 313.7016094 ,  367.13557619],
         [ 308.41427307,  360.60416073],
         [ 317.12282702,  375.84413013],
         [ 325.52036118,  369.93475424],
         [ 329.25259858,  365.26945749],
         [ 321.47710399,  363.40333878],
         [ 334.5399349 ,  358.42702224],
         [ 339.51625144,  361.2262003 ],
         [ 345.42562733,  364.64741792],
         [ 355.06724063,  363.40333878],
         [ 347.60276582,  371.80087294],
         [ 289.75308605,  378.64330818],
         [ 297.52858064,  413.78854374],
         [ 307.48121372,  424.36321639],
         [ 329.87463815,  404.14693045],
         [ 344.80358777,  410.98936569],
         [ 337.96115253,  386.10778299],
         [ 359.73253739,  386.10778299],
         [ 343.55950863,  425.29627574],
         [ 353.82316149,  441.78032428],
         [ 363.77579457,  423.74117682],
         [ 369.68517046,  406.9461085 ],
         [ 374.97250679,  397.92653478],
         [ 369.99619025,  388.28492148],
         [ 380.88188268,  388.28492148],
         [ 371.55128917,  379.26534775],
         [ 387.10227835,  379.26534775],
         [ 394.56675316,  375.53311035],
         [ 392.07859489,  362.15925965],
         [ 373.41740787,  368.69067511],
         [ 363.46477479,  369.31271467],
         [ 361.2876363 ,  360.91518051],
         [ 378.70474419,  362.15925965],
         [ 374.661487  ,  359.04906181],
         [ 375.28352657,  356.87192332],
         [ 383.05902116,  354.07274527],
         [ 395.18879273,  357.49396289],
         [ 395.8108323 ,  355.93886397],
         [ 410.11774235,  362.78129922],
         [ 406.07448516,  355.93886397],
         [ 411.36182148,  391.39511932],
         [ 428.77892937,  375.84413013],
         [ 429.71198872,  360.29314095],
         [ 438.42054266,  352.20662657],
         [ 407.62958408,  376.15514992],
         [ 439.97564158,  380.82044667],
         [ 443.3968592 ,  368.37965532],
         [ 441.84176029,  360.29314095],
         [ 447.12909661,  359.67110138],
         [ 432.82218656,  398.23755456],
         [ 442.46379985,  390.46205997],
         [ 455.68214066,  389.52900061],
         [ 447.90664607,  378.02126862],
         [ 451.94990326,  355.78335408],
         [ 455.52663077,  340.076855  ],
         [ 463.45763525,  360.75967062],
         [ 457.54825936,  363.092319  ],
         [ 458.01478904,  370.09026413],
         [ 467.96742212,  364.18088824],
         [ 474.0323079 ,  358.89355192],
         [ 473.25475844,  353.91723538],
         [ 476.83148595,  352.82866614],
         [ 482.74086184,  355.00580462],
         [ 480.25270357,  357.64947278],
         [ 492.38247514,  354.22825516],
         [ 483.6739212 ,  365.42496738],
         [ 483.98494098,  359.98212116],
         [ 473.25475844,  378.95432797],
         [ 476.67597606,  370.24577402],
         [ 464.3906946 ,  375.37760046],
         [ 475.27638703,  389.8400204 ],
         [ 477.29801563,  384.86370386],
         [ 493.00451471,  375.84413013],
         [ 496.892262  ,  362.00374976],
         [ 489.42778719,  365.26945749],
         [ 503.26816757,  357.49396289],
         [ 507.77795443,  353.91723538],
         [ 496.73675211,  401.81428207],
         [ 507.77795443,  376.4661697 ],
         [ 507.93346432,  365.73598716],
         [ 512.59876108,  364.02537835],
         [ 525.5060821 ,  361.38171019],
         [ 523.79547329,  353.4507057 ],
         [ 530.63790854,  366.35802673],
         [ 520.21874578,  372.5784224 ],
         [ 513.22080065,  391.7061391 ],
         [ 515.39793913,  381.90901591],
         [ 506.37836541,  404.30244034],
         [ 528.61627994,  375.37760046],
         [ 526.75016124,  370.09026413],
         [ 539.96850205,  364.18088824],
         [ 538.25789324,  348.94091884],
         [ 543.07869988,  348.31887927],
         [ 550.23215491,  346.60827046],
         [ 545.56685815,  400.72571283],
         [ 533.12606681,  398.54857434],
         [ 548.21052632,  406.01304915],
         [ 527.37220081,  393.26123802],
         [ 670.28579142,  390.92858964],
         [ 664.22090564,  374.4445411 ],
         [ 656.28990116,  372.26740262],
         [ 660.64417813,  396.37143586],
         [ 637.93973392,  371.95638284],
         [ 629.07567008,  365.73598716],
         [ 625.18792279,  369.31271467],
         [ 620.36711614,  374.91107078],
         [ 612.74713144,  362.15925965],
         [ 605.7491863 ,  373.66699165],
         [ 603.10551814,  365.42496738],
         [ 589.57615755,  368.69067511],
         [ 594.08594441,  362.31476954],
         [ 593.30839495,  380.82044667],
         [ 581.48964317,  378.3322884 ],
         [ 576.97985631,  366.51353662],
         [ 570.44844085,  363.24782889],
         [ 567.49375291,  369.77924435],
         [ 560.34029788,  367.13557619],
         [ 554.89745167,  362.62578932],
         [ 687.8584092 ,  378.02126862],
         [ 686.92534985,  370.24577402],
         [ 701.85429947,  372.11189273],
         [ 714.6061106 ,  371.80087294],
         [ 725.49180303,  383.93064451],
         [ 738.55463395,  373.97801143],
         [ 728.91302065,  409.74528656],
         [ 694.07880488,  404.45795023],
         [ 701.85429947,  399.17061391],
         [ 685.68127072,  393.5722578 ],
         [ 685.05923115,  407.56814807],
         [ 724.86976347,  422.49709769],
         [ 762.81417708,  446.44562103],
         [ 780.54230475,  443.02440341],
         [ 772.14477059,  435.5599286 ],
         [ 780.54230475,  433.38279012],
         [ 843.05728128,  487.81125227],
         [ 887.22209056,  497.76388535]]), array([[248]], dtype=uint8))]]
