[[(array([[  71.89251908,  735.34290076],
         [  10.33526718,  442.21312977],
         [  20.59480916,  407.03755725],
         [   7.40396947,  357.20549618],
         [  39.64824427,  339.61770992],
         [  11.80091603,  254.61007634],
         [  45.51083969,  294.18259542],
         [  67.49557252,  357.20549618],
         [  64.56427481,  324.96122137],
         [  93.87725191,  247.28183206],
         [ 118.79328244,  324.96122137],
         [  96.80854962,  357.20549618],
         [ 111.46503817,  373.32763359],
         [ 131.98412214,  374.79328244],
         [ 149.5719084 ,  411.43450382],
         [ 140.77801527,  497.90778626],
         [ 168.62534351,  506.70167939],
         [ 180.35053435,  575.58717557],
         [ 139.31236641,  659.12916031],
         [ 247.77038168,  664.99175573],
         [ 175.95358779,  748.53374046],
         [ 193.54137405,  401.17496183],
         [ 153.96885496,  352.80854962],
         [ 142.24366412,  319.09862595],
         [ 171.55664122,  267.80091603],
         [ 124.65587786,  270.73221374],
         [ 142.24366412,  295.64824427],
         [ 197.93832061,  434.8848855 ],
         [ 246.30473282,  424.62534351],
         [ 284.41160305,  424.62534351],
         [ 299.0680916 ,  470.06045802],
         [ 343.03755725,  468.59480916],
         [ 378.21312977,  533.08335878],
         [ 372.35053435,  681.11389313],
         [ 331.31236641,  667.92305344],
         [ 398.73221374,  752.93068702],
         [ 441.23603053,  506.70167939],
         [ 269.7551145 ,  374.79328244],
         [ 241.90778626,  360.13679389],
         [ 262.42687023,  346.9459542 ],
         [ 290.27419847,  344.01465649],
         [ 266.82381679,  311.77038168],
         [ 222.85435115,  278.06045802],
         [ 154.82381679,  268.90015267],
         [ 120.3810687 ,  178.02992366],
         [ 157.02229008,  171.43450382],
         [ 188.53374046,  185.35816794],
         [ 198.06045802,  166.30473282],
         [ 211.98412214,  173.6329771 ],
         [ 236.16732824,  180.22839695],
         [ 252.28946565,  167.77038168],
         [ 257.41923664,  121.60244275],
         [ 269.87725191,  120.86961832],
         [ 271.34290076,  209.54137405],
         [ 262.54900763,  222.73221374],
         [ 237.6329771 ,  229.32763359],
         [ 220.77801527,  222.73221374],
         [ 243.49557252,  258.64061069],
         [ 288.1978626 ,  255.70931298],
         [ 334.36580153,  258.64061069],
         [ 257.41923664,  282.82381679],
         [ 306.51847328,  211.0070229 ],
         [ 299.19022901,  161.90778626],
         [ 273.54137405,  166.30473282],
         [ 264.74748092,  172.90015267],
         [ 327.77038168,  176.56427481],
         [ 307.98412214,  178.02992366],
         [ 349.02229008,  217.60244275],
         [ 373.20549618,  243.25129771],
         [ 374.67114504,  212.47267176],
         [ 372.47267176,  186.82381679],
         [ 362.21312977,  175.09862595],
         [ 336.56427481,  177.29709924],
         [ 343.15969466,  176.56427481],
         [ 349.7551145 ,  176.56427481],
         [ 337.29709924,  219.80091603],
         [ 367.34290076,  347.31236641],
         [ 371.73984733,  306.27419847],
         [ 392.2589313 ,  275.49557252],
         [ 414.97648855,  213.93832061],
         [ 409.11389313,  254.97648855],
         [ 425.96885496,  268.90015267],
         [ 410.57954198,  287.95358779],
         [ 436.96122137,  337.05282443],
         [ 463.34290076,  374.42687023],
         [ 403.25129771,  361.96885496],
         [ 406.91541985,  376.62534351],
         [ 458.21312977,  271.83145038],
         [ 202.45740458,  246.18259542],
         [ 396.10625954,  193.23603053],
         [ 427.61770992,  198.36580153],
         [ 429.08335878,  178.57954198],
         [ 404.16732824,  155.49557252],
         [ 401.60244275,  148.90015267],
         [ 386.57954198,  139.73984733],
         [ 379.25129771,  158.06045802],
         [ 363.12916031,  151.83145038],
         [ 349.93832061,  161.72458015],
         [ 338.57954198,  165.38870229],
         [ 317.6940458 ,  167.95358779],
         [ 338.21312977,  157.6940458 ],
         [ 333.81618321,  119.22076336],
         [ 344.07572519,  113.35816794],
         [ 351.40396947,  107.49557252],
         [ 363.12916031,  121.78564885],
         [ 368.2589313 ,  109.32763359],
         [ 384.3810687 ,  128.74748092],
         [ 380.71694656,  110.42687023],
         [ 449.60244275,  234.27419847],
         [ 453.99938931,  207.89251908],
         [ 464.99175573,  193.23603053],
         [ 453.99938931,  181.14442748],
         [ 442.64061069,  156.59480916],
         [ 428.35053435,  143.77038168],
         [ 415.89251908,  123.98412214],
         [ 408.93068702,  123.98412214],
         [ 399.03755725,  121.41923664],
         [ 348.47267176,  152.56427481],
         [ 181.7551145 ,  294.73221374],
         [  18.9459542 ,   69.7551145 ],
         [  28.10625954,   63.89251908],
         [  44.22839695,   62.06045802],
         [  48.2589313 ,   63.15969466],
         [ 107.98412214,   66.45740458],
         [ 110.91541985,   76.35053435],
         [ 115.31236641,   79.28183206],
         [ 122.27419847,   80.74748092],
         [ 138.02992366,   69.7551145 ],
         [ 154.51847328,   76.35053435],
         [ 368.86961832,   93.20549618],
         [ 375.09862595,   89.90778626],
         [ 384.62534351,   92.10625954],
         [ 380.96122137,   92.10625954],
         [ 409.17496183,   83.67877863],
         [ 397.81618321,   92.83908397],
         [ 426.76274809,   84.41160305],
         [ 419.0680916 ,  110.42687023],
         [ 428.59480916,  123.61770992],
         [ 434.82381679,  116.28946565],
         [ 440.32      ,  115.55664122],
         [ 432.2589313 ,  104.1978626 ],
         [ 430.06045802,  100.16732824],
         [ 439.95358779,   89.54137405],
         [ 444.71694656,   97.60244275],
         [ 450.21312977,   86.24366412],
         [ 450.9459542 ,   97.23603053],
         [ 446.54900763,   87.70931298],
         [ 476.96122137,   81.84671756],
         [ 445.44977099,   35.67877863],
         [ 450.9459542 ,   37.14442748],
         [ 455.34290076,  115.92305344],
         [ 448.3810687 ,  119.58717557],
         [ 450.57954198,  133.14442748],
         [ 454.61007634,  151.83145038],
         [ 453.14442748,  142.30473282],
         [ 455.34290076,  128.01465649],
         [ 465.23603053,  128.74748092],
         [ 468.90015267,  121.78564885],
         [ 470.36580153,  150.73221374],
         [ 481.35816794,  152.56427481],
         [ 483.19022901,  126.91541985],
         [ 481.35816794,  112.62534351],
         [ 481.35816794,  104.93068702],
         [ 475.12916031,   95.40396947],
         [ 470.36580153,   89.54137405],
         [ 459.37343511,  111.89251908],
         [ 500.41160305,  118.85435115],
         [ 491.98412214,  113.35816794],
         [ 494.18259542,  119.58717557],
         [ 492.35053435,  140.10625954],
         [ 496.01465649,  133.87725191],
         [ 508.10625954,  134.24366412],
         [ 502.24366412,  158.06045802],
         [ 493.44977099,  154.02992366],
         [ 495.28183206,  173.44977099],
         [ 478.42687023,  194.70167939],
         [ 515.0680916 ,  177.84671756],
         [ 518.36580153,  165.38870229],
         [ 511.77038168,  150.36580153],
         [ 472.56427481,  115.19022901],
         [ 462.30473282,   94.67114504],
         [ 473.66351145,  104.93068702],
         [ 486.85435115,   98.33526718],
         [ 493.81618321,   92.83908397],
         [ 494.91541985,   85.51083969],
         [ 511.40396947,   90.27419847],
         [ 531.92305344,   84.41160305],
         [ 508.47267176,   86.24366412],
         [ 403.31236641,  112.62534351],
         [ 513.51083969,  109.78564885],
         [ 490.97648855,  102.82381679],
         [ 512.77801527,   98.79328244],
         [ 507.28183206,  108.50320611],
         [ 525.05282443,  117.48030534],
         [ 530.73221374,  106.30473282],
         [ 527.0680916 ,   94.21312977],
         [ 535.67877863,  102.09099237],
         [ 539.34290076,  110.15206107],
         [ 529.99938931,  130.30473282],
         [ 518.09099237,  128.28946565],
         [ 515.34290076,  137.6329771 ],
         [ 525.78564885,  146.97648855],
         [ 532.74748092,  157.78564885],
         [ 543.37343511,  129.38870229],
         [ 544.65587786,  104.10625954],
         [ 471.73984733,  132.86961832],
         [ 558.67114504,   81.84671756],
         [ 564.16732824,   89.54137405],
         [ 581.02229008,   85.51083969],
         [ 570.76274809,  102.73221374],
         [ 564.16732824,  111.15969466],
         [ 558.67114504,  120.68641221],
         [ 597.14442748,   86.97648855],
         [ 589.44977099,  126.54900763],
         [ 577.35816794,  101.6329771 ],
         [ 571.86198473,   88.07572519],
         [ 575.52610687,   88.07572519],
         [ 593.84671756,   94.30473282],
         [ 542.09099237,   94.57954198],
         [ 540.62534351,  118.57954198],
         [ 531.64824427,  118.02992366],
         [ 574.15206107,  114.18259542],
         [ 593.7551145 ,  104.28946565],
         [ 583.31236641,   94.39633588],
         [ 568.83908397,  133.60244275],
         [ 599.43450382,  115.83145038],
         [ 601.6329771 ,  107.03755725],
         [ 584.41160305,  119.67877863],
         [ 584.59480916,  145.32763359],
         [ 576.16732824,  153.5719084 ],
         [ 545.38870229,  149.17496183],
         [ 557.66351145,  148.80854962],
         [ 609.32763359,  138.18259542],
         [ 604.1978626 ,  118.9459542 ],
         [ 625.99938931,  115.09862595],
         [ 620.13679389,  124.99175573],
         [ 597.60244275,  158.15206107],
         [ 588.07572519,  161.08335878],
         [ 600.16732824,  142.02992366],
         [ 588.07572519,  133.60244275],
         [ 617.7551145 ,   76.4421374 ],
         [ 582.21312977,  106.85435115],
         [ 621.41923664,  156.13679389],
         [ 615.0070229 ,  116.74748092],
         [ 491.0680916 ,  490.57954198],
         [ 513.05282443,  449.54137405],
         [ 492.53374046,  405.5719084 ],
         [ 498.39633588,  383.58717557],
         [ 502.79328244,  363.0680916 ],
         [ 545.29709924,  373.32763359],
         [ 529.17496183,  273.66351145],
         [ 515.98412214,  260.47267176],
         [ 477.87725191,  242.8848855 ],
         [ 505.72458015,  242.8848855 ],
         [ 498.39633588,  226.76274809],
         [ 473.48030534,  222.36580153],
         [ 521.84671756,  217.96885496],
         [ 507.19022901,  212.10625954],
         [ 492.53374046,  200.3810687 ],
         [ 539.43450382,  201.84671756],
         [ 546.76274809,  190.12152672],
         [ 577.54137405,  185.72458015],
         [ 574.61007634,  231.15969466],
         [ 574.61007634,  273.66351145],
         [ 592.1978626 ,  261.93832061],
         [ 609.78564885,  322.02992366],
         [ 603.92305344,  355.73984733],
         [ 598.06045802,  411.43450382],
         [ 574.61007634,  475.92305344],
         [ 580.47267176,  692.83908397],
         [ 540.90015267,  695.77038168],
         [ 659.61770992,  260.47267176],
         [ 625.90778626,  239.95358779],
         [ 611.25129771,  225.29709924],
         [ 608.32      ,  200.3810687 ],
         [ 590.73221374,  212.10625954],
         [ 600.99175573,  190.12152672],
         [ 633.23603053,  176.93068702],
         [ 639.09862595,  197.44977099],
         [ 640.56427481,  231.15969466],
         [ 653.7551145 ,  216.50320611],
         [ 649.35816794,  169.60244275],
         [ 703.58717557,  210.64061069],
         [ 706.51847328,  181.32763359],
         [ 719.70931298,  176.93068702],
         [ 738.76274809,  201.84671756],
         [ 722.64061069,  215.03755725],
         [ 681.60244275,  486.18259542],
         [ 705.05282443,  445.14442748],
         [ 671.34290076,  405.5719084 ],
         [ 636.16732824,  342.54900763],
         [ 659.61770992,  370.39633588],
         [ 688.93068702,  352.80854962],
         [ 665.48030534,  322.02992366],
         [ 680.13679389,  314.70167939],
         [ 693.32763359,  324.96122137],
         [ 753.41923664,  345.48030534],
         [ 763.67877863,  377.72458015],
         [ 754.8848855 ,  401.17496183],
         [ 806.18259542,  492.04519084],
         [ 883.86198473,  470.06045802],
         [ 908.77801527,  445.14442748],
         [ 867.73984733,  404.10625954],
         [ 854.54900763,  363.0680916 ],
         [ 829.6329771 ,  380.65587786],
         [ 892.65587786,  643.0070229 ],
         [ 935.15969466,  418.76274809],
         [ 710.91541985,  342.54900763],
         [ 732.90015267,  329.35816794],
         [ 744.62534351,  292.71694656],
         [ 732.90015267,  283.92305344],
         [ 707.98412214,  275.12916031],
         [ 680.13679389,  239.95358779],
         [ 672.80854962,  250.21312977],
         [ 606.85435115,  250.21312977],
         [ 685.99938931,  280.99175573],
         [ 709.44977099,  251.67877863],
         [ 762.21312977,  181.32763359],
         [ 729.96885496,  185.72458015],
         [ 839.89251908,  217.96885496],
         [ 820.83908397,  222.36580153],
         [ 804.71694656,  239.95358779],
         [ 769.54137405,  242.8848855 ],
         [ 747.55664122,  234.09099237],
         [ 727.03755725,  237.02229008],
         [ 703.58717557,  231.15969466],
         [ 807.64824427,  190.12152672],
         [ 801.78564885,  206.24366412],
         [ 820.83908397,  194.51847328],
         [ 838.42687023,  278.06045802],
         [ 801.78564885,  278.06045802],
         [ 795.92305344,  295.64824427],
         [ 803.25129771,  314.70167939],
         [ 756.35053435,  322.02992366],
         [ 905.84671756,  380.65587786],
         [ 905.84671756,  336.68641221],
         [ 879.46503817,  332.28946565],
         [ 844.28946565,  319.09862595],
         [ 891.19022901,  301.51083969],
         [ 895.58717557,  263.40396947],
         [ 880.93068702,  239.95358779],
         [ 895.58717557,  207.70931298],
         [ 913.17496183,  216.50320611],
         [ 938.09099237,  216.50320611],
         [ 941.02229008,  247.28183206],
         [ 926.36580153,  282.45740458],
         [ 955.67877863,  261.93832061],
         [ 999.64824427,  329.35816794],
         [1017.23603053,  304.4421374 ],
         [ 980.59480916,  385.05282443],
         [ 951.28183206,  376.2589313 ],
         [1015.77038168,  377.72458015],
         [ 990.85435115,  465.66351145],
         [ 679.03755725,  172.90015267],
         [ 670.97648855,  190.48793893],
         [ 656.32      ,  190.48793893],
         [ 608.68641221,  169.96885496],
         [ 611.61770992,  158.24366412],
         [ 560.32      ,  191.95358779],
         [ 560.32      ,  214.67114504],
         [ 547.12916031,  216.13679389],
         [ 673.17496183,  211.0070229 ],
         [ 667.31236641,  217.60244275],
         [ 783.09862595,  181.6940458 ],
         [ 747.92305344,  185.35816794],
         [ 783.09862595,  249.11389313],
         [ 747.19022901,  263.77038168],
         [ 816.80854962,  274.02992366],
         [ 859.31236641,  246.91541985],
         [ 800.68641221,  364.90015267],
         [ 819.73984733,  207.34290076],
         [ 788.22839695,  194.15206107],
         [ 642.39633588,  261.5719084 ],
         [ 795.55664122,  258.64061069],
         [ 651.19022901,  161.90778626],
         [ 622.61007634,  179.49557252],
         [ 470.91541985,  449.90778626],
         [ 554.64061069,  100.90015267],
         [ 556.10625954,  111.89251908],
         [ 649.54137405,  111.15969466],
         [ 668.22839695,  109.6940458 ],
         [ 661.6329771 ,  111.89251908],
         [ 706.33526718,  195.43450382],
         [ 695.70931298,  180.41160305],
         [ 737.84671756,  189.5719084 ],
         [ 761.29709924,   48.13679389],
         [ 272.43188811,  197.1152048 ],
         [ 134.84147852,  243.14917083]]), array([[388]], dtype=uint16))]]
