[[(array([[116.59415584, 379.56331169],
         [177.8961039 , 359.38798701],
         [212.03896104, 411.37824675],
         [323.77922078, 371.80357143],
         [407.58441558, 372.57954545],
         [455.69480519, 355.50811688],
         [511.56493506, 345.42045455],
         [562.00324675, 366.37175325],
         [521.6525974 , 435.43344156],
         [258.5974026 , 370.25162338],
         [247.73376623, 427.6737013 ],
         [ 48.30844156, 393.53084416],
         [ 81.67532468, 370.25162338],
         [ 18.04545455, 377.23538961],
         [ 57.62012987, 345.42045455],
         [243.07792208, 333.00487013],
         [268.68506494, 341.54058442],
         [283.42857143, 325.24512987],
         [253.94155844, 303.51785714],
         [350.93831169, 322.14123377],
         [323.00324675, 336.88474026],
         [361.02597403, 360.93993506],
         [399.82467532, 338.43668831],
         [397.49675325, 314.38149351],
         [469.66233766, 298.08603896],
         [455.69480519, 322.14123377],
         [431.63961039, 327.57305195],
         [487.50974026, 327.57305195],
         [ 42.10064935, 330.67694805],
         [ 15.48051948, 340.9586039 ],
         [ 51.56331169, 300.60795455],
         [ 63.9788961 , 302.54788961],
         [ 88.81006494, 323.88717532],
         [100.44967532, 346.39042208],
         [105.10551948, 313.02353896],
         [ 92.30194805, 302.1599026 ],
         [141.96428571, 317.2913961 ],
         [155.54383117, 344.45048701],
         [176.88311688, 317.67938312],
         [209.86201299, 323.1112013 ],
         [279.69967532, 297.11607143],
         [189.68668831, 307.59172078],
         [196.28246753, 276.16477273],
         [191.62662338, 321.17126623],
         [155.15584416, 300.60795455],
         [ 30.22402597, 282.76055195],
         [ 10.0487013 , 293.2362013 ],
         [ 47.29545455, 276.94074675],
         [ 79.88636364, 280.43262987],
         [ 71.35064935, 265.30113636],
         [ 57.38311688, 259.86931818],
         [ 23.24025974, 245.12581169],
         [ 22.85227273, 228.83035714],
         [ 95.79383117, 267.24107143],
         [116.74512987, 269.18100649],
         [145.45616883, 262.58522727],
         [126.44480519, 260.64529221],
         [107.04545455, 254.82548701],
         [ 95.79383117, 247.45373377],
         [ 72.51461039, 246.28977273],
         [ 53.89123377, 234.65016234],
         [214.90584416, 286.25243506],
         [236.63311688, 283.53652597],
         [253.70454545, 276.55275974],
         [270.        , 270.73295455],
         [295.99512987, 269.18100649],
         [175.71915584, 267.24107143],
         [163.30357143, 275.3887987 ],
         [129.5487013 , 281.98457792],
         [189.2987013 , 254.82548701],
         [173.39123377, 248.22970779],
         [152.82792208, 248.22970779],
         [133.04058442, 240.08198052],
         [268.83603896, 244.73782468],
         [240.125     , 246.67775974],
         [224.21753247, 254.4375    ],
         [207.53409091, 262.58522727],
         [230.03733766, 268.01704545],
         [246.72077922, 238.14204545],
         [206.75811688, 243.96185065],
         [314.46753247, 284.3125    ],
         [295.06818182, 295.95211039],
         [369.56168831, 317.2913961 ],
         [420.38798701, 304.87581169],
         [385.46915584, 299.44399351],
         [333.86688312, 298.28003247],
         [350.93831169, 279.26866883],
         [367.62175325, 275.00081169],
         [383.14123377, 275.00081169],
         [412.24025974, 273.44886364],
         [423.87987013, 276.16477273],
         [436.29545455, 278.10470779],
         [436.29545455, 278.10470779],
         [457.24675325, 277.32873377],
         [488.6737013 , 287.4163961 ],
         [504.96915584, 298.66801948],
         [338.13474026, 272.2849026 ],
         [312.91558442, 266.85308442],
         [369.94967532, 256.76542208],
         [387.79707792, 252.88555195],
         [399.43668831, 245.12581169],
         [373.82954545, 245.5137987 ],
         [478.97402597, 230.38230519],
         [499.92532468, 226.50243506],
         [499.53733766, 237.36607143],
         [358.31006494, 231.54626623],
         [336.58279221, 238.14204545],
         [319.51136364, 236.5900974 ],
         [420.38798701, 253.27353896],
         [478.19805195, 247.45373377],
         [455.69480519, 255.98944805],
         [504.58116883, 212.14691558],
         [457.63474026, 232.32224026],
         [448.71103896, 231.93425325],
         [428.14772727, 229.99431818],
         [411.46428571, 228.83035714],
         [264.80519481, 214.86282468],
         [239.19805195, 217.57873377],
         [223.67857143, 232.71022727],
         [223.67857143, 232.71022727],
         [274.89285714, 221.84659091],
         [329.21103896, 225.72646104],
         [329.21103896, 224.5625    ],
         [291.5762987 , 237.75405844],
         [397.49675325, 224.95048701],
         [375.76948052, 234.65016234],
         [416.50811688, 200.11931818],
         [367.62175325, 208.26704545],
         [364.12987013, 215.6387987 ],
         [343.17857143, 217.96672078],
         [337.74675325, 207.87905844],
         [317.18344156, 219.51866883],
         [326.88311688, 209.43100649],
         [447.54707792, 209.43100649],
         [432.80357143, 216.80275974],
         [483.62987013, 205.16314935],
         [464.61850649, 204.38717532],
         [506.90909091, 201.28327922],
         [444.05519481, 190.41964286],
         [431.63961039, 197.7913961 ],
         [383.14123377, 215.6387987 ],
         [383.14123377, 215.6387987 ],
         [280.71266234, 204.38717532],
         [239.97402597, 200.50730519],
         [352.68425325, 190.51663961],
         [516.84577922, 281.98457792],
         [547.88474026, 284.3125    ],
         [578.14772727, 290.52029221],
         [569.22402597, 308.75568182],
         [558.74837662, 319.61931818],
         [525.38149351, 316.90340909],
         [514.51785714, 325.82711039],
         [538.57305195, 351.43425325],
         [592.11525974, 336.69074675],
         [573.1038961 , 270.73295455],
         [593.27922078, 269.18100649],
         [581.25162338, 254.4375    ],
         [578.14772727, 237.75405844],
         [559.91233766, 254.4375    ],
         [550.60064935, 257.5413961 ],
         [517.23376623, 256.76542208],
         [502.10227273, 273.44886364],
         [521.88961039, 221.84659091],
         [551.76461039, 215.25081169],
         [578.53571429, 213.31087662],
         [592.11525974, 217.19074675],
         [541.28896104, 211.75892857],
         [537.0211039 , 202.44724026],
         [552.54058442, 198.17938312],
         [566.8961039 , 217.57873377],
         [536.24512987, 233.4862013 ],
         [161.29383117, 228.24837662],
         [454.61444805, 193.13555195],
         [478.28165584, 194.29951299],
         [472.46185065, 184.98782468],
         [485.65340909, 181.49594156],
         [502.72483766, 176.45211039],
         [536.09172078, 171.02029221],
         [480.22159091, 176.45211039],
         [456.1663961 , 176.45211039],
         [348.69399351, 210.59496753],
         [560.5349026 , 203.6112013 ],
         [347.14204545, 180.71996753],
         [366.5413961 , 195.85146104],
         [415.03977273, 193.52353896],
         [317.65503247, 203.22321429],
         [524.45211039, 191.5836039 ],
         [535.70373377, 187.31574675],
         [577.21834416, 184.21185065],
         [572.17451299, 203.22321429],
         [582.26217532, 203.6112013 ],
         [584.20211039, 194.29951299],
         [569.4586039 , 193.52353896],
         [327.74269481, 190.80762987],
         [404.56412338, 203.22321429],
         [403.01217532, 216.80275974],
         [395.64042208, 181.49594156],
         [384.00081169, 176.8400974 ],
         [508.93262987, 187.31574675],
         [603.98944805, 300.21996753],
         [382.01848152, 345.89360639],
         [531.71878122, 248.94055944],
         [514.33616384, 200.08941059],
         [533.51698302, 217.17232767],
         [535.01548452, 209.08041958],
         [545.20529471, 186.3031968 ],
         [548.501998  , 177.61188811],
         [358.49200799, 292.9965035 ],
         [ 11.13936064, 216.87262737],
         [  7.54295704, 258.23126873],
         [122.02847153, 244.14535465],
         [112.73776224, 243.54595405],
         [104.94555445, 219.86963037],
         [136.11438561, 227.36213786],
         [130.12037962, 212.37712288],
         [103.74675325, 208.18131868],
         [114.83566434, 211.77772228],
         [146.3041958 , 219.56993007],
         [159.19130869, 210.27922078],
         [146.6038961 , 205.18431568],
         [151.0994006 , 194.69480519],
         [135.81468531, 199.78971029],
         [173.57692308, 223.76573427],
         [196.05444555, 227.36213786],
         [196.35414585, 212.67682318],
         [212.83766234, 217.77172827],
         [225.72477522, 218.07142857],
         [221.52897103, 210.57892108],
         [225.72477522, 202.48701299],
         [251.7987013 , 219.56993007],
         [264.68581419, 223.76573427],
         [278.77172827, 237.25224775],
         [280.56993007, 257.93156843],
         [373.02747253, 228.26123876],
         [381.41908092, 223.76573427],
         [386.51398601, 234.25524476],
         [346.35414585, 236.95254745],
         [323.87662338, 240.54895105],
         [296.0044955 , 218.97052947],
         [288.81168831, 211.77772228],
         [293.90659341, 202.78671329],
         [303.1973027 , 206.98251748],
         [263.93656344, 202.18731269],
         [267.53296703, 207.88161838],
         [ 81.86863137, 236.35314685],
         [ 76.17432567, 231.25824176],
         [ 64.18631369, 225.26423576],
         [ 53.0974026 , 214.77472527],
         [ 36.01448551, 221.36813187],
         [ 35.41508492, 243.24625375],
         [ 84.26623377, 211.77772228],
         [ 89.66083916, 219.86963037],
         [118.73176823, 224.06543457],
         [ 54.2962038 , 202.18731269],
         [ 55.495005  , 192.5969031 ],
         [ 68.98151848, 199.78971029],
         [ 87.56293706, 197.69180819],
         [ 82.76773227, 193.496004  ],
         [ 42.30819181, 177.91158841],
         [ 26.12437562, 180.30919081],
         [ 10.83966034, 185.4040959 ],
         [-61.08841159, 257.63186813],
         [180.32017982, 203.98551449],
         [148.85164835, 277.71178821],
         [114.38611389, 291.7977023 ],
         [268.13236763, 446.59290709],
         [473.72677323, 402.23726274],
         [193.20729271, 351.88761239],
         [431.76873127, 250.13936064],
         [462.63786214, 240.84865135],
         [494.10639361, 253.43606394],
         [474.32617383, 264.22527473],
         [355.34515485, 252.23726274],
         [378.72177822, 187.35214785],
         [377.22327672, 196.34315684],
         [391.90859141, 204.73476523],
         [487.51298701, 212.67682318],
         [478.82167832, 213.27622378],
         [491.10939061, 223.76573427],
         [515.68481518, 230.35914086],
         [506.69380619, 237.25224775],
         [ 92.35814186, 185.1043956 ],
         [ 66.58391608, 186.6028971 ],
         [ 54.2962038 , 176.11338661],
         [241.15934066, 256.58291708],
         [262.73776224, 252.38711289],
         [265.73476523, 185.4040959 ]]), array([[287]], dtype=uint16))]]
