[[(array([[ 53.53084416,  33.06087662],
         [ 27.84902597, 107.35470779],
         [124.15584416, 188.9862013 ],
         [123.23863636,  12.88230519],
         [140.66558442,   3.71022727],
         [285.58441558,   2.79301948],
         [250.73051948,   6.46185065],
         [279.16396104,  22.05438312],
         [258.06818182,  44.06737013],
         [243.39285714,  76.16964286],
         [225.0487013 ,  95.43100649],
         [185.60876623, 188.9862013 ],
         [193.6572012 , 212.44062007],
         [243.12269601, 122.6417218 ],
         [391.51918044,  13.05662561],
         [357.27383788,  45.77995294],
         [292.58819082, 118.07567613],
         [304.00330501, 146.9939654 ],
         [366.40592923, 128.7297827 ],
         [362.60089117, 172.86822422],
         [353.46879982, 253.53503114],
         [257.58184065, 239.83689412],
         [247.68874169, 200.26449827],
         [383.14809671, 392.79942422],
         [138.10364549, 458.24607889],
         [416.63243165, 381.38431004],
         [421.95948494, 257.34006921],
         [406.73933269, 200.26449827],
         [439.46266003, 184.28333841],
         [524.69551262, 197.22046782],
         [580.24906833, 191.89341453],
         [616.77743373, 233.74883322],
         [627.43154031, 299.19548789],
         [479.79606349, 429.32778962],
         [640.36866972, 452.91902561],
         [699.72726349, 443.02592665],
         [685.26811885, 287.7803737 ],
         [699.72726349, 256.57906159],
         [682.2240884 , 197.98147543],
         [626.67053269, 158.40907959],
         [588.62015207, 137.10086644],
         [592.42519013,  64.04413564],
         [656.34982958,  83.06932595],
         [653.30579913, 101.33350865],
         [501.86528425, 107.42156955],
         [523.93450501,  82.30831834],
         [458.48785034,  84.59134118],
         [434.13560674,  57.95607474],
         [449.35575899,   6.20755709],
         [524.69551262,   4.68554187],
         [451.63878183, 121.11970657],
         [195.17921643, 114.27063806],
         [730.33466533, 215.996004  ],
         [793.0979021 , 237.1998002 ],
         [801.57942058, 292.32967033],
         [776.98301698, 440.75624376],
         [744.75324675, 462.80819181],
         [564.0969031 , 523.02697303],
         [504.72627373, 502.67132867],
         [676.9010989 , 508.60839161],
         [740.51248751, 543.38261738],
         [787.16083916, 539.99000999],
         [808.36463536, 534.05294705],
         [831.26473526, 476.37862138],
         [839.74625375, 129.48451548],
         [791.4015984 ,  53.15084915]]), array([[66]], dtype=uint8))]]
