[[(array([[ 22.02078337, 282.74340528],
         [121.64508393, 315.14548361],
         [181.1294964 , 295.31734612],
         [237.71223022, 279.35811351],
         [290.90967226, 289.99760192],
         [332.50039968, 315.62909672],
         [436.47721823, 287.57953637],
         [513.85531575, 321.91606715],
         [515.78976819, 237.28377298],
         [450.01838529, 210.20143885],
         [470.813749  , 205.36530775],
         [495.9616307 , 169.57793765],
         [535.61790568, 178.28297362],
         [395.85371703, 236.80015987],
         [410.36211031, 185.53717026],
         [353.7793765 , 188.92246203],
         [353.7793765 , 240.66906475],
         [289.45883293, 205.36530775],
         [316.05755396, 184.56994404],
         [214.98241407, 249.85771383],
         [238.19584333, 192.3077538 ],
         [201.441247  , 171.02877698],
         [186.44924061, 230.51318945],
         [135.66986411, 235.34932054],
         [ 80.05435651, 234.86570743],
         [ 50.07034373, 245.02158273],
         [ 31.20943245, 160.38928857],
         [ 78.60351719, 123.15107914],
         [107.62030376, 198.11111111],
         [153.56354916, 176.83213429],
         [140.02238209, 102.83932854],
         [230.94164668, 137.17585931],
         [278.81934452, 142.01199041],
         [340.72182254, 115.89688249],
         [382.79616307, 139.11031175],
         [386.18145484, 108.15907274],
         [439.37889688, 133.79056755],
         [439.37889688,  96.55235811],
         [507.56834532,  80.5931255 ],
         [523.04396483,  53.02717826],
         [462.10871303,  64.15027978],
         [351.36131095,  85.42925659],
         [321.37729816,  41.90407674],
         [277.85211831,  81.07673861],
         [241.58113509,  77.69144684],
         [199.99040767,  84.94564349],
         [202.89208633,  60.2813749 ],
         [168.55555556,  63.66666667],
         [187.41646683,  39.00239808],
         [117.29256595,  82.04396483],
         [130.83373301,  64.63389289],
         [142.92406075,  35.13349321],
         [116.80895284,  41.90407674],
         [103.26778577,  53.02717826],
         [ 94.07913669,  93.65067946],
         [ 50.07034373,  95.10151878],
         [ 60.22621902,  80.10951239],
         [ 34.11111111,  86.88009592],
         [  8.47961631,  77.69144684],
         [  7.51239009,  55.4452438 ],
         [ 32.66027178,  62.69944045],
         [ 12.73901099,   7.55494505],
         [ 36.31043956,  14.2032967 ],
         [ 69.8543956 ,  25.98901099],
         [ 64.41483516,   3.02197802],
         [113.97527473,   2.41758242],
         [165.6510989 ,   1.51098901],
         [184.38736264,  13.9010989 ],
         [209.16758242,  22.36263736],
         [221.85989011,   3.32417582],
         [246.64010989,   3.62637363],
         [275.6510989 ,   6.64835165],
         [260.84340659,  23.87362637],
         [238.48076923,  28.70879121],
         [347.72527473,  20.04945055],
         [387.01098901,  18.23626374],
         [417.23076923,   7.35714286],
         [308.43956044,  29.11538462],
         [  1.40659341, 198.95054945],
         [494.59340659,   1.31318681],
         [564.0989011 ,  32.74175824],
         [559.86813187,  63.56593407],
         [557.45054945, 113.12637363],
         [600.96703297, 139.11538462],
         [570.74725275, 173.56593407],
         [602.17582418, 180.81868132],
         [578.6043956 , 259.39010989],
         [103.39835165,  78.26923077],
         [281.24175824,  52.68681319]]), array([[89]], dtype=uint8))]]
