[[(array([[315.72592593, 272.22962963],
         [284.74074074, 265.61481481],
         [266.63703704, 252.73333333],
         [241.91851852, 275.01481481],
         [344.27407407, 212.6962963 ],
         [291.35555556, 193.54814815],
         [277.77777778, 207.47407407],
         [356.45925926, 170.57037037],
         [344.27407407, 167.43703704],
         [ 66.45185185, 266.65925926],
         [ 52.52592593, 261.43703704],
         [ 97.78518519, 261.08888889],
         [121.80740741, 275.01481481],
         [119.71851852, 257.60740741],
         [155.22962963, 219.31111111],
         [138.51851852, 228.36296296],
         [122.85185185, 230.45185185],
         [ 78.98518519, 234.97777778],
         [ 28.85185185, 264.57037037],
         [ 74.80740741, 220.00740741],
         [131.9037037 , 197.72592593],
         [112.75555556, 196.68148148],
         [ 85.6       , 193.54814815],
         [ 96.04444444, 212.6962963 ],
         [ 60.53333333, 192.5037037 ],
         [ 51.82962963, 197.72592593],
         [ 43.82222222, 192.15555556],
         [ 19.45185185, 194.59259259],
         [ 15.27407407, 214.43703704],
         [ 29.54814815, 223.48888889],
         [ 34.77037037, 217.57037037],
         [ 44.17037037, 217.91851852],
         [ 53.91851852, 220.35555556],
         [ 22.58518519, 245.07407407],
         [ 82.46666667, 175.44444444],
         [102.65925926, 170.91851852],
         [117.62962963, 170.57037037],
         [131.20740741, 170.22222222],
         [142.6962963 , 170.57037037],
         [154.18518519, 169.52592593],
         [166.71851852, 166.04444444],
         [171.24444444, 174.4       ],
         [189.        , 204.34074074],
         [182.03703704, 186.58518519],
         [191.78518519, 261.43703704],
         [179.25185185, 238.45925926],
         [194.91851852, 237.76296296],
         [214.76296296, 233.23703704],
         [223.11851852, 199.81481481],
         [259.32592593, 191.45925926],
         [262.80740741, 175.44444444],
         [255.4962963 , 167.43703704],
         [278.12592593, 170.91851852],
         [295.18518519, 164.3037037 ],
         [312.59259259, 139.58518519],
         [324.08148148, 161.51851852],
         [347.75555556, 142.37037037],
         [348.1037037 , 114.86666667],
         [338.35555556, 100.59259259],
         [315.02962963, 101.63703704],
         [328.25925926,  96.76296296],
         [321.64444444,  87.01481481],
         [343.22962963,  81.0962963 ],
         [355.76296296,  78.65925926],
         [343.22962963,  64.03703704],
         [355.06666667,  61.25185185],
         [350.88888889,  56.02962963],
         [333.13333333,  53.59259259],
         [330.6962963 ,  67.51851852],
         [308.41481481,  71.6962963 ],
         [308.76296296,  60.55555556],
         [287.87407407,  57.77037037],
         [280.56296296,  59.51111111],
         [279.86666667,  70.3037037 ],
         [263.5037037 ,  71.34814815],
         [283.        ,  85.27407407],
         [285.43703704,  99.54814815],
         [298.66666667,  91.19259259],
         [286.82962963, 119.74074074],
         [274.2962963 , 120.78518519],
         [266.63703704, 107.20740741],
         [260.37037037,  89.1037037 ],
         [254.1037037 ,  92.93333333],
         [243.65925926,  90.84444444],
         [235.3037037 ,  77.26666667],
         [247.48888889,  53.94074074],
         [242.26666667,  53.59259259],
         [222.42222222,  56.02962963],
         [204.66666667,  55.68148148],
         [188.65185185,  64.73333333],
         [200.83703704,  72.39259259],
         [191.78518519,  76.22222222],
         [176.81481481,  70.65185185],
         [173.33333333,  57.77037037],
         [158.01481481,  61.6       ],
         [149.31111111,  57.77037037],
         [128.07407407,  61.6       ],
         [122.85185185,  53.94074074],
         [104.05185185,  52.54814815],
         [117.97777778,  62.99259259],
         [107.53333333,  65.77777778],
         [ 91.17037037,  64.38518519],
         [ 76.2       ,  65.42962963],
         [ 70.62962963,  52.54814815],
         [ 56.00740741,  55.68148148],
         [ 43.12592593,  57.07407407],
         [ 29.8962963 ,  60.55555556],
         [  4.48148148,  60.20740741],
         [  7.61481481,  70.65185185],
         [ 19.1037037 ,  72.39259259],
         [ 48.        ,  79.7037037 ],
         [ 64.01481481,  78.65925926],
         [ 93.60740741,  75.17777778],
         [108.22962963,  79.00740741],
         [121.80740741,  84.92592593],
         [131.20740741,  80.4       ],
         [117.62962963,  72.39259259],
         [145.48148148,  72.74074074],
         [170.8962963 ,  85.97037037],
         [181.34074074,  87.01481481],
         [147.22222222, 100.94074074],
         [135.73333333, 101.98518519],
         [120.41481481, 100.94074074],
         [109.97037037, 101.28888889],
         [125.98518519, 110.68888889],
         [109.62222222, 120.43703704],
         [ 93.25925926, 119.04444444],
         [ 89.42962963, 134.36296296],
         [ 76.54814815, 118.34814815],
         [ 73.41481481, 130.53333333],
         [ 58.44444444, 116.25925926],
         [ 46.25925926, 120.08888889],
         [ 32.68148148, 119.74074074],
         [ 19.8       , 116.95555556],
         [ 12.83703704, 124.26666667],
         [  5.52592593, 133.66666667],
         [ 20.84444444, 132.62222222],
         [ 41.38518519, 147.24444444],
         [ 29.54814815, 150.37777778],
         [ 62.27407407, 141.32592593],
         [ 50.78518519, 139.93333333],
         [ 69.58518519, 169.52592593],
         [ 32.33333333, 136.45185185],
         [ 37.20740741, 109.99259259],
         [ 22.23703704,  99.54814815],
         [ 23.97777778,  89.45185185],
         [ 40.34074074,  89.1037037 ],
         [ 52.17777778, 104.77037037],
         [ 66.45185185, 104.42222222],
         [ 62.27407407,  91.88888889],
         [ 72.02222222,  90.4962963 ],
         [ 77.24444444, 103.72592593],
         [ 89.77777778,  92.23703704],
         [106.83703704,  86.66666667],
         [ 95.6962963 , 100.24444444],
         [128.42222222, 148.28888889],
         [154.18518519, 147.94074074],
         [137.82222222, 129.48888889],
         [163.93333333, 131.57777778],
         [173.68148148, 127.74814815],
         [170.2       , 112.42962963],
         [193.87407407, 111.03703704],
         [202.57777778,  96.41481481],
         [212.67407407, 104.77037037],
         [214.06666667, 124.26666667],
         [196.65925926, 127.4       ],
         [225.55555556, 132.27407407],
         [195.96296296, 141.67407407],
         [226.94814815, 147.94074074],
         [217.54814815, 147.94074074],
         [236.        , 122.17777778],
         [253.05925926, 123.91851852],
         [260.02222222, 111.73333333],
         [232.17037037, 113.47407407],
         [219.98518519,  96.41481481],
         [148.26666667, 131.92592593],
         [ 51.13333333, 159.42962963],
         [ 39.64444444, 164.3037037 ],
         [ 32.33333333, 159.77777778],
         [ 14.22962963, 148.63703704],
         [ 11.79259259,  91.54074074],
         [137.47407407,  51.5037037 ],
         [242.26666667, 171.96296296],
         [249.22962963, 254.47407407],
         [127.02962963, 249.25185185],
         [145.82962963,  85.62222222],
         [369.4025974 , 112.12337662],
         [367.51948052,  75.96753247],
         [367.14285714,  57.51298701],
         [355.46753247,  40.94155844],
         [335.12987013,  36.42207792],
         [307.25974026,  45.83766234],
         [268.46753247,  39.05844156],
         [373.16883117, 207.03246753],
         [361.87012987, 191.21428571],
         [372.03896104, 174.26623377],
         [ 32.79545455,  46.14285714],
         [ 38.82142857,  40.30519481],
         [112.63961039,  43.31818182],
         [  6.28315203,  48.53804714],
         [ 12.59278684,  21.1962963 ],
         [  5.02122507,  29.18850039],
         [ 27.31526807,  38.44263144],
         [ 30.68040663,  27.92657343],
         [ 42.87903393,  32.13299663],
         [ 46.24417249,  20.35501166],
         [ 36.56939912,  24.56143486],
         [ 72.74463869,  20.35501166],
         [ 84.52262367,  25.4027195 ],
         [ 87.88776224,  17.41051541],
         [ 91.67354312,  22.87886558],
         [ 93.35611241,  16.98987309],
         [136.26162911,  15.72794613],
         [125.7455711 ,  14.88666149],
         [256.98597514,  39.7045584 ],
         [245.62863248,  39.28391608],
         [229.64422429,  40.54584305],
         [235.9538591 ,  34.65685056],
         [182.11164206,  46.85547786],
         [193.0483424 ,  35.4981352 ],
         [181.27035742,  38.44263144],
         [170.7542994 ,  35.4981352 ],
         [155.19053354,  38.44263144],
         [169.07173012,  49.37933178],
         [171.59558405,  16.98987309],
         [183.37356902,  16.98987309],
         [203.14375809,  26.66464646],
         [213.65981611,  23.72015022],
         [230.06486661,  22.45822326],
         [241.84285159,  21.1962963 ],
         [256.14469049,  19.93436933],
         [275.49423724,  26.24400414],
         [306.20112665,  24.98207718],
         [305.35984201,  17.83115773],
         [313.3520461 ,  12.36280756],
         [344.05893551,  24.98207718],
         [357.51948977,  27.08528879],
         [370.13875939,  20.35501166],
         [325.13003108,  51.9031857 ],
         [150.56346801,  26.66464646],
         [162.76209531,  34.23620824],
         [ 74.8478503 ,  38.02198912],
         [ 65.59371924,  41.80777001],
         [ 54.65701891,  44.33162393],
         [294.42314167,  10.68023828],
         [258.66854442,  10.68023828],
         [245.62863248,  13.62473452],
         [188.42127687,  24.98207718],
         [ 19.32306397,  38.02198912],
         [ 14.69599845,  32.97428127],
         [ 59.28408443,  14.04537685],
         [ 31.52169127,  13.2040922 ],
         [ 58.86344211,  29.18850039],
         [ 61.80793836,  28.76785807],
         [  2.91801347, 241.61287231],
         [ 11.98701299,   4.78571429],
         [ 19.8961039 ,   3.65584416],
         [ 30.44155844,   5.53896104],
         [ 41.36363636,  11.94155844],
         [ 40.23376623,   6.29220779],
         [ 50.77922078,   4.03246753],
         [ 61.7012987 ,   7.04545455],
         [ 71.49350649,   4.78571429],
         [ 71.49350649,   8.17532468],
         [ 79.4025974 ,  10.05844156],
         [ 99.36363636,   7.04545455],
         [ 86.93506494,   8.92857143],
         [112.16883117,  11.56493506],
         [109.15584416,  16.08441558],
         [108.02597403,  27.00649351],
         [118.19480519,  21.73376623],
         [133.63636364,  40.56493506],
         [114.05194805,  28.51298701],
         [136.64935065,   3.27922078],
         [124.97402597,   4.40909091],
         [142.67532468,   7.42207792],
         [194.27272727,   6.29220779],
         [203.68831169,   7.7987013 ],
         [219.50649351,   4.03246753],
         [230.05194805,  11.94155844],
         [236.45454545,   6.66883117],
         [247.        ,   8.17532468],
         [255.66233766,   3.65584416],
         [269.5974026 ,   4.78571429],
         [271.48051948,  17.96753247],
         [264.32467532,  21.73376623],
         [276.        ,   9.30519481],
         [280.51948052,   8.17532468],
         [288.42857143,  11.94155844],
         [291.81818182,  25.87662338],
         [301.98701299,  30.77272727],
         [283.90909091,  33.78571429],
         [298.5974026 ,   4.40909091],
         [282.77922078,   2.9025974 ],
         [312.90909091,   2.9025974 ],
         [340.02597403,   5.53896104],
         [103.88311688, 151.48051948]]), array([[297]], dtype=uint16))]]
