[[(array([[  4.72077922,  13.40584416],
         [ 47.57792208,   5.61363636],
         [ 44.16883117,  21.19805195],
         [ 31.50649351,  20.22402597],
         [ 22.25324675,  43.11363636],
         [ 36.86363636,  68.43831169],
         [ 21.76623377,  87.43181818],
         [  5.69480519,  82.07467532],
         [ 42.22077922, 111.29545455],
         [ 46.6038961 , 102.04220779],
         [ 33.94155844, 114.21753247],
         [ 28.0974026 , 136.13311688],
         [ 46.11688312, 154.63961039],
         [ 12.02597403, 163.40584416],
         [ 21.76623377, 182.88636364],
         [ 27.61038961, 206.26298701],
         [ 35.88961039, 213.56818182],
         [ 55.85714286, 181.91233766],
         [ 58.77922078, 166.81493506],
         [ 69.98051948, 140.51623377],
         [ 82.64285714,  99.60714286],
         [ 87.51298701,  69.89935065],
         [ 63.16233766,  52.8538961 ],
         [ 72.9025974 ,  33.86038961],
         [ 61.7012987 ,  40.67857143],
         [ 96.76623377,  22.17207792],
         [ 87.51298701,   6.58766234],
         [ 83.61688312,  27.52922078],
         [105.04545455,  38.24350649],
         [125.5       ,  30.93831169],
         [120.62987013,   3.17857143],
         [141.57142857,  15.3538961 ],
         [156.66883117,   5.61363636],
         [163.97402597,  23.63311688],
         [183.94155844,  13.40584416],
         [206.83116883,  15.84090909],
         [201.96103896,  28.99025974],
         [219.00649351,   1.71753247],
         [245.79220779,   8.53571429],
         [259.42857143,   9.02272727],
         [268.68181818,   7.56168831],
         [ 50.5       ,  69.89935065],
         [127.44805195,  46.03571429],
         [107.96753247,  65.51623377],
         [115.27272727,  73.30844156],
         [132.31818182,  59.67207792],
         [144.49350649,  37.26948052],
         [100.17532468, 128.82792208],
         [ 78.25974026, 169.25      ],
         [ 83.61688312, 182.88636364],
         [ 63.64935065, 198.47077922],
         [  5.69480519, 204.31493506],
         [ 16.8961039 , 220.38636364],
         [ 58.29220779, 234.99675325],
         [ 78.25974026, 231.58766234],
         [ 99.2012987 , 213.08116883],
         [106.50649351, 204.31493506],
         [ 94.33116883, 252.04220779],
         [122.57792208, 271.03571429],
         [153.74675325, 280.28896104],
         [183.94155844, 292.46428571],
         [183.45454545, 246.19805195],
         [162.02597403, 249.12012987],
         [137.18831169, 228.17857143],
         [119.16883117, 227.20454545],
         [121.6038961 , 210.15909091],
         [159.59090909, 211.13311688],
         [205.85714286, 205.28896104],
         [170.79220779, 191.6525974 ],
         [165.92207792, 177.52922078],
         [186.37662338, 166.81493506],
         [177.61038961, 147.33441558],
         [159.59090909, 136.62012987],
         [151.7987013 , 122.98376623],
         [165.43506494, 114.70454545],
         [170.30519481, 101.55519481],
         [150.33766234,  86.94480519],
         [167.38311688,  70.87337662],
         [166.40909091,  60.6461039 ],
         [167.87012987,  51.87987013],
         [178.0974026 ,  40.67857143],
         [174.68831169,  32.88636364],
         [184.91558442,  56.75      ],
         [200.01298701,  44.08766234],
         [211.21428571,  45.06168831],
         [210.24025974,  34.3474026 ],
         [237.51298701,  35.80844156],
         [215.11038961,  62.10714286],
         [193.68181818,  82.56168831],
         [200.01298701, 140.51623377],
         [215.11038961, 121.52272727],
         [231.66883117,  92.78896104],
         [236.53896104,  71.36038961],
         [251.63636364,  39.21753247],
         [254.55844156,  47.00974026],
         [262.83766234,  24.12012987],
         [276.96103896,  27.04220779],
         [270.14285714,  61.62012987],
         [294.98051948,  39.21753247],
         [260.88961039,  98.1461039 ],
         [251.63636364,  79.1525974 ],
         [255.53246753, 121.03571429],
         [247.74025974, 295.38636364],
         [306.66883117, 221.36038961],
         [297.41558442, 204.31493506],
         [297.41558442, 173.63311688],
         [309.1038961 , 163.40584416],
         [293.51948052, 152.20454545],
         [305.69480519, 131.26298701],
         [286.7012987 , 116.6525974 ],
         [278.90909091, 100.58116883],
         [287.67532468,  79.1525974 ],
         [296.92857143,  70.38636364],
         [300.82467532,  56.75      ],
         [303.25974026,   5.12662338],
         [313.97402597,  20.22402597],
         [319.33116883,   5.12662338],
         [347.57792208,  15.3538961 ],
         [360.72727273,  13.89285714],
         [388.97402597,  24.60714286],
         [365.11038961,  27.04220779],
         [337.35064935,  41.6525974 ],
         [337.35064935,  57.23701299],
         [321.76623377,  67.46428571],
         [307.64285714,  41.6525974 ],
         [303.74675325,  76.71753247],
         [308.61688312,  88.40584416],
         [321.76623377, 107.39935065],
         [335.88961039,  96.19805195],
         [363.16233766,  73.30844156],
         [389.46103896,  65.51623377],
         [365.5974026 ,  97.65909091],
         [339.78571429, 128.82792208],
         [344.16883117, 139.54220779],
         [397.25324675, 120.06168831],
         [359.26623377, 179.47727273],
         [386.53896104, 211.62012987],
         [390.43506494, 202.36688312],
         [359.26623377, 253.99025974],
         [365.11038961, 244.73701299],
         [370.33016983,  42.60789211],
         [377.52297702,  37.01348651]]), array([[142]], dtype=uint8))]]
