[[(array([[ 31.21428571, 260.        ],
         [ 52.21428571, 254.85714286],
         [ 77.5       , 210.71428571],
         [ 29.92857143, 131.85714286],
         [ 71.07142857, 119.        ],
         [ 31.64285714,  83.42857143],
         [ 54.78571429,  55.57142857],
         [101.92857143, 102.28571429],
         [133.64285714, 172.14285714],
         [173.5       , 156.71428571],
         [209.07142857, 118.14285714],
         [245.5       , 108.71428571],
         [242.07142857,  64.57142857],
         [278.92857143,  99.71428571],
         [317.92857143, 141.71428571],
         [259.21428571, 192.71428571],
         [261.78571429, 264.71428571],
         [211.64285714, 272.42857143],
         [337.64285714, 202.57142857],
         [341.5       , 131.        ],
         [343.64285714,  88.57142857],
         [326.5       ,  57.71428571],
         [326.07142857,  40.57142857],
         [280.21428571,  47.        ],
         [297.35714286,  19.57142857],
         [357.35714286,   7.57142857],
         [394.64285714,  57.71428571],
         [386.07142857, 108.28571429],
         [396.35714286, 140.85714286],
         [185.92857143,  29.        ],
         [172.64285714,  47.85714286],
         [152.92857143,  61.57142857],
         [ 78.35714286,  27.28571429],
         [ 92.92857143,  26.        ],
         [ 38.07142857,  10.57142857],
         [ 64.64285714,  20.85714286],
         [ 19.21428571,   4.57142857],
         [  8.5       ,  31.57142857]]), array([[38]], dtype=uint8))]]
