[[(array([[  35.2876588 ,  510.92740472],
         [  63.75771325,  445.85299456],
         [  17.66333938,  401.11433757],
         [ 111.20780399,  387.55716878],
         [ 191.19509982,  387.55716878],
         [ 269.82667877,  435.00725953],
         [ 305.0753176 ,  444.49727768],
         [ 158.65789474,  462.1215971 ],
         [ 111.20780399,  539.39745917],
         [ 382.35117967,  375.35571688],
         [ 431.1569873 ,  375.35571688],
         [ 451.49274047,  467.54446461],
         [ 503.00998185,  448.56442831],
         [ 521.99001815,  398.40290381],
         [ 557.23865699,  382.13430127],
         [ 588.42014519,  384.84573503],
         [ 569.44010889,  436.36297641],
         [ 574.86297641,  496.01451906],
         [ 661.62885662,  401.11433757],
         [ 711.79038113,  368.57713249],
         [ 747.03901996,  357.73139746],
         [ 774.15335753,  395.69147005],
         [ 814.82486388,  372.64428312],
         [ 858.20780399,  365.86569873],
         [ 858.20780399,  436.36297641],
         [ 907.01361162,  410.60435572],
         [ 904.30217786,  349.59709619],
         [ 974.79945554,  349.59709619],
         [ 976.15517241,  319.77132486],
         [ 953.10798548,  498.72595281],
         [ 833.80490018,  528.55172414],
         [  22.63883848,  296.04627949],
         [  34.84029038,  258.0862069 ],
         [  19.24954628,  241.13974592],
         [   7.72595281,  206.56896552],
         [  62.63248639,  216.05898367],
         [  62.63248639,  162.50816697],
         [ 103.30399274,  167.25317604],
         [ 124.31760436,  160.47459165],
         [ 106.69328494,  139.46098004],
         [ 122.96188748,  181.48820327],
         [ 118.2168784 ,  202.50181488],
         [ 100.59255898,  241.81760436],
         [  64.66606171,  237.07259528],
         [  66.02177858,  345.52994555],
         [  79.57894737,  305.53629764],
         [ 114.82758621,  294.01270417],
         [ 155.49909256,  291.97912886],
         [ 133.12976407,  239.78402904],
         [ 162.95553539,  214.70326679],
         [ 150.75408348,  184.19963702],
         [ 170.41197822,  171.99818512],
         [ 160.92196007,  150.30671506],
         [ 173.80127042,  136.07168784],
         [ 193.45916515,  153.01814882],
         [ 193.45916515,  184.87749546],
         [ 173.12341198,  200.46823956],
         [ 192.10344828,  230.29401089],
         [ 213.11705989,  215.38112523],
         [ 230.74137931,  188.9446461 ],
         [ 230.06352087,  167.93103448],
         [ 236.84210526,  159.79673321],
         [ 249.04355717,  148.95099819],
         [ 228.70780399,  137.42740472],
         [ 216.50635209,  140.81669691],
         [ 213.79491833,  165.21960073],
         [ 177.86842105,  335.36206897],
         [ 175.83484574,  300.79128857],
         [ 204.98275862,  321.12704174],
         [ 239.55353902,  337.39564428],
         [ 200.91560799,  264.86479129],
         [ 227.35208711,  251.3076225 ],
         [ 244.97640653,  236.39473684],
         [ 263.95644283,  248.59618875],
         [ 253.78856624,  214.70326679],
         [ 263.95644283,  194.36751361],
         [ 269.37931034,  178.77676951],
         [ 280.22504537,  176.74319419],
         [ 281.58076225,  158.44101633],
         [ 297.17150635,  143.52813067],
         [ 283.61433757,  136.07168784],
         [ 315.47368421,  148.27313975],
         [ 324.96370236,  136.07168784],
         [ 301.23865699,  167.93103448],
         [ 312.76225045,  181.48820327],
         [ 324.28584392,  174.03176044],
         [ 329.03085299,  160.47459165],
         [ 341.91016334,  138.7831216 ],
         [ 356.823049  ,  148.27313975],
         [ 348.01088929,  155.05172414],
         [ 345.97731397,  177.42105263],
         [ 361.56805808,  167.25317604],
         [ 337.8430127 ,  195.72323049],
         [ 309.37295826,  202.50181488],
         [ 301.91651543,  212.66969147],
         [ 285.64791289,  203.85753176],
         [ 277.51361162,  224.19328494],
         [ 248.36569873,  287.23411978],
         [ 327.67513612,  343.49637024],
         [ 335.80943739,  305.53629764],
         [ 303.2722323 ,  245.88475499],
         [ 333.77586207,  254.01905626],
         [ 341.91016334,  234.36116152],
         [ 336.48729583,  216.05898367],
         [ 362.24591652,  214.70326679],
         [ 356.14519056,  199.11252269],
         [ 366.99092559,  186.91107078],
         [ 374.44736842,  197.07894737],
         [ 390.03811252,  186.23321234],
         [ 381.90381125,  170.64246824],
         [ 375.12522686,  146.91742287],
         [ 394.10526316,  151.66243194],
         [ 392.74954628,  136.07168784],
         [ 410.3738657 ,  146.23956443],
         [ 425.9646098 ,  150.9845735 ],
         [ 436.81034483,  148.95099819],
         [ 406.9845735 ,  163.18602541],
         [ 432.06533575,  167.93103448],
         [ 422.5753176 ,  182.84392015],
         [ 434.77676951,  189.62250454],
         [ 426.64246824,  198.43466425],
         [ 399.52813067,  208.60254083],
         [ 388.00453721,  209.95825771],
         [ 417.83030853,  219.44827586],
         [ 390.71597096,  238.42831216],
         [ 387.32667877,  298.07985481],
         [ 360.89019964,  298.07985481],
         [ 401.56170599,  343.49637024],
         [ 425.9646098 ,  302.82486388],
         [ 409.69600726,  269.60980036],
         [ 442.23321234,  244.52903811],
         [ 437.48820327,  215.38112523],
         [ 446.97822142,  196.40108893],
         [ 455.11252269,  179.45462795],
         [ 457.82395644,  148.95099819],
         [ 469.34754991,  162.50816697],
         [ 480.19328494,  150.9845735 ],
         [ 497.81760436,  150.30671506],
         [ 505.95190563,  145.56170599],
         [ 492.39473684,  136.07168784],
         [ 474.09255898,  134.71597096],
         [ 484.93829401,  167.25317604],
         [ 498.49546279,  162.50816697],
         [ 499.17332123,  183.52177858],
         [ 485.61615245,  189.62250454],
         [ 469.34754991,  179.45462795],
         [ 499.17332123,  196.40108893],
         [ 505.95190563,  213.34754991],
         [ 477.48185118,  209.95825771],
         [ 461.89110708,  199.11252269],
         [ 455.79038113,  211.31397459],
         [ 485.61615245,  236.39473684],
         [ 508.66333938,  238.42831216],
         [ 491.03901996,  267.57622505],
         [ 459.17967332,  275.03266788],
         [ 462.56896552,  304.8584392 ],
         [ 501.20689655,  338.75136116],
         [ 546.39292196,  347.56352087],
         [ 519.95644283,  303.50272232],
         [ 543.00362976,  266.89836661],
         [ 547.0707804 ,  214.70326679],
         [ 523.34573503,  221.48185118],
         [ 526.73502722,  195.72323049],
         [ 519.95644283,  174.70961887],
         [ 526.73502722,  159.79673321],
         [ 530.80217786,  143.52813067],
         [ 519.95644283,  137.42740472],
         [ 541.64791289,  140.81669691],
         [ 557.23865699,  157.76315789],
         [ 563.33938294,  143.52813067],
         [ 566.72867514,  167.25317604],
         [ 579.60798548,  152.34029038],
         [ 595.87658802,  156.40744102],
         [ 614.85662432,  142.17241379],
         [ 620.95735027,  163.86388385],
         [ 599.94373866,  171.32032668],
         [ 572.15154265,  188.9446461 ],
         [ 553.17150635,  185.5553539 ],
         [ 540.29219601,  179.45462795],
         [ 574.18511797,  303.50272232],
         [ 574.86297641,  266.89836661],
         [ 556.56079855,  244.52903811],
         [ 597.2323049 ,  214.70326679],
         [ 604.01088929,  197.75680581],
         [ 614.17876588,  180.13248639],
         [ 618.24591652,  200.46823956],
         [ 625.70235935,  218.77041742],
         [ 610.11161525,  242.49546279],
         [ 667.05172414,  319.77132486],
         [ 646.03811252,  297.40199637],
         [ 627.73593466,  277.06624319],
         [ 616.2123412 ,  294.69056261],
         [ 634.51451906,  254.6969147 ],
         [ 647.3938294 ,  225.54900181],
         [ 658.23956443,  214.02540835],
         [ 653.49455535,  189.62250454],
         [ 633.83666062,  192.33393829],
         [ 644.00453721,  163.86388385],
         [ 636.54809437,  155.05172414],
         [ 658.23956443,  164.54174229],
         [ 667.72958258,  149.62885662],
         [ 664.34029038,  137.42740472],
         [ 641.97096189,  138.10526316],
         [ 650.7831216 ,  270.96551724],
         [ 658.23956443,  242.49546279],
         [ 669.76315789,  223.5154265 ],
         [ 683.99818512,  214.70326679],
         [ 694.84392015,  201.82395644],
         [ 685.353902  ,  184.19963702],
         [ 666.3738657 ,  180.13248639],
         [ 682.64246824,  162.50816697],
         [ 698.23321234,  154.3738657 ],
         [ 709.07894737,  169.9646098 ],
         [ 697.5553539 ,  173.353902  ],
         [ 716.5353902 ,  182.84392015],
         [ 719.9246824 ,  203.85753176],
         [ 736.19328494,  186.23321234],
         [ 737.54900181,  166.5753176 ],
         [ 725.34754991,  157.76315789],
         [ 716.5353902 ,  141.49455535],
         [ 731.44827586,  135.3938294 ],
         [ 738.90471869,  142.17241379],
         [ 751.1061706 ,  160.47459165],
         [ 764.66333938,  186.23321234],
         [ 776.18693285,  197.07894737],
         [ 795.16696915,  192.33393829],
         [ 784.99909256,  178.09891107],
         [ 776.86479129,  164.54174229],
         [ 774.83121597,  178.09891107],
         [ 778.22050817,  147.59528131],
         [ 737.54900181,  226.22686025],
         [ 755.85117967,  206.56896552],
         [ 696.19963702,  257.40834846],
         [ 692.81034483,  231.64972777],
         [ 702.97822142,  284.52268603],
         [ 681.9646098 ,  294.01270417],
         [ 721.28039927,  257.40834846],
         [ 751.1061706 ,  241.13974592],
         [ 775.50907441,  226.22686025],
         [ 769.40834846,  252.66333938],
         [ 795.16696915,  241.13974592],
         [ 751.78402904,  272.32123412],
         [ 717.89110708,  309.60344828],
         [ 695.52177858,  336.71778584],
         [ 747.03901996,  315.02631579],
         [ 784.32123412,  287.91197822],
         [ 800.58983666,  315.02631579],
         [ 851.4292196 ,  325.87205082],
         [ 823.63702359,  285.8784029 ],
         [ 817.53629764,  253.34119782],
         [ 820.2477314 ,  228.93829401],
         [ 811.43557169,  209.28039927],
         [ 838.54990926,  186.23321234],
         [ 839.2277677 ,  168.60889292],
         [ 839.2277677 ,  154.3738657 ],
         [ 829.05989111,  138.10526316],
         [ 818.89201452,  161.83030853],
         [ 811.43557169,  145.56170599],
         [ 800.58983666,  129.29310345],
         [ 879.89927405,  152.34029038],
         [ 854.14065336,  143.52813067],
         [ 860.24137931,  128.61524501],
         [ 877.86569873,  182.84392015],
         [ 867.69782214,  216.05898367],
         [ 852.78493648,  219.44827586],
         [ 849.39564428,  243.17332123],
         [ 875.15426497,  270.96551724],
         [ 924.40744102,  186.23321234],
         [ 916.95099819,  178.77676951],
         [ 902.03811252,  147.59528131],
         [ 946.09891107,  147.59528131],
         [1005.75045372,  164.54174229],
         [ 965.75680581,  211.31397459],
         [ 939.99818512,  265.54264973],
         [ 893.22595281,  312.31488203],
         [1006.42831216,  249.27404719],
         [ 763.3076225 ,  458.05444646],
         [  31.45099819,  136.41061706],
         [  14.50453721,  121.4977314 ],
         [   9.08166969,  146.57849365],
         [ 102.6261343 ,  121.15880218],
         [ 123.63974592,  121.83666062],
         [ 114.82758621,  121.15880218],
         [ 196.50952813,  119.8030853 ],
         [ 207.69419238,  114.04128857],
         [ 199.55989111,   87.94373866],
         [ 227.01315789,  121.83666062],
         [ 221.9292196 ,  103.19555354],
         [ 246.67105263,  105.56805808],
         [ 249.72141561,  115.05807623],
         [ 242.94283122,  134.37704174],
         [ 237.18103448,  127.25952813],
         [ 265.99001815,  134.03811252],
         [ 276.83575318,  120.48094374],
         [ 292.08756806,  119.8030853 ],
         [ 299.88294011,  116.4137931 ],
         [ 306.6615245 ,  114.71914701],
         [ 317.16833031,  120.14201452],
         [ 321.91333938,  107.60163339],
         [ 283.27540835,   98.45054446],
         [ 340.89337568,  123.87023593],
         [ 325.6415608 ,  126.24274047],
         [ 353.77268603,  119.12522686],
         [ 357.50090744,   97.43375681],
         [ 370.04128857,  102.17876588],
         [ 363.60163339,  101.16197822],
         [ 380.54809437,  105.9069873 ],
         [ 367.66878403,  113.70235935],
         [ 380.54809437,  119.8030853 ],
         [ 365.97413793,  127.25952813],
         [ 402.91742287,  120.48094374],
         [ 410.3738657 ,  108.27949183],
         [ 414.77994555,   92.01088929],
         [ 424.94782214,   86.926951  ],
         [ 423.93103448,   98.78947368],
         [ 420.20281307,  107.94056261],
         [ 419.52495463,  122.17558984],
         [ 415.45780399,  130.98774955],
         [ 434.09891107,  130.98774955],
         [ 442.91107078,  132.34346642],
         [ 446.6392922 ,  120.14201452],
         [ 438.84392015,  114.38021779],
         [ 429.353902  ,  111.32985481],
         [ 430.70961887,  100.48411978],
         [ 440.87749546,   87.26588022],
         [ 448.33393829,   94.04446461],
         [ 453.41787659,   83.19872958],
         [ 455.11252269,  128.61524501],
         [ 464.26361162,  130.98774955],
         [ 472.73684211,  103.87341198],
         [ 482.22686025,  119.8030853 ],
         [ 487.41923775,   94.04446461],
         [ 494.87568058,  103.87341198],
         [ 501.31533575,  100.14519056],
         [ 495.2146098 ,  116.07486388],
         [ 511.48321234,  109.29627949],
         [ 507.41606171,  124.20916515],
         [ 508.09392015,   95.06125227],
         [ 515.55036298,   86.926951  ],
         [ 541.30898367,   85.57123412],
         [ 535.88611615,   96.41696915],
         [ 529.10753176,  101.16197822],
         [ 527.75181488,  120.81987296],
         [ 540.29219601,  107.60163339],
         [ 545.03720508,  100.14519056],
         [ 555.20508167,  106.92377495],
         [ 565.03402904,   89.29945554],
         [ 571.47368421,   93.02767695],
         [ 559.61116152,  117.76950998],
         [ 549.10435572,  118.78629764],
         [ 535.54718693,  130.30989111],
         [ 573.84618875,  131.32667877],
         [ 581.98049002,  109.63520871],
         [ 590.79264973,  106.58484574],
         [ 602.99410163,  111.32985481],
         [ 606.04446461,  101.16197822],
         [ 614.85662432,   98.78947368],
         [ 619.26270417,  114.38021779],
         [ 617.56805808,  126.58166969],
         [ 602.99410163,  122.51451906],
         [ 596.55444646,  135.05490018],
         [ 710.77359347,  133.36025408],
         [ 704.67286751,  124.54809437],
         [ 700.26678766,   97.77268603],
         [ 691.45462795,  145.22277677],
         [ 677.21960073,  135.73275862],
         [ 671.45780399,  128.61524501],
         [ 660.61206897,  122.17558984],
         [ 663.32350272,   98.11161525],
         [ 738.90471869,  120.81987296],
         [ 764.32441016,  135.73275862],
         [ 760.93511797,  115.05807623],
         [ 843.63384755,  119.12522686],
         [ 642.64882033,  127.59845735],
         [ 647.05490018,  107.94056261],
         [ 779.57622505,   85.91016334],
         [ 783.64337568,   85.2323049 ],
         [ 791.43874773,   77.77586207],
         [ 804.31805808,   86.926951  ],
         [ 819.56987296,   71.3362069 ],
         [ 826.00952813,   77.77586207],
         [ 832.4491833 ,   82.52087114],
         [ 841.93920145,   84.89337568],
         [ 856.17422868,   76.42014519],
         [ 810.41878403,   92.01088929],
         [ 828.38203267,   93.02767695],
         [ 822.62023593,   85.91016334],
         [ 812.11343013,   77.43693285]]), array([[388]], dtype=uint16))]]
