[[(array([[   3.09444444,  524.10185185],
         [  51.45      ,  441.61296296],
         [  16.36851852,  365.76111111],
         [  72.30925926,  396.10185185],
         [ 154.79814815,  470.05740741],
         [ 306.50185185,  511.77592593],
         [ 326.41296296,  431.18333333],
         [ 192.72407407,  386.62037037],
         [ 421.22777778,  691.92407407],
         [ 476.22037037,  611.33148148],
         [ 631.71666667,  415.06481481],
         [ 900.99074074,  529.79074074],
         [ 810.91666667,  495.65740741],
         [ 792.90185185,  404.63518519],
         [ 819.45      ,  396.10185185],
         [ 934.17592593,  444.45740741],
         [ 897.19814815,  375.24259259],
         [ 558.70925926,  421.70185185],
         [ 472.42777778,  424.5462963 ],
         [ 379.50925926,  447.30185185],
         [ 273.31666667,  387.56851852],
         [ 127.30185185,  371.45      ],
         [  93.16851852,  369.5537037 ],
         [  72.30925926,  371.45      ],
         [ 103.59814815,  375.24259259],
         [ 195.56851852,  343.9537037 ],
         [ 221.16851852,  339.21296296],
         [ 265.73148148,  355.33148148],
         [ 318.82777778,  355.33148148],
         [ 343.47962963,  368.60555556],
         [ 361.49444444,  351.53888889],
         [ 396.57592593,  389.46481481],
         [ 494.23518519,  357.22777778],
         [ 508.45740741,  361.96851852],
         [ 548.27962963,  352.48703704],
         [ 562.50185185,  375.24259259],
         [ 594.73888889,  383.77592593],
         [ 616.5462963 ,  347.7462963 ],
         [ 578.62037037,  338.26481481],
         [ 650.67962963,  358.17592593],
         [ 706.62037037,  374.29444444],
         [ 712.30925926,  351.53888889],
         [ 668.69444444,  348.69444444],
         [ 691.45      ,  352.48703704],
         [ 728.42777778,  352.48703704],
         [ 762.56111111,  361.02037037],
         [ 796.69444444,  354.38333333],
         [ 827.03518519,  349.64259259],
         [ 856.42777778,  348.69444444],
         [ 884.87222222,  332.57592593],
         [ 911.42037037,  322.1462963 ],
         [ 925.64259259,  329.73148148],
         [ 926.59074074,  365.76111111],
         [ 952.19074074,  353.43518519],
         [ 962.62037037,  350.59074074],
         [ 948.39814815,  334.47222222],
         [ 961.67222222,  318.3537037 ],
         [ 933.22777778,  310.76851852],
         [ 681.91666667,  324.75      ],
         [ 658.91666667,  325.08333333],
         [ 643.58333333,  338.08333333],
         [ 642.58333333,  322.75      ],
         [ 701.91666667,  333.08333333],
         [ 690.25      ,  309.75      ],
         [ 697.91666667,  303.75      ],
         [ 683.25      ,  301.08333333],
         [ 670.91666667,  307.75      ],
         [ 650.58333333,  304.08333333],
         [ 639.91666667,  309.08333333],
         [ 641.25      ,  299.08333333],
         [ 631.58333333,  317.41666667],
         [ 603.58333333,  319.08333333],
         [ 589.91666667,  343.08333333],
         [ 595.91666667,  329.08333333],
         [ 568.25      ,  325.75      ],
         [ 587.58333333,  316.41666667],
         [ 599.58333333,  308.75      ],
         [ 613.25      ,  301.08333333],
         [ 615.25      ,  294.75      ],
         [ 619.25      ,  297.08333333],
         [ 625.91666667,  297.41666667],
         [ 634.25      ,  303.08333333],
         [ 620.58333333,  303.75      ],
         [ 616.91666667,  315.75      ],
         [ 624.91666667,  314.41666667],
         [ 621.25      ,  314.41666667],
         [ 598.58333333,  289.08333333],
         [ 602.58333333,  297.08333333],
         [ 593.91666667,  298.75      ],
         [ 589.58333333,  305.75      ],
         [ 574.58333333,  305.08333333],
         [ 559.25      ,  319.08333333],
         [ 546.25      ,  311.08333333],
         [ 528.25      ,  328.08333333],
         [ 546.25      ,  331.75      ],
         [ 515.91666667,  341.75      ],
         [ 495.25      ,  335.41666667],
         [ 476.25      ,  338.41666667],
         [ 446.58333333,  346.08333333],
         [ 455.91666667,  310.08333333],
         [ 487.25      ,  315.75      ],
         [ 524.91666667,  317.75      ],
         [ 532.58333333,  310.75      ],
         [ 600.25      ,  304.41666667],
         [ 608.91666667,  308.41666667],
         [ 582.25      ,  293.08333333],
         [ 588.58333333,  297.75      ],
         [ 586.91666667,  292.08333333],
         [ 575.25      ,  297.75      ],
         [ 592.91666667,  292.75      ],
         [ 561.91666667,  303.08333333],
         [ 546.25      ,  299.08333333],
         [ 553.25      ,  304.41666667],
         [ 554.91666667,  295.75      ],
         [ 558.58333333,  291.08333333],
         [ 563.91666667,  293.41666667],
         [ 539.25      ,  297.75      ],
         [ 540.91666667,  289.41666667],
         [ 539.58333333,  285.75      ],
         [ 546.58333333,  288.75      ],
         [ 534.58333333,  298.75      ],
         [ 527.25      ,  296.75      ],
         [ 531.58333333,  289.08333333],
         [ 518.58333333,  295.41666667],
         [ 517.25      ,  288.41666667],
         [ 519.58333333,  286.08333333],
         [ 521.25      ,  290.75      ],
         [ 510.91666667,  287.75      ],
         [ 505.91666667,  296.41666667],
         [ 515.25      ,  303.75      ],
         [ 515.58333333,  317.41666667],
         [ 495.91666667,  310.08333333],
         [ 496.58333333,  299.75      ],
         [ 486.91666667,  301.41666667],
         [ 491.25      ,  295.08333333],
         [ 493.25      ,  286.75      ],
         [ 501.91666667,  291.08333333],
         [ 507.58333333,  292.41666667],
         [ 555.58333333,  311.41666667],
         [ 573.58333333,  313.41666667],
         [ 677.91666667,  304.08333333],
         [ 672.91666667,  301.41666667],
         [ 522.91666667,  303.41666667],
         [ 473.91666667,  295.08333333],
         [ 468.25      ,  298.75      ],
         [ 475.58333333,  320.75      ],
         [ 456.58333333,  301.08333333],
         [ 475.25      ,  309.75      ],
         [ 478.58333333,  312.41666667],
         [ 555.91666667,  285.75      ],
         [ 559.91666667,  297.75      ],
         [ 556.58333333,  302.75      ],
         [ 439.58333333,  318.75      ],
         [ 405.91666667,  352.08333333],
         [ 417.25      ,  332.41666667],
         [ 427.91666667,  346.75      ],
         [ 456.25      ,  341.41666667],
         [ 396.91666667,  330.08333333],
         [ 405.25      ,  310.75      ],
         [ 420.91666667,  314.75      ],
         [ 385.91666667,  316.08333333],
         [ 395.25      ,  308.41666667],
         [ 322.25      ,  333.91666667],
         [ 331.58333333,  333.91666667],
         [ 308.25      ,  335.25      ],
         [ 346.25      ,  325.91666667],
         [ 358.91666667,  316.58333333],
         [ 366.25      ,  303.25      ],
         [ 306.91666667,  313.91666667],
         [ 322.25      ,  319.25      ],
         [ 294.91666667,  318.58333333],
         [ 293.58333333,  311.91666667],
         [ 258.91666667,  315.91666667],
         [ 236.91666667,  321.25      ],
         [ 211.58333333,  327.91666667],
         [ 266.25      ,  304.58333333],
         [ 270.25      ,  311.91666667],
         [ 323.58333333,  311.25      ],
         [ 350.91666667,  309.25      ],
         [ 349.58333333,  295.25      ],
         [ 442.91666667,  311.91666667],
         [ 440.91666667,  302.58333333],
         [ 375.91666667,  304.08333333],
         [ 374.58333333,  309.08333333],
         [ 356.25      ,  298.08333333],
         [ 358.58333333,  288.75      ],
         [ 364.58333333,  289.75      ],
         [ 370.58333333,  287.41666667],
         [ 368.25      ,  295.41666667],
         [ 376.25      ,  293.41666667],
         [ 372.25      ,  292.75      ],
         [ 380.91666667,  294.08333333],
         [ 385.58333333,  293.41666667],
         [ 386.25      ,  295.41666667],
         [ 389.58333333,  291.41666667],
         [ 388.58333333,  289.41666667],
         [ 394.25      ,  289.08333333],
         [ 399.91666667,  289.75      ],
         [ 401.91666667,  296.75      ],
         [ 395.91666667,  300.41666667],
         [ 407.58333333,  304.08333333],
         [ 428.58333333,  316.41666667],
         [ 434.58333333,  310.08333333],
         [ 427.58333333,  309.41666667],
         [ 418.58333333,  300.08333333],
         [ 430.58333333,  298.08333333],
         [ 430.25      ,  292.41666667],
         [ 439.25      ,  297.08333333],
         [ 444.91666667,  299.08333333],
         [ 448.25      ,  298.08333333],
         [ 445.91666667,  293.08333333],
         [ 442.25      ,  295.08333333],
         [ 461.91666667,  291.75      ],
         [ 468.58333333,  284.75      ],
         [ 488.25      ,  290.08333333],
         [ 481.58333333,  296.08333333],
         [ 478.58333333,  289.75      ],
         [ 455.58333333,  288.08333333],
         [ 459.58333333,  539.91666667],
         [ 422.25      ,  292.75      ],
         [ 411.25      ,  290.08333333],
         [ 414.91666667,  286.41666667],
         [ 418.25      ,  291.08333333],
         [ 420.25      ,  286.75      ],
         [ 427.25      ,  288.08333333],
         [ 431.91666667,  285.08333333],
         [ 435.25      ,  283.75      ],
         [ 429.91666667,  282.08333333],
         [ 425.25      ,  282.08333333],
         [ 426.25      ,  283.75      ],
         [ 409.91666667,  283.41666667],
         [ 404.25      ,  281.41666667],
         [ 403.91666667,  284.08333333],
         [ 411.91666667,  285.75      ],
         [ 449.25      ,  288.75      ],
         [ 450.58333333,  284.41666667],
         [ 439.58333333,  291.41666667],
         [ 438.25      ,  287.75      ],
         [ 420.91666667,  282.75      ],
         [ 414.58333333,  283.41666667],
         [ 401.58333333,  286.75      ],
         [ 438.58333333,  284.41666667],
         [ 387.25      ,  305.75      ],
         [ 463.91666667,  306.41666667],
         [ 424.91666667,  287.75      ],
         [ 674.25      ,  403.25      ],
         [ 987.93431568,  346.39985015],
         [ 984.86538462,  320.82542458],
         [1002.25599401,  327.98626374],
         [1015.5546953 ,  324.91733267],
         [1019.6466034 ,  348.4458042 ],
         [1003.27897103,  499.8464036 ],
         [ 720.93731269,  309.57267732],
         [ 745.48876124,  309.57267732],
         [ 724.00624376,  302.41183816],
         [ 761.85639361,  308.5497003 ],
         [ 770.04020979,  322.87137862],
         [ 751.62662338,  327.98626374],
         [ 725.02922078,  332.07817183],
         [ 785.38486513,  334.12412587],
         [ 784.36188811,  315.71053946],
         [ 808.91333666,  320.82542458],
         [ 816.07417582,  304.45779221],
         [ 799.70654346,  303.43481518],
         [ 856.99325674,  306.50374625],
         [ 842.67157842,  339.23901099],
         [ 828.3499001 ,  327.98626374],
         [ 828.3499001 ,  315.71053946],
         [ 898.93531469,  315.71053946],
         [ 906.09615385,  308.5497003 ],
         [ 708.66158841,  301.38886114],
         [ 703.5467033 ,  308.5497003 ],
         [ 428.38852814,  642.13311688],
         [ 866.48376623,  529.57900433]]), array([[274]], dtype=uint16))]]
