[[(array([[  54.25278439,  554.58616692],
         [  55.69098664,  524.38391973],
         [   4.99435743,  500.29403208],
         [  28.00559338,  473.68729051],
         [  42.38761586,  469.37268377],
         [  68.99435743,  473.68729051],
         [  92.72469451,  477.28279613],
         [  20.81458215,  434.13672871],
         [  41.66851473,  438.45133546],
         [   3.55615518,  433.41762759],
         [  14.34267204,  468.65358265],
         [   4.99435743,  470.09178489],
         [ 108.54491923,  483.75470624],
         [ 108.54491923,  452.1142568 ],
         [ 147.3763799 ,  488.78841411],
         [ 156.72469451,  474.40639164],
         [ 138.74716642,  463.61987478],
         [  84.09548102,  464.3389759 ],
         [  67.55615518,  408.96818939],
         [  50.29772821,  416.87830175],
         [  36.63480687,  393.86706579],
         [  22.25278439,  383.79965006],
         [  10.02806529,  401.77717815],
         [   6.43255968,  349.28279613],
         [  86.97188552,  654.90077366],
         [ 156.72469451,  646.9906613 ],
         [ 285.44379563,  631.17043658],
         [ 273.21907653,  561.41762759],
         [ 264.58986305,  539.12549276],
         [ 197.71345855,  467.2153804 ],
         [ 186.20784057,  465.77717815],
         [ 199.1516608 ,  450.67605456],
         [ 227.91570574,  458.58616692],
         [ 269.62357091,  462.18167253],
         [ 260.99435743,  465.05807703],
         [ 254.52244732,  439.8895377 ],
         [ 241.57862709,  434.13672871],
         [ 309.89323383,  542.00189725],
         [ 336.49997541,  589.46257141],
         [ 318.52244732,  595.93448152],
         [ 388.2752563 ,  637.64234669],
         [ 376.0505372 ,  607.4400995 ],
         [ 194.83705406,  424.06931298],
         [ 214.97188552,  426.22661635],
         [ 218.56739114,  411.84459388],
         [ 231.51121136,  416.15920062],
         [ 197.71345855,  398.90077366],
         [ 179.01682934,  412.56369501],
         [ 140.18536866,  445.64234669],
         [ 130.83705406,  438.45133546],
         [ 132.99435743,  419.75470624],
         [ 107.10671698,  379.48504332],
         [  94.16289675,  391.70976242],
         [  77.62357091,  398.90077366],
         [  78.34267204,  370.85582984],
         [  74.74716642,  388.83335793],
         [  50.29772821,  367.97942534],
         [  31.601099  ,  378.7659422 ],
         [  35.91570574,  370.85582984],
         [  51.73593046,  347.12549276],
         [  31.601099  ,  352.15920062],
         [ 119.33143608,  380.92324557],
         [ 143.06177316,  377.32773995],
         [ 143.06177316,  365.82212197],
         [ 117.17413271,  364.38391973],
         [ 144.49997541,  356.47380737],
         [ 165.35390799,  378.7659422 ],
         [ 161.75840237,  390.9906613 ],
         [ 158.7022226 ,  427.48504332],
         [ 136.0505372 ,  394.7659422 ],
         [ 177.39885181,  376.42886355],
         [ 179.19660462,  363.84459388],
         [ 203.64604282,  387.2153804 ],
         [ 198.97188552,  369.95695343],
         [ 203.64604282,  359.17043658],
         [ 254.7022226 ,  423.17043658],
         [ 240.67975069,  387.93448152],
         [ 236.00559338,  356.29403208],
         [ 222.7022226 ,  363.48504332],
         [ 218.02806529,  357.37268377],
         [ 235.64604282,  371.39515568],
         [ 243.91570574,  371.39515568],
         [ 252.90446979,  396.92324557],
         [ 265.48873945,  392.96818939],
         [ 284.18536866,  404.1142568 ],
         [ 241.75840237,  342.9906613 ],
         [ 278.79211024,  368.15920062],
         [ 279.51121136,  378.94571748],
         [ 282.38761586,  354.85582984],
         [ 291.73593046,  348.02436916],
         [ 202.38761586,  287.08054894],
         [  11.46626754,  229.19290849],
         [  52.45503159,  239.26032422],
         [  49.57862709,  324.83335793],
         [   8.58986305,  333.46257141],
         [  68.2752563 ,  301.82212197],
         [ 161.21907653,  403.75470624],
         [ 221.62357091,  323.93448152],
         [ 289.93817765,  324.65358265],
         [ 298.56739114,  335.79965006],
         [ 310.79211024,  323.93448152],
         [ 325.17413271,  333.28279613],
         [ 320.14042484,  323.2153804 ],
         [ 362.20784057,  314.58616692],
         [ 353.57862709,  327.17043658],
         [ 361.12918889,  322.85582984],
         [ 337.03930125,  336.15920062],
         [ 305.75840237,  352.3389759 ],
         [ 303.96064956,  376.06931298],
         [ 310.07300911,  362.40639164],
         [ 311.51121136,  374.9906613 ],
         [ 307.91570574,  396.56369501],
         [ 311.1516608 ,  386.49627928],
         [ 345.30896417,  382.5412231 ],
         [ 347.10671698,  373.19290849],
         [ 335.601099  ,  353.41762759],
         [ 349.26402035,  358.09178489],
         [ 315.10671698,  356.29403208],
         [ 369.75840237,  373.91200961],
         [ 353.93817765,  368.87830175],
         [ 381.62357091,  343.35021186],
         [ 373.35390799,  339.39515568],
         [ 383.42132372,  327.17043658],
         [ 347.10671698,  336.51875119],
         [ 390.97188552,  335.79965006],
         [ 399.96064956,  322.85582984],
         [ 405.35390799,  335.79965006],
         [ 411.46626754,  340.83335793],
         [ 412.18536866,  363.12549276],
         [ 384.49997541,  370.31650399],
         [ 391.69098664,  398.36144781],
         [ 363.28649226,  416.3389759 ],
         [ 332.72469451,  411.30526804],
         [ 320.85952597,  399.08054894],
         [ 303.96064956,  453.73223433],
         [ 347.10671698,  445.46257141],
         [ 364.00559338,  441.50751523],
         [ 322.65727878,  415.61987478],
         [ 343.1516608 ,  408.06931298],
         [ 395.64604282,  390.81088602],
         [ 404.63480687,  381.10302085],
         [ 399.96064956,  388.29403208],
         [ 422.25278439,  378.58616692],
         [ 449.57862709,  353.41762759],
         [ 436.99435743,  352.3389759 ],
         [ 471.1516608 ,  378.94571748],
         [ 456.0505372 ,  369.59740287],
         [ 445.26402035,  376.42886355],
         [ 429.08424507,  365.28279613],
         [ 443.46626754,  391.52998714],
         [ 432.32020013,  392.96818939],
         [ 411.10671698,  405.91200961],
         [ 413.62357091,  394.04684107],
         [ 438.07300911,  413.10302085],
         [ 422.25278439,  421.01313321],
         [ 413.26402035,  433.95695343],
         [ 454.61233496,  416.69852647],
         [ 461.80334619,  437.55245905],
         [ 399.601099  ,  462.72099838],
         [ 491.28649226,  453.01313321],
         [ 508.18536866,  426.40639164],
         [ 497.75840237,  404.1142568 ],
         [ 477.62357091,  366.00189725],
         [ 470.07300911,  349.10302085],
         [ 456.0505372 ,  326.81088602],
         [ 449.57862709,  318.90077366],
         [ 414.34267204,  351.97942534],
         [ 479.78087428,  335.4400995 ],
         [ 474.74716642,  325.01313321],
         [ 494.52244732,  331.48504332],
         [ 499.19660462,  325.01313321],
         [ 489.84829001,  364.56369501],
         [ 485.17413271,  354.13672871],
         [ 478.7022226 ,  354.13672871],
         [ 499.55615518,  353.05807703],
         [ 511.78087428,  354.49627928],
         [ 521.84829001,  360.24908826],
         [ 513.21907653,  380.38391973],
         [ 507.8258181 ,  370.31650399],
         [ 524.36514395,  410.94571748],
         [ 549.89323383,  318.5412231 ],
         [ 545.21907653,  330.7659422 ],
         [ 567.42132372,  332.83335793],
         [ 530.38761586,  348.83335793],
         [ 530.02806529,  338.22661635],
         [ 550.88199788,  355.48504332],
         [ 562.9269417 ,  340.92324557],
         [ 542.25278439,  346.67605456],
         [ 543.51121136,  379.93448152],
         [ 595.19660462,  330.04684107],
         [ 609.93817765,  323.2153804 ],
         [ 584.0505372 ,  342.63111074],
         [ 583.69098664,  352.3389759 ],
         [ 566.07300911,  369.59740287],
         [ 575.78087428,  379.30526804],
         [ 593.03930125,  381.82212197],
         [ 609.21907653,  381.82212197],
         [ 614.61233496,  368.51875119],
         [ 624.67975069,  346.22661635],
         [ 613.89323383,  332.56369501],
         [ 579.73593046,  408.06931298],
         [ 568.58986305,  405.19290849],
         [ 547.3763799 ,  401.23785231],
         [ 612.81458215,  405.19290849],
         [ 563.55615518,  419.2153804 ],
         [ 561.75840237,  404.1142568 ],
         [ 628.81458215,  333.46257141],
         [ 645.35390799,  340.65358265],
         [ 639.24154844,  337.41762759],
         [ 679.1516608 ,  332.38391973],
         [ 634.56739114,  416.15920062],
         [ 653.98312147,  417.23785231],
         [ 655.42132372,  406.09178489],
         [ 654.34267204,  395.30526804],
         [ 663.33143608,  387.03560512],
         [ 656.14042484,  377.68729051],
         [ 625.21907653,  377.68729051],
         [ 628.09548102,  366.90077366],
         [ 664.0505372 ,  335.61987478],
         [ 666.9269417 ,  433.41762759],
         [ 684.54491923,  430.5412231 ],
         [ 645.35390799,  438.81088602],
         [ 614.43255968,  440.24908826],
         [ 606.16289675,  435.2153804 ],
         [ 586.38761586,  433.77717815],
         [ 586.74716642,  442.7659422 ],
         [ 546.4775035 ,  426.94571748],
         [ 645.71345855,  374.45133546],
         [ 714.02806529,  334.90077366],
         [ 690.65727878,  350.00189725],
         [ 680.58986305,  397.82212197],
         [ 687.78087428,  410.40639164],
         [ 694.25278439,  397.10302085],
         [ 713.66851473,  354.31650399],
         [ 746.02806529,  396.74347029],
         [ 720.14042484,  414.72099838],
         [ 730.9269417 ,  419.39515568],
         [ 746.38761586,  422.27156017],
         [ 738.4775035 ,  443.48504332],
         [ 761.84829001,  411.12549276],
         [ 776.94941361,  419.75470624],
         [ 787.73593046,  434.49627928],
         [ 776.23031248,  392.06931298],
         [ 785.57862709,  382.72099838],
         [ 770.11795293,  360.42886355],
         [ 779.46626754,  353.59740287],
         [ 746.74716642,  337.41762759],
         [ 752.49997541,  328.06931298],
         [ 715.8258181 ,  343.52998714],
         [ 703.24154844,  342.45133546],
         [ 702.88199788,  367.61987478],
         [ 724.45503159,  358.63111074],
         [ 782.7022226 ,  342.81088602],
         [ 757.17413271,  355.03560512],
         [ 804.09548102,  330.7659422 ],
         [ 802.29772821,  338.31650399],
         [ 801.57862709,  380.74347029],
         [ 818.11795293,  414.18167253],
         [ 825.66851473,  373.19290849],
         [ 819.91570574,  361.68729051],
         [ 828.18536866,  349.82212197],
         [ 826.02806529,  333.64234669],
         [ 857.66851473,  343.35021186],
         [ 848.67975069,  333.28279613],
         [ 849.75840237,  394.40639164],
         [ 840.41008777,  413.46257141],
         [ 802.29772821,  446.5412231 ],
         [ 806.61233496,  458.04684107],
         [ 837.17413271,  449.05807703],
         [ 843.28649226,  433.59740287],
         [ 856.23031248,  432.87830175],
         [ 866.65727878,  426.40639164],
         [ 881.03930125,  435.39515568],
         [ 880.67975069,  412.02436916],
         [ 878.52244732,  388.65358265],
         [ 865.57862709,  370.67605456],
         [ 858.74716642,  358.09178489],
         [ 869.89323383,  358.09178489],
         [ 848.32020013,  369.95695343],
         [ 915.91570574,  363.48504332],
         [ 896.85952597,  360.96818939],
         [ 915.55615518,  339.75470624],
         [ 896.14042484,  333.64234669],
         [ 887.87076192,  356.65358265],
         [ 941.80334619,  369.95695343],
         [ 932.09548102,  366.72099838],
         [ 934.61233496,  353.05807703],
         [ 931.3763799 ,  340.83335793],
         [ 939.64604282,  333.64234669],
         [ 947.91570574,  318.5412231 ],
         [ 952.58986305,  353.05807703],
         [ 946.4775035 ,  340.83335793],
         [ 931.73593046,  381.46257141],
         [ 895.06177316,  398.36144781],
         [ 896.14042484,  430.36144781],
         [ 888.58986305,  421.73223433],
         [ 905.48873945,  444.38391973],
         [ 925.98312147,  437.91200961],
         [ 934.25278439,  417.41762759],
         [ 949.71345855,  416.69852647],
         [ 943.24154844,  395.84459388],
         [ 957.26402035,  393.32773995],
         [ 981.35390799,  409.86706579],
         [ 981.71345855,  388.65358265],
         [ 974.52244732,  376.42886355],
         [ 993.21907653,  363.48504332],
         [ 996.81458215,  346.22661635],
         [1015.51121136,  346.22661635],
         [ 983.1516608 ,  345.86706579],
         [1011.91570574,  432.51875119],
         [ 960.49997541,  422.81088602],
         [ 951.87076192,  449.77717815],
         [ 991.78087428,  437.55245905],
         [1020.90446979,  375.70976242],
         [ 975.96064956,  336.87830175],
         [ 371.01682934,  538.32589188],
         [ 392.58986305,  531.13488065],
         [ 448.67975069,  519.62926267],
         [ 442.20784057,  495.89892559],
         [ 488.23031248,  509.56184694],
         [ 546.4775035 ,  485.83150986],
         [ 511.96064956,  620.30341997],
         [ 519.87076192,  605.9213975 ],
         [ 505.48873945,  651.94386941],
         [ 452.99435743,  662.73038627],
         [ 337.93817765,  664.16858851],
         [ 624.14042484,  541.20229638],
         [ 593.93817765,  529.6966784 ],
         [ 670.88199788,  541.20229638],
         [ 576.67975069,  670.64049863],
         [ 542.16289675,  610.23600424],
         [ 682.38761586,  519.62926267],
         [ 748.00559338,  603.22476829],
         [ 763.8258181 ,  551.44948739],
         [ 783.96064956,  542.10117278],
         [ 783.601099  ,  480.25847615],
         [ 719.24154844,  484.5730829 ],
         [ 701.26402035,  524.12364469],
         [ 806.07300911,  594.41577953],
         [ 828.36514395,  553.42701548],
         [ 872.23031248,  553.42701548],
         [ 891.64604282,  605.20229638],
         [ 926.16289675,  575.00004919],
         [ 905.30896417,  553.42701548],
         [ 917.53368327,  534.73038627],
         [ 877.98312147,  467.13488065],
         [ 860.00559338,  462.82027391],
         [ 770.83705406,  462.10117278],
         [ 766.52244732,  441.96634132],
         [1018.9269417 ,  598.01128514],
         [1016.76963833,  519.62926267],
         [ 982.25278439,  527.53937503],
         [ 945.57862709,  587.94386941],
         [ 532.09548102,  452.83335793],
         [ 529.93817765,  439.8895377 ],
         [ 455.87076192,  382.36144781],
         [ 450.83705406,  394.58616692],
         [ 624.85952597,  374.45133546],
         [1011.73593046,  327.70976242],
         [ 707.70881151,  393.69644989]]), array([[360]], dtype=uint16))]]
