[[(array([[  30.54891262,  737.77548806],
         [ 124.94064749,  753.50744388],
         [ 138.25230241,  729.30443493],
         [ 180.60756806,  677.26796571],
         [ 267.73840025,  700.2608242 ],
         [  71.69402782,  617.9705938 ],
         [ 166.08576269,  592.55743441],
         [  91.05643497,  567.14427502],
         [ 127.36094838,  550.20216876],
         [  55.96207201,  533.26006251],
         [  24.49816038,  454.60028344],
         [ 100.73763855,  440.07847808],
         [  66.85342603,  398.93336288],
         [  19.65755859,  412.2450178 ],
         [  14.8169568 ,  336.00553963],
         [  58.3823729 ,  360.20854857],
         [ 157.61470956,  320.27358382],
         [ 130.99139973,  412.2450178 ],
         [ 157.61470956,  437.65817719],
         [ 152.77410777,  473.9626906 ],
         [ 143.0929042 ,  501.79615088],
         [  65.64327558,  267.02696414],
         [  78.9549305 ,  233.14275163],
         [   6.34590368,  239.19350386],
         [  51.12147022,  194.41793732],
         [  14.8169568 ,  195.62808777],
         [  35.38951441,  165.37432659],
         [   8.76620457,  132.70026452],
         [   8.76620457,   90.34499887],
         [   3.92560278,   67.35214037],
         [  26.91846128,   41.93898099],
         [  62.01282424,   27.41717562],
         [   5.13575323,   22.57657383],
         [ 104.36808989,   26.20702517],
         [  83.79553229,   50.41003411],
         [  65.64327558,   61.30138814],
         [  55.96207201,  106.07695468],
         [  93.47673587,   86.71454753],
         [ 121.31019615,   58.88108724],
         [ 138.25230241,   63.72168903],
         [ 156.40455911,   92.76529976],
         [ 178.18726716,   46.77958277],
         [ 118.88989525,  126.64951228],
         [ 106.78839078,  102.44650334],
         [  77.74478005,  123.01906094],
         [  93.47673587,  144.80176899],
         [  60.80267379,  149.64237078],
         [ 107.99854123,  176.26568061],
         [ 163.6654618 ,  224.6716985 ],
         [ 175.76696627,  200.46868955],
         [ 175.76696627,  173.84537972],
         [ 151.56395733,  109.70740602],
         [ 196.33952387,  119.3886096 ],
         [ 203.60042655,  170.21492838],
         [ 202.3902761 ,  208.93974268],
         [ 237.48463907,  222.2513976 ],
         [ 252.00644444,  166.58447704],
         [ 135.83200151,  256.13561012],
         [ 111.62899257,  229.51230028],
         [ 176.97711672,  286.3893713 ],
         [ 208.44102834,  269.44726504],
         [ 233.85418773,  258.55591102],
         [ 255.63689578,  250.08485789],
         [ 267.73840025,  281.54876951],
         [ 243.53539131,  298.49087577],
         [ 238.69478952,  362.62884947],
         [ 207.23087789,  397.72321243],
         [ 226.59328505,  488.48449596],
         [ 264.10794891,  395.30291154],
         [ 302.83276321,  448.54953121],
         [ 308.88351545,  527.20931027],
         [ 209.65117879,  588.92698307],
         [ 307.673365  ,  674.84766482],
         [ 319.77486947,  743.8262403 ],
         [ 460.15232134,  764.3987979 ],
         [ 379.07224138,  659.115709  ],
         [ 370.60118825,  761.97849701],
         [ 375.44179004,  605.86908933],
         [ 324.61547126,  584.08638128],
         [ 371.8113387 ,  550.20216876],
         [ 449.26096731,  567.14427502],
         [ 492.82638341,  626.44164693],
         [ 524.29029503,  598.60818665],
         [ 513.39894101,  702.6811251 ],
         [ 458.94217089,  482.43374373],
         [ 491.61623296,  530.83976161],
         [ 410.536153  ,  471.5423897 ],
         [ 433.5290115 ,  395.30291154],
         [ 385.12299362,  431.60742495],
         [ 474.6741267 ,  408.61456645],
         [ 403.27525032,  348.1070441 ],
         [ 335.50682528,  331.16493784],
         [ 283.47035606,  322.69388471],
         [ 346.39817931,  275.49801727],
         [ 336.71697573,  247.66455699],
         [ 288.31095785,  246.45440654],
         [ 324.61547126,  202.88899045],
         [ 296.78201098,  188.36718508],
         [ 270.15870114,  143.59161854],
         [ 290.73125874,  129.06981318],
         [ 277.41960382,   75.8231935 ],
         [ 267.73840025,   46.77958277],
         [ 245.9556922 ,   43.14913143],
         [ 212.07147968,   35.88822875],
         [ 225.3831346 ,   84.29424663],
         [ 320.98501992,   67.35214037],
         [ 296.78201098,   46.77958277],
         [ 341.55757752,   33.46792786],
         [ 368.18088736,   51.62018456],
         [ 387.54329451,   29.83747651],
         [ 404.48540077,   41.93898099],
         [ 400.85494943,   75.8231935 ],
         [ 369.3910378 ,   89.13484842],
         [ 354.86923244,  135.12056541],
         [ 354.86923244,  175.05553017],
         [ 318.56471903,  166.58447704],
         [ 391.17374585,  208.93974268],
         [ 411.74630345,  250.08485789],
         [ 399.64479898,  228.30214984],
         [ 433.5290115 ,  167.79462748],
         [ 444.42036552,  244.03410565],
         [ 449.26096731,  315.43298203],
         [ 485.56548072,  277.91831817],
         [ 521.86999414,  276.70816772],
         [ 554.54405621,  327.5344865 ],
         [ 518.2395428 ,  357.78824768],
         [ 467.41322402,  361.41869902],
         [ 524.29029503,  435.23787629],
         [ 578.74706515,  397.72321243],
         [ 589.63841917,  459.44088523],
         [ 552.12375531,  471.5423897 ],
         [ 559.384658  ,  533.26006251],
         [ 616.26172901,  503.00630133],
         [ 661.03729555,  552.62246966],
         [ 595.68917141,  581.66608039],
         [ 640.46473795,  603.44878844],
         [ 700.97226031,  581.66608039],
         [ 612.63127767,  671.21721347],
         [ 590.84856962,  717.20293046],
         [ 601.73992365,  757.13789522],
         [ 708.23316299,  717.20293046],
         [ 812.30610144,  662.74616034],
         [ 813.51625189,  563.51382368],
         [ 897.01663274,  653.06495677],
         [ 932.1109957 ,  695.42022242],
         [ 992.61851806,  726.88413404],
         [ 969.62565956,  769.23939969],
         [ 903.06738497,  761.97849701],
         [ 985.35761537,  643.38375319],
         [ 992.61851806,  567.14427502],
         [ 956.31400464,  579.2457795 ],
         [ 923.63994257,  517.52810669],
         [ 857.08166798,  513.89765535],
         [ 883.70497782,  440.07847808],
         [ 831.66850859,  446.12923031],
         [ 773.58128713,  475.17284104],
         [ 691.29105673,  473.9626906 ],
         [ 641.6748884 ,  441.28862853],
         [ 710.65346388,  432.8175754 ],
         [ 714.28391523,  389.2521593 ],
         [ 753.00872953,  369.88975215],
         [ 809.88580055,  398.93336288],
         [ 766.32038445,  437.65817719],
         [ 853.45121664,  403.77396467],
         [ 904.27753542,  352.94764589],
         [ 940.58204883,  366.25930081],
         [ 998.66927029,  344.47659276],
         [ 970.83581001,  423.13637182],
         [1020.45197834,  374.73035394],
         [1013.19107566,  505.42660222],
         [ 979.30686314,  264.60666325],
         [ 906.69783631,  283.9690704 ],
         [ 831.66850859,  212.57019403],
         [ 763.90008356,  339.63599097],
         [ 719.12451701,  328.74463695],
         [ 668.29819824,  356.57809723],
         [ 647.72564064,  374.73035394],
         [ 599.31962275,  334.79538918],
         [ 609.00082633,  294.86042443],
         [ 657.40684421,  294.86042443],
         [ 697.34180897,  222.2513976 ],
         [ 774.79143758,  188.36718508],
         [ 795.36399518,  167.79462748],
         [ 823.19745546,  152.06267167],
         [ 844.98016351,  139.9611672 ],
         [ 875.23392469,  173.84537972],
         [ 859.50196888,  199.25853911],
         [ 881.28467692,  241.61380476],
         [ 940.58204883,  208.93974268],
         [ 981.72716403,  184.73673374],
         [1020.45197834,  199.25853911],
         [ 980.51701359,  221.04124716],
         [ 981.72716403,  118.17845915],
         [1015.61137655,   41.93898099],
         [ 947.84295151,   18.94612249],
         [ 904.27753542,   39.51868009],
         [ 877.65422558,   50.41003411],
         [ 865.55272111,   21.36642338],
         [ 836.50911038,   34.6780783 ],
         [ 844.98016351,   84.29424663],
         [ 801.41474742,  120.59876005],
         [ 613.84142812,  228.30214984],
         [ 555.75420666,  258.55591102],
         [ 508.55833922,  227.09199939],
         [ 479.51472849,  179.89613195],
         [ 460.15232134,  149.64237078],
         [ 497.6669852 ,  126.64951228],
         [ 537.60194995,  118.17845915],
         [ 532.76134816,  173.84537972],
         [ 542.44255174,  204.0991409 ],
         [ 578.74706515,  199.25853911],
         [ 586.00796783,  166.58447704],
         [ 644.09518929,  141.17131765],
         [ 684.03015405,  131.49011407],
         [ 727.59557014,  115.75815826],
         [ 743.32752596,   63.72168903],
         [ 725.17526925,   60.09123769],
         [ 768.74068534,   26.20702517],
         [ 692.50120718,   41.93898099],
         [ 638.04443706,   44.35928188],
         [ 628.36323348,   80.66379529],
         [ 665.87789734,   93.97545021],
         [ 596.89932186,   85.50439708],
         [ 542.44255174,   75.8231935 ],
         [ 567.85571113,   58.88108724],
         [ 491.61623296,   72.19274216],
         [ 466.20307357,   97.60590155],
         [ 429.89856016,   97.60590155],
         [ 412.9564539 ,  159.32357435],
         [ 392.3838963 ,  135.12056541],
         [ 426.26810882,   21.36642338],
         [ 524.29029503,   26.20702517],
         [ 498.87713564,   21.36642338],
         [ 564.22525979,   29.83747651],
         [ 584.79781739,   33.46792786],
         [ 607.79067588,   41.93898099],
         [ 606.58052543,   24.99687473],
         [ 642.88503885,   22.57657383],
         [ 714.28391523,  176.26568061],
         [ 648.93579108,  202.88899045],
         [   7.55605412,  287.59952175],
         [ 346.39817931,  440.07847808],
         [ 366.97073691,  477.59314194],
         [ 324.61547126,  448.54953121],
         [ 285.83747651,   16.82835921],
         [ 224.11980371,  126.34697467],
         [ 463.12451701,   15.01313354],
         [ 569.47550385,    7.30738288],
         [ 242.12285649,    4.23845181],
         [ 166.42255679,    7.30738288],
         [ 666.65832103,   12.422268  ],
         [ 856.9320473 ,  546.41627399]]), array([[252]], dtype=uint8))]]
