[[(array([[ 200.85139746,  569.59825771],
         [ 162.61168784,  519.02315789],
         [  47.89255898,  383.3338657 ],
         [  51.86090744,  535.98431942],
         [  99.35215971,  473.69059891],
         [ 163.49618875,  386.10932849],
         [ 204.20297641,  358.97147005],
         [ 101.81923775,  365.75593466],
         [ 103.66954628,  408.92980036],
         [ 265.8799274 ,  400.29502722],
         [ 270.19731397,  457.65459165],
         [ 336.19165154,  480.47506352],
         [ 413.9046098 ,  421.88196007],
         [ 382.44936479,  380.5584029 ],
         [ 339.8922686 ,  357.12116152],
         [ 394.16798548,  635.28421053],
         [ 466.33001815,  574.84079855],
         [  84.89872958,  660.88014519],
         [ 211.95324864,  667.04784029],
         [ 575.84725953,  558.49640653],
         [ 674.53038113,  498.05299456],
         [ 776.91411978,  530.12500907],
         [ 742.37502722,  623.87397459],
         [ 886.69909256,  596.73611615],
         [ 886.69909256,  495.58591652],
         [ 944.6754265 ,  530.12500907],
         [1002.65176044,  504.22068966],
         [ 958.24435572,  461.04682396],
         [1003.88529946,  430.20834846],
         [ 859.56123412,  411.70526316],
         [ 794.18366606,  432.6754265 ],
         [ 811.45321234,  472.14867514],
         [ 818.85444646,  410.47172414],
         [ 894.10032668,  385.80094374],
         [ 646.15898367,  430.20834846],
         [ 562.27833031,  478.31637024],
         [ 488.26598911,  523.95731397],
         [ 553.64355717,  393.20217786],
         [ 506.76907441,  389.5015608 ],
         [  49.126098  ,  335.22584392],
         [  62.69502722,  329.05814882],
         [  12.1199274 ,  303.1538294 ],
         [  17.05408348,  252.57872958],
         [  63.92856624,  234.07564428],
         [  71.32980036,  269.84827586],
         [  73.7968784 ,  294.51905626],
         [  99.70119782,  299.45321234],
         [ 131.77321234,  301.92029038],
         [ 241.55818512,  324.12399274],
         [ 204.55201452,  295.75259528],
         [ 179.88123412,  320.42337568],
         [ 272.39666062,  289.58490018],
         [ 372.62170599,  312.40537205],
         [ 333.14845735,  301.92029038],
         [ 298.60936479,  280.33335753],
         [ 292.44166969,  260.59673321],
         [ 269.00442831,  267.99796733],
         [ 331.29814882,  266.76442831],
         [ 366.45401089,  280.33335753],
         [ 416.4123412 ,  303.77059891],
         [ 458.35266788,  346.3276951 ],
         [ 473.15513612,  330.29168784],
         [ 505.84392015,  317.33952813],
         [ 493.50852995,  288.96813067],
         [ 573.07179673,  314.87245009],
         [ 616.24566243,  363.59724138],
         [ 692.10831216,  351.26185118],
         [ 705.67724138,  306.85444646],
         [ 756.2523412 ,  315.4892196 ],
         [ 659.41952813,  308.08798548],
         [ 639.68290381,  277.86627949],
         [ 608.2276588 ,  280.95012704],
         [ 634.74874773,  255.66257713],
         [ 607.61088929,  330.29168784],
         [ 732.19833031,  278.483049  ],
         [ 706.9107804 ,  277.24950998],
         [ 702.59339383,  245.79426497],
         [ 730.34802178,  243.94395644],
         [ 753.16849365,  230.37502722],
         [ 743.916951  ,  219.27317604],
         [ 750.0846461 ,  187.81793103],
         [ 694.5753902 ,  205.08747731],
         [ 697.04246824,  226.05764065],
         [ 660.65306715,  229.75825771],
         [ 646.46736842,  224.20733212],
         [ 659.41952813,  250.11165154],
         [ 641.53321234,  237.77626134],
         [ 615.62889292,  242.71041742],
         [ 611.92827586,  227.90794918],
         [ 618.71274047,  219.27317604],
         [ 631.04813067,  212.48871143],
         [ 627.34751361,  192.1353176 ],
         [ 647.70090744,  200.15332123],
         [ 574.92210526,  229.75825771],
         [ 584.17364791,  217.42286751],
         [ 596.50903811,  212.48871143],
         [ 605.14381125,  203.85393829],
         [ 600.82642468,  184.73408348],
         [ 594.04196007,  190.90177858],
         [ 581.08980036,  208.78809437],
         [ 562.58671506,  218.03963702],
         [ 553.33517241,  219.27317604],
         [ 560.73640653,  193.98562613],
         [ 568.75441016,  177.94961887],
         [ 541.61655172,  190.90177858],
         [ 528.66439201,  226.67441016],
         [ 515.7122323 ,  223.59056261],
         [ 508.31099819,  240.86010889],
         [ 518.17931034,  255.66257713],
         [ 536.06562613,  258.74642468],
         [ 554.56871143,  310.55506352],
         [ 535.44885662,  290.8184392 ],
         [ 584.17364791,  276.01597096],
         [ 455.88558984,  276.63274047],
         [ 471.9215971 ,  260.59673321],
         [ 431.83157895,  258.74642468],
         [ 457.73589837,  312.40537205],
         [ 377.55586207,  249.49488203],
         [ 405.31049002,  237.77626134],
         [ 410.86141561,  216.806098  ],
         [ 429.98127042,  223.59056261],
         [ 434.9154265 ,  210.6384029 ],
         [ 470.68805808,  234.07564428],
         [ 458.96943739,  226.05764065],
         [ 493.50852995,  216.18932849],
         [  50.45284936,  227.90794918],
         [  98.8692559 ,  240.24333938],
         [ 134.33350272,  247.02780399],
         [ 158.38751361,  254.73742287],
         [ 150.67789474,  268.61473684],
         [ 213.89676951,  262.13865699],
         [ 205.26199637,  240.24333938],
         [ 191.3846824 ,  235.00079855],
         [ 240.10947368,  236.54272232],
         [ 249.97778584,  284.6507441 ],
         [ 218.21415608,  208.78809437],
         [ 201.25299456,  203.54555354],
         [ 158.07912886,  210.02163339],
         [ 119.83941924,  219.88994555],
         [ 112.43818512,  204.4707078 ],
         [  95.78540835,  215.88094374],
         [  88.07578947,  206.93778584],
         [  47.36900181,  208.17132486],
         [  38.11745917,  201.38686025],
         [  40.89292196,  191.82693285],
         [  60.01277677,  199.53655172],
         [  72.96493648,  190.28500907],
         [ 104.11179673,  192.44370236],
         [  99.17764065,  190.28500907],
         [  82.83324864,  198.3030127 ],
         [ 137.10896552,  188.7430853 ],
         [ 167.02228675,  191.21016334],
         [ 186.75891107,  193.36885662],
         [  51.37800363,  155.74591652],
         [  22.69822142,  167.15615245],
         [   2.9615971 ,  145.26083485],
         [  17.14729583,  158.82976407],
         [  33.8000726 ,  156.05430127],
         [  16.83891107,  144.02729583],
         [   6.04544465,  187.20116152],
         [  35.03361162,  146.18598911],
         [  63.09662432,  148.03629764],
         [  72.03978221,  136.93444646],
         [  56.92892922,  121.20682396],
         [  71.73139746,  119.04813067],
         [  93.00994555,   98.07796733],
         [  84.68355717,  130.76675136],
         [ 107.19564428,  139.4015245 ],
         [  91.15963702,  137.24283122],
         [  88.38417423,  152.35368421],
         [  81.59970962,  146.18598911],
         [ 121.99811252,  149.57822142],
         [ 115.21364791,  154.5123775 ],
         [ 111.51303085,  147.41952813],
         [ 123.84842105,  139.4015245 ],
         [ 132.17480944,  149.26983666],
         [ 146.66889292,  144.64406534],
         [ 166.40551724,  138.78475499],
         [ 192.00145191,  132.61705989],
         [ 186.75891107,  125.52421053],
         [ 210.19615245,  118.73974592],
         [ 211.73807623,  103.93727768],
         [ 221.29800363,  103.93727768],
         [ 237.9507804 ,  102.3953539 ],
         [  77.89909256,  123.673902  ],
         [ 300.6138657 ,  237.77626134],
         [ 305.85640653,  205.39586207],
         [ 335.15295826,  233.45887477],
         [ 375.55136116,  219.27317604],
         [ 374.31782214,  202.92878403],
         [ 411.32399274,  199.53655172],
         [ 401.14729583,  213.4138657 ],
         [ 399.91375681,  190.90177858],
         [ 430.7522323 ,  186.58439201],
         [ 426.43484574,  200.77009074],
         [ 439.38700544,  195.52754991],
         [ 452.0307804 ,  180.10831216],
         [ 470.5338657 ,  187.81793103],
         [ 474.54286751,  205.08747731],
         [ 354.58119782,  181.34185118],
         [ 299.99709619,  177.94961887],
         [ 267.30831216,  193.06047187],
         [ 256.51484574,  235.61756806],
         [ 321.27564428,  186.58439201],
         [ 244.79622505,  191.21016334],
         [ 264.22446461,  166.53938294],
         [ 238.01176044,  149.26983666],
         [ 231.53568058,  149.88660617],
         [ 222.90090744,  145.5692196 ],
         [ 177.87673321,  157.59622505],
         [ 164.30780399,  156.36268603],
         [ 179.41865699,  141.25183303],
         [ 170.78388385,  145.87760436],
         [ 257.74838475,  112.26366606],
         [ 296.91324864,  111.95528131],
         [ 316.64987296,  105.47920145],
         [ 337.92842105,  111.95528131],
         [ 353.65604356,  111.95528131],
         [ 374.93459165,  108.25466425],
         [ 387.26998185,  113.18882033],
         [ 349.9554265 ,  167.15615245],
         [ 343.17096189,  172.09030853],
         [ 299.68871143,  156.36268603],
         [ 310.1737931 ,  151.12014519],
         [ 289.82039927,  141.86860254],
         [ 289.20362976,  150.81176044],
         [ 271.00892922,  160.6800726 ],
         [ 260.52384755,  154.5123775 ],
         [ 165.54134301,  224.51571688],
         [ 192.3708167 ,  151.42852995],
         [ 207.17328494,  155.12914701],
         [ 155.3646461 ,  142.79375681],
         [ 953.65923775,  359.27985481],
         [ 986.96479129,  369.76493648],
         [ 973.39586207,  318.57306715],
         [ 956.12631579,  293.90228675],
         [ 933.92261343,  263.68058076],
         [ 921.58722323,  284.03397459],
         [ 901.85059891,  316.72275862],
         [ 867.92827586,  311.78860254],
         [ 865.46119782,  347.56123412],
         [ 812.41901996,  352.4953902 ],
         [ 795.76624319,  288.35136116],
         [ 779.73023593,  282.18366606],
         [ 826.60471869,  303.1538294 ],
         [ 826.60471869,  269.84827586],
         [ 864.2276588 ,  265.53088929],
         [ 904.93444646,  230.37502722],
         [ 948.72508167,  225.44087114],
         [ 977.09647913,  221.12348457],
         [ 988.19833031,  245.17749546],
         [1014.71941924,  216.806098  ],
         [ 997.44987296,  209.40486388],
         [ 785.89793103,  259.9799637 ],
         [ 782.19731397,  235.3091833 ],
         [ 801.31716878,  232.22533575],
         [ 810.56871143,  239.00980036],
         [ 822.28733212,  236.54272232],
         [ 834.00595281,  202.00362976],
         [ 854.97611615,  203.85393829],
         [ 874.09597096,  203.85393829],
         [ 903.70090744,  203.85393829],
         [ 930.22199637,  204.4707078 ],
         [ 940.70707804,  202.62039927],
         [ 761.22715064,  177.94961887],
         [ 779.73023593,  184.73408348],
         [ 829.68856624,  182.88377495],
         [ 851.27549909,  186.58439201],
         [ 859.29350272,  176.09931034],
         [ 889.51520871,  186.58439201],
         [ 890.13197822,  206.32101633],
         [ 939.64805808,  194.60239564],
         [ 959.69306715,  193.98562613],
         [ 979.73807623,  193.98562613],
         [1007.80108893,  191.21016334],
         [1001.94177858,  185.35085299],
         [1010.57655172,  175.48254083],
         [ 998.24116152,  169.93161525],
         [1002.25016334,  177.64123412],
         [ 990.53154265,  185.04246824],
         [ 977.8877677 ,  182.26700544],
         [ 959.07629764,  177.64123412],
         [ 945.81575318,  187.20116152],
         [ 952.60021779,  178.56638838],
         [ 931.9384392 ,  177.94961887],
         [ 918.98627949,  183.19215971],
         [ 907.88442831,  176.71607985],
         [ 899.86642468,  179.7999274 ],
         [ 881.05495463,  177.64123412],
         [ 868.41117967,  172.39869328],
         [ 831.09662432,  166.53938294],
         [ 843.43201452,  175.48254083],
         [ 784.22214156,  161.29684211],
         [ 772.81190563,  165.61422868],
         [ 795.94076225,  174.55738657],
         [ 938.41451906,  180.10831216],
         [ 940.57321234,  176.71607985],
         [ 945.50736842,  174.55738657],
         [ 972.95361162,  172.39869328],
         [ 982.20515426,  174.55738657],
         [ 988.98961887,  174.55738657],
         [ 947.97444646,  174.24900181],
         [ 924.84558984,  172.70707804],
         [ 914.05212341,  174.55738657],
         [ 936.56421053,  173.6322323 ],
         [ 843.43201452,  166.8477677 ],
         [ 848.3661706 ,  169.31484574],
         [ 803.65038113,  170.24      ],
         [ 812.90192377,  181.03346642],
         [ 511.54903811,  207.55455535],
         [ 501.68072595,  193.98562613],
         [ 498.90526316,  173.32384755],
         [ 486.56987296,  169.93161525],
         [ 473.00094374,  175.48254083],
         [ 467.7584029 ,  170.54838475],
         [ 456.96493648,  170.24      ],
         [ 446.47985481,  171.47353902],
         [ 449.2553176 ,  166.23099819],
         [ 461.5907078 ,  169.00646098],
         [ 436.30315789,  163.45553539],
         [ 447.71339383,  155.74591652],
         [ 422.73422868,  156.05430127],
         [ 468.68355717,  118.43136116],
         [ 486.2614882 ,  117.5062069 ],
         [ 499.21364791,  117.19782214],
         [ 510.31549909,  117.19782214],
         [ 524.50119782,  116.27266788],
         [ 543.92943739,  119.04813067],
         [ 563.66606171,  116.88943739],
         [ 448.63854809,  115.34751361],
         [ 558.42352087,  172.09030853],
         [ 543.92943739,  170.54838475],
         [ 548.86359347,  168.69807623],
         [ 527.27666062,  167.15615245],
         [ 494.58787659,  163.76392015],
         [ 539.92043557,  179.7999274 ],
         [ 528.51019964,  188.7430853 ],
         [ 534.98627949,  176.71607985],
         [ 505.68972777,  300.99513612],
         [ 512.78257713,  169.31484574],
         [ 507.84842105,  169.93161525],
         [ 520.18381125,  176.4076951 ],
         [ 491.50402904,  190.90177858],
         [ 485.64471869,  187.50954628],
         [ 517.71673321,  190.59339383],
         [ 581.5523775 ,  168.38969147],
         [ 588.33684211,  173.32384755],
         [ 593.8877677 ,  170.24      ],
         [ 601.90577132,  166.53938294],
         [ 627.19332123,  166.23099819],
         [ 640.14548094,  140.63506352],
         [ 645.69640653,  129.22482759],
         [ 654.94794918,  129.8415971 ],
         [ 660.49887477,  121.51520871],
         [ 646.6215608 ,  122.44036298],
         [ 634.2861706 ,  133.54221416],
         [ 634.90294011,  122.44036298],
         [ 624.41785844,  122.44036298],
         [ 613.93277677,  120.59005445],
         [ 604.68123412,  119.04813067],
         [ 594.19615245,  117.19782214],
         [ 587.41168784,  117.19782214],
         [ 579.08529946,  121.51520871],
         [ 574.45952813,  117.19782214],
         [ 577.85176044,  173.6322323 ],
         [ 548.86359347,  174.24900181],
         [ 535.29466425,  170.54838475],
         [ 532.82758621,  169.00646098],
         [ 520.80058076,  168.08130672],
         [ 436.61154265,  239.31818512],
         [ 793.41270417,  136.31767695],
         [ 802.35586207,  136.0092922 ],
         [ 809.44871143,  130.76675136],
         [ 819.62540835,  131.69190563],
         [ 828.26018149,  135.39252269],
         [ 714.15782214,  185.04246824],
         [ 701.51404719,  171.78192377],
         [ 694.72958258,  167.46453721],
         [ 678.38519056,  170.24      ],
         [ 680.54388385,  173.01546279],
         [ 642.92094374,  176.4076951 ],
         [ 752.08914701,  162.53038113],
         [ 764.73292196,  167.46453721],
         [ 725.56805808,  167.77292196],
         [ 719.09197822,  172.09030853],
         [ 680.8522686 ,  189.97662432],
         [ 728.34352087,  170.85676951],
         [ 669.13364791,  177.33284936],
         [  13.62119782,  268.61473684],
         [ 741.1414882 ,  168.69807623],
         [ -47.08994555,  742.29372051],
         [ 403.46018149,  113.49720508],
         [ 415.79557169,  119.04813067],
         [ 435.53219601,  114.11397459],
         [ 268.3876588 ,  209.71324864],
         [ 198.69270417,  140.63506352],
         [ 209.17778584,  143.10214156],
         [ 213.49517241,  142.48537205],
         [ 317.11245009,  166.53938294],
         [ 382.49001815,  181.95862069],
         [ 857.59738657,  162.83876588],
         [ 865.92377495,  180.41669691],
         [ 901.69640653,  168.38969147]]), array([[403]], dtype=uint16))]]
