[[(array([[ 429.8443872 ,   55.56899012],
         [ 437.52623756,   32.52343903],
         [ 484.71474693,   44.59491818],
         [ 536.29288508,   41.30269659],
         [ 513.24733399,   10.57529514],
         [ 475.93548937,   10.57529514],
         [ 345.34403321,   33.62084623],
         [ 293.76589506,   44.59491818],
         [ 207.07072669,   21.54936709],
         [ 647.13101173,   13.86751673],
         [ 895.14503772,   67.64046926],
         [ 974.15835573,   67.64046926],
         [1005.98316437,   70.93269085],
         [1000.4961284 ,  106.04972107],
         [1016.95723632,   83.00416999],
         [ 968.67131975,  108.24453546],
         [ 948.91799025,  115.92638583],
         [ 930.26206794,  103.85490668],
         [ 906.11910966,  114.82897863],
         [ 880.87874419,  118.12120021],
         [ 887.46318735,  137.87452972],
         [ 941.23613989,  159.82267361],
         [1009.27538596,  149.94600886],
         [1000.4961284 ,  192.74488945],
         [ 959.8920622 ,  183.96563189],
         [ 955.50243342,  196.03711103],
         [ 931.35947514,  198.23192542],
         [ 895.14503772,  192.74488945],
         [ 880.87874419,  187.25785348],
         [ 914.89836722,  232.25154846],
         [ 941.23613989,  230.05673407],
         [ 979.6453917 ,  245.42043479],
         [ 966.47650537,  265.17376429],
         [ 933.55428953,  271.75820746],
         [ 858.93060029,  232.25154846],
         [ 843.56689957,  185.06303909],
         [ 826.00838445,  193.84229664],
         [ 798.57320459,  190.55007506],
         [ 539.58510666,  320.04412402],
         [ 569.21510091,  291.51153696],
         [ 588.96843042,  280.53746502],
         [ 582.38398725,  257.49191393],
         [ 559.33843616,  256.39450674],
         [ 535.19547788,  271.75820746],
         [ 514.34474118,  268.46598588],
         [ 533.00066349,  221.27747651],
         [ 535.19547788,  193.84229664],
         [ 458.37697426,  225.66710529],
         [ 482.51993254,  224.56969809],
         [ 479.22771096,  260.78413552],
         [ 435.33142317,  268.46598588],
         [ 416.67550086,  245.42043479],
         [ 424.35735122,  214.69303334],
         [ 359.61032674,  223.4722909 ],
         [ 345.34403321,  187.25785348],
         [ 293.76589506,  216.88784773],
         [ 220.23961303,  209.20599737],
         [ 227.92146339,  230.05673407],
         [ 159.88221732,  242.12821321],
         [ 126.96000148,  228.95932687],
         [ 133.54444465,  256.39450674],
         [ 173.05110366,  272.85561466],
         [ 132.44703746,  284.9270938 ],
         [ 143.4211094 ,  283.8296866 ],
         [ 102.8170432 ,  277.24524343],
         [  36.97261152,  253.10228515],
         [  63.31038419,  248.71265637],
         [  16.12187483,  291.51153696],
         [  96.23260003,  332.11560317],
         [  95.13519284,  366.1352262 ],
         [  62.212977  ,  370.52485498],
         [  31.48557555,  360.64819023],
         [  61.11556981,  399.05744204],
         [  58.92075542,  433.07706507],
         [  22.70631799,  410.03151398],
         [  39.16742591,  478.07076005],
         [  96.23260003,  557.08407806],
         [ 122.5703727 ,  502.21371833],
         [ 150.00555257,  551.59704209],
         [ 156.58999574,  493.43446077],
         [ 162.07703171,  462.70705933],
         [ 131.34963026,  395.76522045],
         [ 207.07072669,  427.5900291 ],
         [ 226.82405619,  376.01189095],
         [ 233.40849936,  332.11560317],
         [ 199.38887633,  325.53116   ],
         [ 140.12888782,  335.40782475],
         [ 162.07703171,  325.53116   ],
         [ 120.37555831,  307.97264488],
         [ 387.04550661,  337.60263914],
         [ 422.16253683,  337.60263914],
         [ 437.52623756,  311.26486647],
         [ 381.55847063,  269.56339307],
         [ 336.56477565,  260.78413552],
         [ 325.59070371,  290.41412977],
         [ 466.05882462,  298.09598013],
         [ 512.14992679,  294.80375855],
         [ 497.88363326,  352.96633986],
         [ 470.4484534 ,  352.96633986],
         [ 496.78622607,  393.57040606],
         [ 301.44774543,  429.78484349],
         [ 368.3895843 ,  504.40853272],
         [ 370.58439869,  475.87594566],
         [ 426.55216561,  485.75261041],
         [ 582.38398725,  473.68113127],
         [ 596.65028078,  439.66150824],
         [ 527.51362752,  418.81077154],
         [ 511.0525196 ,  445.14854421],
         [ 472.64326779,  429.78484349],
         [ 773.33283911,  378.20670534],
         [ 862.22282188,  370.52485498],
         [ 905.02170247,  376.01189095],
         [ 955.50243342,  401.25225643],
         [ 975.25576292,  360.64819023],
         [1000.4961284 ,  368.33004059],
         [ 879.78133699,  279.44005782],
         [ 856.7357859 ,  267.36857868],
         [ 840.27467798,  269.56339307],
         [ 815.03431251,  226.76451248],
         [ 790.89135423,  213.59562615],
         [ 763.45617436,  193.84229664],
         [ 743.70284486,  209.20599737],
         [ 696.51433549,  198.23192542],
         [ 669.07915562,  154.33563764],
         [ 616.40361028,  190.55007506],
         [ 624.08546064,  228.95932687],
         [ 639.44916137,  205.91377578],
         [ 576.89695128,  210.30340456],
         [ 591.16324481,  203.7189614 ],
         [ 198.29146913,  485.75261041],
         [ 247.67479289,  482.46038883],
         [ 328.88292529,  529.6488982 ],
         [ 342.05181163,  585.61666512],
         [ 241.09034972,  577.93481476],
         [ 201.58369072,  586.71407232],
         [  97.33000723,  650.3636896 ],
         [  40.26483311,  592.20110829],
         [  18.31668922,  539.52556295],
         [ 457.27956706,  569.1555572 ],
         [ 457.27956706,  569.1555572 ],
         [ 513.24733399,  637.19480327],
         [ 558.24102897,  672.3118335 ],
         [ 648.22841893,  618.53888096],
         [ 606.52694553,  597.68814426],
         [ 640.54656856,  536.23334136],
         [ 742.60543766,  633.90258169],
         [ 695.41692829,  669.01961191],
         [ 858.93060029,  616.34406657],
         [ 847.95652835,  537.33074856],
         [ 809.54727654,  478.07076005],
         [ 823.81357007,  462.70705933],
         [ 907.21651686,  478.07076005],
         [ 720.65729377,  408.93410679],
         [ 694.3195211 ,  343.08967511],
         [ 736.0209945 ,  356.25856145],
         [ 725.04692255,  320.04412402],
         [ 710.78062902,  291.51153696],
         [ 732.72877291,  234.44636284],
         [ 750.28728803,  260.78413552],
         [ 766.74839594,  238.83599162],
         [ 787.59913264,  245.42043479],
         [ 817.2291269 ,  282.73227941],
         [ 799.67061178,  299.19338733],
         [1005.98316437,  564.76592842],
         [ 289.37626629,  322.23893841],
         [ 243.28516411,  264.0763571 ],
         [ 218.04479864,  280.53746502],
         [  94.03778564,  473.68113127],
         [ 638.35175417,  298.09598013],
         [ 621.89064626,  317.84930964],
         [ 658.10508368,  307.97264488],
         [ 568.11769372,  365.037819  ],
         [ 581.28658005,  343.08967511],
         [ 640.54656856,  391.37559167],
         [ 644.93619734,  349.67411828],
         [ 328.88292529,  349.67411828],
         [ 320.10366774,  324.4337528 ],
         [ 345.34403321,  320.04412402],
         [ 383.75328502,  408.93410679],
         [ 684.44285635,  271.75820746],
         [ 680.05322757,  239.93339882],
         [ 665.78693404,  203.7189614 ],
         [ 982.93761328,  504.40853272],
         [ 692.12470671,  431.97965788],
         [ 649.32582612,  433.07706507],
         [ 475.93548937,  516.48001186],
         [ 472.2538229 ,  404.72880209],
         [ 412.92115556,  414.95857232],
         [ 872.09948663,  221.27747651],
         [ 244.38257131,   48.98454695],
         [  15.02446763,  334.31041755],
         [ 838.0798636 ,  362.84300461],
         [ 891.85281613,  355.16115425],
         [ 705.29359305,  248.71265637],
         [ 473.74067498,  209.20599737],
         [ 290.47367348,  248.71265637],
         [ 203.77850511,  234.44636284],
         [ 338.75959004,  386.9859629 ],
         [ 667.98174843,  287.12190819],
         [ 630.66990381,  268.46598588],
         [ 596.65028078,  391.37559167],
         [ 275.10997276,  277.24524343],
         [ 254.25923606,  320.04412402],
         [ 783.20950386,  279.44005782],
         [1049.87945216,  261.88154271],
         [  88.55074967,  404.54447801],
         [ 371.68180588,  327.72597439],
         [ 275.10997276,  395.76522045],
         [  58.44028923,  277.22000494],
         [1014.30252045,  644.67754994],
         [ 752.00163623,  372.92438161],
         [ 363.27645197,  246.50008156],
         [ 382.1810202 ,   46.82057962],
         [  86.79714158,    9.01144315],
         [ 517.26481191,  514.18734355],
         [ 673.78029642,  538.7387921 ],
         [ 703.44663009,  527.48604485]]), array([[217]], dtype=uint8))]]
