[[(array([[ 936.69569994,  289.48798983],
         [ 934.21153973,  239.18374571],
         [ 932.34841958,  200.0582225 ],
         [1010.59946599,  182.66910108],
         [1010.59946599,  147.89085823],
         [ 973.33706294,  113.11261538],
         [ 970.85290273,   62.18733121],
         [ 935.45361983,   70.88189193],
         [ 976.44226319,   31.75636872],
         [ 946.0113007 ,   15.6093274 ],
         [ 920.54865861,    5.67268659],
         [ 903.15953719,   23.68284806],
         [ 841.0555321 ,   33.61948887],
         [ 877.07585505,  155.96437889],
         [ 816.21393007,  182.04806103],
         [ 803.79312905,  213.72110362],
         [ 871.4864946 ,  257.19390718],
         [ 860.30777368,  277.06718881],
         [ 829.87681119,  301.28775079],
         [ 832.36097139,  322.40311252],
         [ 863.41297394,  354.07615512],
         [ 792.61440814,  370.84423649],
         [ 738.58392371,  332.96079339],
         [ 727.4052028 ,  285.14070947],
         [ 713.74232168,  310.60335156],
         [ 684.55343929,  341.03431405],
         [ 641.08063573,  364.01279593],
         [ 617.4811138 ,  337.30807374],
         [ 591.39743166,  303.771911  ],
         [ 637.35439542,  321.78207247],
         [ 580.83975079,  280.79342912],
         [ 616.86007374,  254.08870693],
         [ 658.46975715,  237.94166561],
         [ 677.10095868,  268.99366815],
         [ 723.05792244,  220.55254418],
         [ 652.88039669,  211.23694342],
         [ 710.01608137,  190.12158169],
         [ 710.01608137,  131.74381691],
         [ 744.79432422,  106.28117483],
         [ 755.97304514,  106.28117483],
         [ 761.56240559,   55.97693071],
         [ 796.34064844,  160.9326993 ],
         [ 715.60544183,   39.82988938],
         [ 638.59647552,   20.57764781],
         [ 655.3645569 ,   67.77669167],
         [ 663.43807756,   95.10245391],
         [ 650.39623649,  128.01757661],
         [ 588.2922314 ,   75.85021233],
         [ 589.53431151,    5.67268659],
         [ 576.49247044,  128.01757661],
         [ 585.8080712 ,  158.4485391 ],
         [ 605.06031278,  206.88966306],
         [ 560.96646917,  228.62606484],
         [ 541.71422759,  199.43718245],
         [ 798.2037686 ,  112.49157533],
         [ 519.35678576,  110.62845518],
         [ 530.53550668,  312.46647171],
         [ 575.25039034,  342.8974342 ],
         [ 949.60604196,  361.2181157 ],
         [ 883.77579657,  405.93299936],
         [ 847.75547362,  397.23843865],
         [ 896.19659758,  443.19540242],
         [ 801.79850985,  436.98500191],
         [ 692.4954609 ,  491.63652638],
         [ 713.61082263,  450.64788303],
         [ 670.13801907,  408.41715957],
         [ 652.74889765,  381.09139733],
         [ 707.40042212,  383.57555753],
         [ 626.66521551,  450.64788303],
         [ 639.08601653,  424.56420089],
         [ 622.93897521,  484.18404577],
         [ 632.87561602,  512.75188811],
         [ 564.56121043,  495.36276669],
         [ 542.2037686 ,  521.44644882],
         [ 564.56121043,  542.56181055],
         [ 557.10872982,  571.12965289],
         [ 619.2127349 ,  586.03461411],
         [ 670.13801907,  577.3400534 ],
         [ 668.89593897,  597.21333503],
         [ 737.21034456,  646.8965391 ],
         [ 817.94555118,  660.55942022],
         [ 825.39803179,  677.94854164],
         [ 779.44106802,  645.654459  ],
         [ 789.37770884,  613.36037635],
         [ 852.72379402,  650.6227794 ],
         [ 831.60843229,  634.47573808],
         [ 939.66940114,  674.22230134],
         [ 952.09020216,  663.04358042],
         [ 975.68972409,  645.654459  ],
         [ 979.4159644 ,  629.50741767],
         [ 996.80508582,  634.47573808],
         [ 978.1738843 ,  598.45541513],
         [1005.49964654,  566.16133249],
         [ 979.4159644 ,  574.8558932 ],
         [ 969.47932359,  546.28805086],
         [ 942.15356135,  568.64549269],
         [ 922.28027972,  563.67717228],
         [ 892.47035728,  577.3400534 ],
         [ 857.69211443,  576.0979733 ],
         [ 896.19659758,  602.18165544],
         [ 888.74411697,  624.53909727],
         [ 868.87083535,  609.63413605],
         [ 885.01787667,  646.8965391 ],
         [ 897.43867769,  661.80150032],
         [ 941.04298029,  651.24381945],
         [ 844.78177241,  627.64429752],
         [ 866.51817419,  630.74949777],
         [ 838.5713719 ,  596.59229498],
         [ 821.18225048,  604.04477559],
         [ 753.48888493,  630.12845772],
         [ 662.81703751,  663.04358042],
         [ 805.03520915,  459.96348379],
         [ 533.64070693,  385.43867769],
         [ 536.12486713,  405.31195931],
         [ 666.54327781,  641.30717864],
         [ 697.59528036,  639.44405849],
         [ 438.97962111,  352.21303497],
         [ 401.71721805,  323.02415257],
         [ 380.60185633,  299.42463064],
         [ 378.73873617,  344.76055435],
         [ 338.37113287,  314.32959186],
         [ 306.07705022,  354.69719517],
         [ 278.13024793,  331.71871329],
         [ 273.78296758,  293.83527018],
         [ 300.48768976,  252.22558678],
         [ 293.65624921,  224.27878449],
         [ 316.63473109,  221.79462428],
         [ 337.12905277,  250.98350668],
         [ 394.8857775 ,  223.03670439],
         [ 450.77938207,  290.10902988],
         [ 430.28506039,  265.26742784],
         [ 496.73634584,  266.50950795],
         [ 483.69450477,  210.61590337],
         [ 508.5361068 ,  205.64758296],
         [ 474.37890401,  165.27997966],
         [ 399.23305785,  154.10125874],
         [ 379.35977622,  178.32182072],
         [ 361.9706548 ,  166.52205976],
         [ 486.79970502,  120.56509599],
         [ 468.1685035 ,   93.23933376],
         [ 470.03162365,   52.2506904 ],
         [ 422.83257978,  128.63861666],
         [ 425.93778004,   81.43957279],
         [ 390.53849714,   80.19749269],
         [ 444.56898156,   25.54596821],
         [ 347.06569358,   50.38757025],
         [ 329.67657216,    1.32540623],
         [ 320.98201144,   34.24052893],
         [ 293.03520915,   44.79820979],
         [ 261.98320661,   93.23933376],
         [ 275.64608773,  123.0492562 ],
         [ 265.70944692,  141.68045772],
         [ 309.80329053,  161.55373935],
         [ 242.73096503,  177.70078067],
         [ 227.82600381,  165.27997966],
         [ 207.95272219,  140.43837762],
         [ 214.1631227 ,  110.00741513],
         [ 227.20496376,   74.60813223],
         [ 237.14160458,   51.0086103 ],
         [ 194.91088112,   29.89324857],
         [ 153.30119771,   62.80837127],
         [ 180.62695995,  116.83885569],
         [ 151.43807756,  102.55493452],
         [ 119.76503497,   80.81853274],
         [ 139.01727654,  136.09109727],
         [ 129.70167578,  155.96437889],
         [ 134.04895613,  179.56390083],
         [ 137.15415639,  205.02654291],
         [ 157.64847807,  193.847822  ],
         [ 181.86904005,  182.04806103],
         [ 190.56360076,  215.58422378],
         [ 198.01608137,  241.66790591],
         [ 220.3735232 ,  230.489185  ],
         [ 254.530726  ,  245.39414622],
         [ 211.05792244,  271.47782835],
         [ 180.0059199 ,  265.26742784],
         [ 175.65863954,  303.15087095],
         [ 223.47872346,  331.71871329],
         [ 210.43688239,  354.69719517],
         [ 158.89055817,  350.97095486],
         [ 129.70167578,  323.64519263],
         [ 124.73335537,  278.30926891],
         [  75.0501513 ,  275.20406866],
         [  89.95511252,  247.87830642],
         [  96.78655308,  316.81375207],
         [  43.99814876,  311.84543166],
         [  21.64070693,  276.44614876],
         [  34.06150795,  244.15206612],
         [  57.66102988,  200.67926256],
         [  85.60783217,  162.79581945],
         [  68.21871074,  143.54357788],
         [  90.57615257,   98.20765416],
         [  51.45062937,   44.17716974],
         [  58.28206993,   18.71452765],
         [  27.85110744,    5.67268659],
         [  11.70406612,  103.79701462],
         [  23.50382708,  136.09109727],
         [ 274.40400763,  203.16342276],
         [ 250.8044857 ,  201.30030261],
         [  78.15535156,  338.55015385],
         [   4.87262556,  329.85559313],
         [ 331.53969231,   73.36605213],
         [ 319.11889129,  101.93389447],
         [ 511.15176605,   13.43568722],
         [ 512.39384615,  232.66282517],
         [  73.93957025,  657.14369994],
         [ 126.10693452,  657.14369994],
         [ 146.6012562 ,  653.41745963],
         [ 101.88637254,  623.60753719],
         [ 128.59109472,  621.74441704],
         [ 163.99037762,  626.71273744],
         [ 168.95869803,  642.23873872],
         [ 195.66342022,  602.49217546],
         [ 226.09438271,  590.69241449],
         [ 217.399822  ,  672.66970121],
         [ 244.10454418,  664.59618055],
         [ 245.96766434,  631.0600178 ],
         [ 263.35678576,  600.62905531],
         [ 300.61918881,  582.61889383],
         [ 305.58750922,  626.09169739],
         [ 302.48230896,  665.2172206 ],
         [ 281.98798729,  665.83826065],
         [ 263.97782581,  590.07137444],
         [ 314.28206993,  606.83945582],
         [ 337.26055181,  575.78745327],
         [ 363.965274  ,  578.89265353],
         [ 388.80687603,  587.58721424],
         [ 404.95391736,  596.902815  ],
         [ 422.34303878,  618.63921678],
         [ 396.88039669,  644.10185887],
         [ 375.76503497,  670.80658106],
         [ 440.97424031,  645.96497902],
         [ 429.79551939,  586.34513414],
         [ 465.81584234,  591.31345455],
         [ 202.49486078,  645.34393897],
         [ 141.63293579,  435.43240178],
         [  91.94973172,  393.82271837],
         [ 165.23245772,  396.30687858],
         [ 188.21093961,  460.27400381],
         [ 232.30478322,  481.38936554],
         [ 227.95750286,  433.56928163],
         [ 221.74710235,  405.00143929],
         [ 268.94614622,  511.19928798],
         [ 272.67238652,  461.51608392],
         [ 274.53550668,  436.67448188],
         [ 317.38727018,  404.38039924],
         [ 270.80926637,  389.47543802],
         [ 364.58631405,  444.12696249],
         [ 351.54447298,  431.08512142],
         [ 374.52295486,  495.05224666],
         [ 416.13263827,  500.64160712],
         [ 454.01608137,  517.40968849],
         [ 333.53431151,  485.7366459 ],
         [ 432.27967959,  453.44256325],
         [ 361.4811138 ,  379.5387972 ],
         [ 433.52175969,  380.7808773 ],
         [ 485.06808392,  462.13712397],
         [ 467.67896249,  431.08512142],
         [ 490.03640432,  386.99127781],
         [ 493.76264463,  582.61889383],
         [ 518.60424666,  577.02953338],
         [ 491.89952448,  615.53401653],
         [ 467.67896249,  654.65953973],
         [ 478.85768341,  673.29074126],
         [ 498.73096503,  672.66970121],
         [ 463.33168214,  631.0600178 ],
         [ 484.44704387,  631.0600178 ],
         [ 506.18344565,  639.75457851],
         [  52.82420852,  482.94196567],
         [  30.46676669,  377.36515702],
         [   6.86724476,  463.06868404],
         [  71.45541004,  439.46916211],
         [  24.25636618,  603.42373554],
         [ 124.86485442,  643.17029879],
         [  65.24500954,  640.68613859],
         [ 322.35559059,  623.29701716],
         [ 352.16551303,  675.46438144],
         [1016.67836745,  607.14997584],
         [ 995.56300572,  607.14997584],
         [ 132.31733503,    2.25696631],
         [  92.57077177,    5.98320661],
         [ 708.02146217,  426.42732104],
         [ 398.74351685,   28.65116847],
         [ 995.239001  ,  579.6955045 ]]), array([[284]], dtype=uint16))]]
