[[(array([[  3.87614679, 407.0637105 ],
         [ 33.13608563, 390.55810398],
         [ 90.15545362, 382.30530071],
         [104.41029562, 366.54994903],
         [162.93017329, 356.04638124],
         [197.44189602, 344.79255861],
         [229.70285423, 383.05555556],
         [320.48369011, 342.54179409],
         [363.24821611, 414.56625892],
         [379.00356779, 371.05147808],
         [449.52752294, 403.31243629],
         [448.77726809, 341.0412844 ],
         [508.79765545, 326.03618756],
         [540.30835882, 396.56014271],
         [625.83741081, 387.55708461],
         [529.05453619, 311.78134557],
         [547.81090724, 266.0158002 ],
         [619.08511723, 340.29102956],
         [566.56727829, 369.5509684 ],
         [640.0922528 , 310.28083588],
         [693.36034659, 366.54994903],
         [721.87003058, 322.28491335],
         [682.8567788 , 271.2675841 ],
         [644.59378186, 273.51834862],
         [622.83639144, 269.01681957],
         [605.58053007, 237.50611621],
         [624.33690112, 224.75178389],
         [697.1116208 , 240.50713558],
         [678.35524975, 231.50407747],
         [687.35830785, 215.74872579],
         [733.12385321, 253.26146789],
         [525.30326198, 235.25535168],
         [478.78746177, 274.26860347],
         [441.27471967, 305.02905199],
         [424.01885831, 308.7803262 ],
         [348.99337411, 281.77115189],
         [300.97706422, 284.77217125],
         [274.71814475, 329.03720693],
         [219.19928644, 308.03007136],
         [152.4266055 , 314.03211009],
         [ 78.15137615, 308.03007136],
         [ 12.12895005, 273.51834862],
         [ 58.64475025, 247.25942915],
         [ 88.65494393, 280.2706422 ],
         [113.41335372, 279.52038736],
         [149.42558614, 265.26554536],
         [196.69164118, 275.76911315],
         [212.44699286, 254.76197757],
         [253.71100917, 263.76503568],
         [327.23598369, 256.26248726],
         [305.47859327, 242.00764526],
         [417.26656473, 278.77013252],
         [459.28083588, 254.01172273],
         [408.26350663, 233.754842  ],
         [390.25739042, 263.01478084],
         [360.24719674, 221.75076453],
         [318.23292559, 224.75178389],
         [663.35015291, 251.01070336],
         [255.9617737 , 217.24923547],
         [195.94138634, 224.75178389],
         [134.4204893 , 217.99949032],
         [115.66411825, 230.00356779],
         [ 71.39908257, 215.74872579],
         [ 54.89347604, 222.50101937],
         [ 37.63761468, 184.23802243],
         [  5.37665647, 194.74159021],
         [ 86.40417941, 190.24006116],
         [126.91794088, 190.24006116],
         [142.67329256, 180.48674822],
         [162.93017329, 175.23496432],
         [189.9393476 , 173.73445464],
         [183.18705403, 198.49286442],
         [233.45412844, 194.74159021],
         [303.22782875, 199.99337411],
         [339.24006116, 166.98216106],
         [376.75280326, 193.24108053],
         [446.52650357, 212.74770642],
         [473.53567788, 217.99949032],
         [551.56218145, 203.74464832],
         [567.31753313, 202.24413863],
         [574.06982671, 189.48980632],
         [634.09021407, 194.74159021],
         [652.09633028, 180.48674822],
         [681.35626911, 191.74057085],
         [707.61518858, 190.990316  ],
         [699.36238532, 177.48572885],
         [676.85474006, 179.73649337],
         [644.59378186, 165.48165138],
         [622.83639144, 155.72833843],
         [610.83231397, 175.23496432],
         [664.85066259, 323.78542304],
         [638.59174312, 211.99745158],
         [556.0637105 , 185.73853211],
         [540.30835882, 193.24108053],
         [508.79765545, 187.98929664],
         [528.30428135, 179.73649337],
         [541.05861366, 158.7293578 ],
         [558.31447503, 161.73037717],
         [570.3185525 , 173.73445464],
         [585.32364934, 151.97706422],
         [576.32059123, 151.97706422],
         [615.33384302, 145.22477064],
         [673.85372069, 158.7293578 ],
         [703.11365953, 142.97400612],
         [474.28593272, 186.48878695],
         [487.04026504, 169.23292559],
         [520.05147808, 158.7293578 ],
         [505.79663609, 156.47859327],
         [445.77624873, 174.48470948],
         [430.77115189, 173.73445464],
         [460.03109072, 158.7293578 ],
         [ 76.65086646, 173.73445464],
         [123.16666667, 161.73037717],
         [303.22782875, 178.98623853],
         [300.97706422, 161.73037717],
         [277.71916412, 166.98216106],
         [274.71814475, 189.48980632],
         [258.96279307, 203.74464832],
         [204.1941896 , 168.48267074],
         [241.7069317 , 166.98216106],
         [ 27.88430173, 173.73445464],
         [ 15.12996942, 174.48470948],
         [ 52.64271152, 153.4775739 ],
         [ 66.14729867, 154.22782875],
         [ 30.8853211 , 142.97400612],
         [ 12.12895005, 139.97298675],
         [ 45.89041794, 132.47043833],
         [ 57.89449541, 136.22171254],
         [ 62.39602446, 108.46228338],
         [  6.87716616, 110.71304791],
         [ 13.62945973,  93.45718654],
         [ 33.88634047,  46.1911315 ],
         [ 18.88124363,  37.18807339],
         [ 98.22069317, 111.12538226],
         [135.73343527, 113.37614679],
         [118.10244648, 138.13455657],
         [ 85.46636086, 140.01019368],
         [145.1116208 , 142.63608563],
         [136.10856269, 143.38634047],
         [149.98827727, 134.38328236],
         [175.4969419 , 132.88277268],
         [184.87512742, 140.3853211 ],
         [177.74770642, 162.14271152],
         [163.86799185, 160.64220183],
         [194.25331295, 156.14067278],
         [231.0158002 , 153.13965341],
         [209.63353721, 144.13659531],
         [213.38481142, 132.50764526],
         [223.51325178, 131.75739042],
         [242.64475025, 138.509684  ],
         [237.01783894, 147.5127421 ],
         [258.02497452, 123.87971458],
         [267.40316004, 161.39245668],
         [259.15035678, 144.88685015],
         [304.54077472, 151.26401631],
         [312.41845056, 150.51376147],
         [320.2961264 , 153.13965341],
         [318.4204893 , 130.25688073],
         [300.41437309, 137.38430173],
         [146.23700306,  90.11824669],
         [165.36850153,  89.74311927],
         [180.37359837,  91.61875637],
         [ 90.34301733,  45.10295617],
         [116.97706422,  43.9775739 ],
         [126.35524975,  47.72884811],
         [135.73343527,  47.72884811],
         [256.52446483,  32.72375127],
         [268.90366972,  32.72375127],
         [274.90570846,  43.9775739 ],
         [233.26656473,  28.97247706],
         [ 59.95769623,   8.34046891],
         [ 36.69979613,  17.71865443],
         [ 35.57441386,  24.84607543],
         [ 38.57543323,  35.34964322],
         [ 43.4520897 ,  41.35168196],
         [ 51.32976555,  42.85219164],
         [193.5030581 ,  39.85117227],
         [205.882263  ,  39.10091743],
         [206.63251784,  28.97247706],
         [206.25739042,  22.22018349],
         [286.53465851,  42.1019368 ],
         [290.66106014,  36.09989806],
         [ 67.46024465,  96.12028542],
         [ 35.94954128, 135.13353721],
         [101.22171254, 170.39551478],
         [335.30122324,  39.85117227],
         [336.80173293,  49.2293578 ],
         [313.1687054 ,  46.60346585],
         [320.45107034, 144.56320082],
         [344.19826707, 157.28491335],
         [351.8312946 , 148.37971458],
         [368.3695209 , 162.37359837],
         [379.3950051 , 164.49388379],
         [372.18603466, 145.41131498],
         [403.990316  , 154.74057085],
         [398.90163099, 142.44291539],
         [409.5030581 , 141.59480122],
         [415.43985729, 131.41743119],
         [278.89347604, 125.05657492],
         [292.88735984, 129.72120285],
         [295.00764526, 268.81192661],
         [112.66309888, 267.11569827],
         [145.31549439, 243.36850153],
         [ 44.38990826, 205.627421  ],
         [ 70.6814475 , 194.17787971],
         [278.46941896, 144.56320082],
         [268.29204893, 142.44291539],
         [271.26044852, 136.93017329],
         [233.94342508, 138.62640163],
         [356.49592253, 139.4745158 ],
         [387.02803262, 194.17787971],
         [342.92609582, 136.50611621],
         [348.43883792, 131.84148828],
         [362.00866463, 132.68960245],
         [369.64169215, 126.75280326],
         [397.20540265, 120.81600408],
         [390.84454638, 134.80988787],
         [388.72426096, 173.39908257],
         [322.57135576, 199.69062181],
         [193.23394495, 253.54587156],
         [192.38583078, 268.81192661],
         [211.04434251, 214.53261978],
         [362.43272171,  29.64373089],
         [308.15341488, 132.68960245],
         [402.29408767, 136.93017329],
         [ 13.43374108,  44.48572885],
         [184.32874618,  41.09327217],
         [218.67737003, 129.72120285],
         [286.52650357, 149.22782875],
         [383.20529471, 149.64985015],
         [428.05644356, 148.91458541],
         [434.67382617, 158.47302697],
         [431.73276723, 138.62087912],
         [468.496004  , 143.76773227],
         [475.11338661, 143.76773227],
         [462.61388611,  96.71078921],
         [480.26023976, 102.59290709],
         [501.58291708, 108.47502498],
         [489.81868132, 147.44405594],
         [550.11038961, 113.62187812],
         [530.25824176, 128.32717283],
         [529.52297702, 140.09140859],
         [514.08241758, 143.76773227],
         [502.31818182, 143.03246753],
         [508.93556444, 130.53296703],
         [550.11038961, 142.2972028 ],
         [574.37412587, 112.88661339],
         [611.87262737, 132.0034965 ],
         [603.78471528, 143.76773227],
         [632.46003996, 140.09140859],
         [634.66583417, 118.03346653],
         [618.49000999, 118.03346653],
         [653.04745255, 135.67982018],
         [646.43006993, 146.70879121],
         [653.04745255, 148.91458541],
         [661.13536464, 143.03246753],
         [580.99150849, 142.2972028 ],
         [564.08041958, 151.85564436],
         [558.93356643, 131.26823177],
         [684.66383616, 129.06243756],
         [683.19330669, 135.67982018],
         [675.10539461, 137.88561439],
         [705.98651349, 132.0034965 ],
         [717.75074925, 146.70879121],
         [722.8976024 , 137.88561439],
         [687.6048951 , 144.502997  ],
         [680.25224775, 148.91458541],
         [719.95654346,   6.27322677],
         [253.7987013 , 154.7967033 ],
         [728.04445554, 162.88461538],
         [717.75074925, 180.53096903]]), array([[271]], dtype=uint16))]]
