[[(array([[4.77727273e+01, 3.98966116e+02],
         [8.35280992e+01, 4.02404132e+02],
         [5.60239669e+01, 3.58397521e+02],
         [2.37066116e+01, 3.65273554e+02],
         [1.88933884e+01, 3.36394215e+02],
         [3.47082645e+01, 3.47395868e+02],
         [9.52173554e+01, 3.88652066e+02],
         [9.65925620e+01, 3.46708264e+02],
         [8.55909091e+01, 3.52209091e+02],
         [1.68103306e+02, 3.72837190e+02],
         [2.21736364e+02, 3.61147934e+02],
         [2.14172727e+02, 3.81088430e+02],
         [1.87356198e+02, 3.35019008e+02],
         [1.94919835e+02, 3.19204132e+02],
         [2.53366116e+02, 3.42582645e+02],
         [2.46490083e+02, 3.16453719e+02],
         [2.41676860e+02, 3.06139669e+02],
         [1.96982645e+02, 2.97200826e+02],
         [1.70853719e+02, 2.78635537e+02],
         [1.39911570e+02, 2.81385950e+02],
         [1.46787603e+02, 3.02014050e+02],
         [1.12407438e+02, 3.18516529e+02],
         [7.87148760e+01, 2.90324793e+02],
         [6.56504132e+01, 3.04076860e+02],
         [5.53363636e+01, 2.31878512e+02],
         [1.04843802e+02, 2.42192562e+02],
         [8.62785124e+01, 2.78635537e+02],
         [1.03468595e+02, 2.73822314e+02],
         [3.15938017e+02, 3.52896694e+02],
         [3.26252066e+02, 3.40519835e+02],
         [3.67508264e+02, 3.53584298e+02],
         [3.58569421e+02, 3.25392562e+02],
         [3.25564463e+02, 3.15766116e+02],
         [2.80182645e+02, 3.08890083e+02],
         [3.09749587e+02, 2.95825620e+02],
         [2.99435537e+02, 2.52506612e+02],
         [3.40004132e+02, 2.75885124e+02],
         [3.93637190e+02, 3.10265289e+02],
         [4.12890083e+02, 4.00341322e+02],
         [4.33518182e+02, 3.61147934e+02],
         [4.24579339e+02, 3.35706612e+02],
         [4.26642149e+02, 3.08890083e+02],
         [4.10139669e+02, 2.71071901e+02],
         [3.78509917e+02, 2.66258678e+02],
         [3.46192562e+02, 2.53881818e+02],
         [3.51005785e+02, 2.38754545e+02],
         [3.37253719e+02, 2.02999174e+02],
         [3.82635537e+02, 2.09187603e+02],
         [3.81947934e+02, 1.86496694e+02],
         [3.95012397e+02, 1.77557851e+02],
         [4.04638843e+02, 2.24314876e+02],
         [4.66523140e+02, 2.46318182e+02],
         [4.40394215e+02, 2.05061983e+02],
         [5.24969421e+02, 3.96215702e+02],
         [5.02278512e+02, 4.14093388e+02],
         [5.15342975e+02, 3.79025620e+02],
         [5.01590909e+02, 3.57709917e+02],
         [5.19468595e+02, 3.39832231e+02],
         [5.31845455e+02, 3.26767769e+02],
         [5.75852066e+02, 3.54959504e+02],
         [5.75852066e+02, 3.26080165e+02],
         [4.88526446e+02, 2.58007438e+02],
         [4.88526446e+02, 2.86199174e+02],
         [4.75461983e+02, 3.17141322e+02],
         [5.29095041e+02, 2.59382645e+02],
         [5.38721488e+02, 2.88949587e+02],
         [6.02668595e+02, 2.86199174e+02],
         [5.82040496e+02, 2.60757851e+02],
         [5.70351240e+02, 2.50443802e+02],
         [6.14357851e+02, 3.16453719e+02],
         [6.17108264e+02, 2.16751240e+02],
         [5.38033884e+02, 2.40817355e+02],
         [5.22219008e+02, 2.29128099e+02],
         [4.74774380e+02, 2.22939669e+02],
         [4.95402479e+02, 2.06437190e+02],
         [5.26344628e+02, 2.09187603e+02],
         [5.50410744e+02, 2.13313223e+02],
         [5.33220661e+02, 1.74807438e+02],
         [5.51098347e+02, 1.88559504e+02],
         [5.72414050e+02, 1.65868595e+02],
         [5.73789256e+02, 1.20486777e+02],
         [6.14357851e+02, 1.18423967e+02],
         [5.78602479e+02, 9.57330579e+01],
         [5.98542975e+02, 7.78553719e+01],
         [5.82728099e+02, 5.99776860e+01],
         [5.82040496e+02, 3.65991736e+01],
         [6.21233884e+02, 5.31016529e+01],
         [5.39409091e+02, 1.47303306e+02],
         [4.89901653e+02, 1.55554545e+02],
         [4.72711570e+02, 1.69994215e+02],
         [4.58959504e+02, 1.39052066e+02],
         [4.76837190e+02, 1.30800826e+02],
         [4.85776033e+02, 1.08797521e+02],
         [5.11217355e+02, 9.43578512e+01],
         [5.36658678e+02, 7.57925620e+01],
         [5.60724793e+02, 6.41033058e+01],
         [5.51098347e+02, 1.10172727e+02],
         [5.52473554e+02, 3.59115702e+01],
         [5.15342975e+02, 3.93495868e+01],
         [4.97465289e+02, 1.11578512e+01],
         [4.74086777e+02, 3.72867769e+01],
         [4.88526446e+02, 6.82289256e+01],
         [4.68585950e+02, 8.54190083e+01],
         [4.50020661e+02, 1.07422314e+02],
         [4.34893388e+02, 1.10860331e+02],
         [4.44519835e+02, 1.31488430e+02],
         [4.12890083e+02, 1.41802479e+02],
         [4.23204132e+02, 1.69994215e+02],
         [4.07389256e+02, 1.49366116e+02],
         [4.08764463e+02, 9.98586777e+01],
         [4.15640496e+02, 8.06057851e+01],
         [4.21141322e+02, 6.34157025e+01],
         [4.34205785e+02, 4.55380165e+01],
         [4.16328099e+02, 1.56198347e-01],
         [4.18390909e+02, 4.28181818e+00],
         [4.74086777e+02, 3.59421488e+00],
         [3.29690083e+02, 1.76870248e+02],
         [3.32440496e+02, 1.54179339e+02],
         [3.76447107e+02, 1.56242149e+02],
         [3.78509917e+02, 1.20486777e+02],
         [3.67508264e+02, 1.31488430e+02],
         [3.75759504e+02, 8.88570248e+01],
         [3.47567769e+02, 6.34157025e+01],
         [3.39316529e+02, 7.51049587e+01],
         [3.47567769e+02, 4.14123967e+01],
         [3.55819008e+02, 2.83479339e+01],
         [3.65445455e+02, 1.66586777e+01],
         [3.09061983e+02, 2.83479339e+01],
         [2.99435537e+02, 3.93495868e+01],
         [3.11124793e+02, 6.54785124e+01],
         [2.95997521e+02, 7.44173554e+01],
         [3.16625620e+02, 1.20486777e+02],
         [3.16625620e+02, 9.98586777e+01],
         [2.89121488e+02, 1.41802479e+02],
         [2.80870248e+02, 1.70681818e+02],
         [2.95309917e+02, 1.82371074e+02],
         [2.84995868e+02, 2.02999174e+02],
         [2.51303306e+02, 2.53194215e+02],
         [2.23111570e+02, 2.66258678e+02],
         [1.90794215e+02, 2.38066942e+02],
         [1.99045455e+02, 2.20189256e+02],
         [2.29300000e+02, 2.04374380e+02],
         [2.55428926e+02, 2.28440496e+02],
         [1.90794215e+02, 1.68619008e+02],
         [2.13485124e+02, 1.82371074e+02],
         [2.47177686e+02, 1.64493388e+02],
         [2.51303306e+02, 1.47303306e+02],
         [2.60929752e+02, 1.23924793e+02],
         [2.33425620e+02, 1.28050413e+02],
         [2.28612397e+02, 1.40427273e+02],
         [2.16923140e+02, 1.32176033e+02],
         [2.03171074e+02, 1.45928099e+02],
         [1.97670248e+02, 1.06047107e+02],
         [2.65742975e+02, 9.22950413e+01],
         [2.47177686e+02, 9.09198347e+01],
         [2.53366116e+02, 6.54785124e+01],
         [2.60929752e+02, 4.21000000e+01],
         [2.29987603e+02, 1.32206612e+01],
         [2.42364463e+02, 9.78264463e+00],
         [2.55428926e+02, 2.97231405e+01],
         [2.75369421e+02, 3.72867769e+01],
         [2.06609091e+02, 7.02917355e+01],
         [2.21736364e+02, 6.06652893e+01],
         [2.09359504e+02, 3.79743802e+01],
         [1.96982645e+02, 5.92900826e+01],
         [1.77729752e+02, 4.34752066e+01],
         [1.67415702e+02, 9.09504132e+00],
         [1.83918182e+02, 1.66586777e+01],
         [1.69478512e+02, 7.92305785e+01],
         [1.53663636e+02, 5.17264463e+01],
         [1.57789256e+02, 9.22950413e+01],
         [1.39223967e+02, 6.82289256e+01],
         [1.35098347e+02, 1.09485124e+02],
         [1.52288430e+02, 1.52116529e+02],
         [1.55038843e+02, 1.72744628e+02],
         [1.37848760e+02, 2.20876860e+02],
         [1.48850413e+02, 2.39442149e+02],
         [1.23409091e+02, 1.95435537e+02],
         [1.13782645e+02, 1.69994215e+02],
         [8.69661157e+01, 1.73432231e+02],
         [7.25264463e+01, 1.90622314e+02],
         [6.22123967e+01, 2.13313223e+02],
         [3.19578512e+01, 2.69009091e+02],
         [3.76611570e+00, 1.91309917e+02],
         [1.70330579e+00, 2.58695041e+02],
         [5.18983471e+01, 1.67931405e+02],
         [5.73991736e+01, 1.36989256e+02],
         [1.00718182e+02, 1.40427273e+02],
         [5.53363636e+01, 1.23237190e+02],
         [6.51652893e+00, 1.55554545e+02],
         [7.89173554e+00, 1.16361157e+02],
         [3.47082645e+01, 1.00546281e+02],
         [7.73396694e+01, 9.77958678e+01],
         [5.05231405e+01, 8.47314050e+01],
         [1.47677686e+01, 8.06057851e+01],
         [2.16438017e+01, 5.44768595e+01],
         [5.73991736e+01, 5.37892562e+01],
         [9.79677686e+01, 6.61661157e+01],
         [1.08969421e+02, 8.12933884e+01],
         [1.28909917e+02, 9.16074380e+01],
         [1.09657025e+02, 4.48504132e+01],
         [8.07776860e+01, 4.34752066e+01],
         [7.94024793e+01, 9.78264463e+00],
         [4.02090909e+01, 1.59710744e+01],
         [3.82635537e+02, 5.58520661e+01],
         [2.09561983e+01, 1.53140496e+00],
         [1.70330579e+00, 2.90355372e+01],
         [1.13782645e+02, 1.53140496e+00],
         [2.90496694e+02, 2.90661157e+00],
         [2.60929752e+02, 2.90661157e+00],
         [5.25071429e+02, 3.40909091e+00]]), array([[211]], dtype=uint8))]]
