[[(array([[127.05119137, 634.52510747],
         [219.78142155, 611.063242  ],
         [235.42266519, 503.80899987],
         [168.38876386, 499.34007311],
         [184.0300075 , 433.42340347],
         [256.65006728, 416.66492814],
         [278.99470106, 327.28639303],
         [338.20798057, 307.17622263],
         [363.90430941, 303.82452756],
         [341.55967563, 364.15503876],
         [339.32521226, 414.43046476],
         [323.68396861, 507.16069494],
         [331.50459043, 614.41493707],
         [201.90571452, 155.23271294],
         [481.21363674, 528.38809702],
         [505.7927339 , 460.236964  ],
         [452.16561283, 444.59572036],
         [458.86900297, 342.92763667],
         [446.57945439, 303.82452756],
         [422.00035723, 335.10701485],
         [540.42691625, 348.51379512],
         [575.06109861, 393.20306267],
         [556.0681599 , 414.43046476],
         [576.1783303 , 522.80193858],
         [538.19245288, 623.35279058],
         [637.62607318, 514.98131676],
         [712.48059634, 590.9530716 ],
         [623.10206123, 483.69882947],
         [611.92974434, 418.89939151],
         [634.27437812, 359.686112  ],
         [595.17126901, 290.41774729],
         [521.43397754, 254.66633325],
         [581.76448874, 235.67339454],
         [627.57098799, 265.83865014],
         [649.91562176, 250.19740649],
         [518.08228248, 215.56322414],
         [489.03425856, 215.56322414],
         [427.58651568, 218.91491921],
         [358.31815097, 254.66633325],
         [301.33933483, 246.84571143],
         [297.98763977, 145.17762774],
         [246.59498208, 136.23977423],
         [428.70374737, 180.92904178],
         [446.57945439, 188.74966361],
         [465.5723931 , 178.69457841],
         [500.20657545, 167.52226152],
         [486.79979519, 161.93610307],
         [537.07522119, 180.92904178],
         [560.53708665, 186.51520023],
         [587.35064719, 175.34288334],
         [632.59853059, 172.82911204],
         [641.5363841 , 152.1603258 ],
         [663.32240203,  92.38843044],
         [687.34288334,  82.89196109],
         [690.69457841, 142.1052406 ],
         [810.23836912, 121.43645435],
         [878.94811798, 166.68433775],
         [780.63172936,  64.45763822],
         [844.87255147,  47.14054704],
         [849.90009407,  48.81639457],
         [879.50673383,  57.19563224],
         [757.16986389,  44.90608366],
         [739.29415687,  38.20269353],
         [713.59782803,  45.46469951],
         [690.13596256,  48.81639457],
         [654.94316436,  62.22317484],
         [621.4262137 ,  56.6370164 ],
         [590.70234225,  52.72670549],
         [570.03355601,  58.31286393],
         [541.54414794,  61.664559  ],
         [559.97847081, 130.93292371],
         [604.66773836, 123.67091773],
         [520.8753617 , 134.84323462],
         [544.33722716, 159.98094762],
         [725.32876076, 275.61442742],
         [503.55827052,  98.53320473],
         [459.98623465,  89.03673537],
         [475.06886245,  76.7471868 ],
         [465.5723931 ,  59.43009562],
         [467.24824063,  37.64407769],
         [487.35841103, 449.06464711],
         [266.70515248,  82.33334524],
         [281.78778028,  69.48518082],
         [297.42902392,  86.24365615],
         [321.44950523,  72.27826004],
         [341.00105979,  70.04379666],
         [299.6634873 ,  51.05085795],
         [261.67760988,  35.96823015],
         [317.53919432,  37.08546184],
         [364.46292526,  41.5543886 ],
         [392.95233332,  80.09888186],
         [371.16631539,  95.74012551],
         [366.69738863, 119.76060682],
         [359.9939985 , 163.89125853],
         [394.62818085, 152.71894164],
         [390.71786994, 123.67091773],
         [427.58651568, 159.98094762],
         [433.17267412,  80.09888186],
         [659.41209112,  37.64407769],
         [629.80545136,  37.08546184],
         [645.44669501,  38.76130937],
         [708.01166958, 139.87077722],
         [726.44599245, 121.9950702 ],
         [681.19810905, 684.80053347]]), array([[104]], dtype=uint8))]]
