[[(array([[101.89240506, 139.13132911],
         [160.84810127, 125.03322785],
         [186.05379747, 109.22626582],
         [169.39240506,  98.54588608],
         [157.43037975, 100.68196203],
         [137.35126582,  98.97310127],
         [145.46835443,  81.88449367],
         [129.23417722,  81.03006329],
         [120.68987342,  76.75791139],
         [107.87341772,  84.02056962],
         [106.59177215, 101.53639241],
         [ 96.76582278,  86.58386076],
         [ 86.93987342,  88.71993671],
         [ 83.09493671,  93.84651899],
         [ 68.99683544,  91.28322785],
         [ 68.56962025,  99.40031646],
         [ 93.34810127, 107.51740506],
         [ 88.22151899,  97.26424051],
         [115.13607595, 142.54905063],
         [141.19620253, 140.84018987],
         [135.21518987, 155.79272152],
         [139.06012658, 168.60917722],
         [126.24367089, 186.55221519],
         [104.88291139, 160.9193038 ],
         [101.03797468, 183.56170886],
         [ 77.54113924, 163.05537975],
         [ 74.9778481 , 186.55221519],
         [ 90.35759494, 193.38765823],
         [ 58.74367089, 249.78006329],
         [ 86.93987342, 267.29588608],
         [115.13607595, 238.24525316],
         [132.65189873, 205.34968354],
         [157.85759494, 190.82436709],
         [179.64556962, 178.86234177],
         [186.05379747, 195.95094937],
         [183.06329114, 215.17563291],
         [224.50316456, 208.34018987],
         [222.36708861, 190.3971519 ],
         [212.96835443, 175.44462025],
         [208.26898734, 140.84018987],
         [236.03797468, 141.69462025],
         [249.70886076, 175.01740506],
         [257.82594937, 190.3971519 ],
         [273.2056962 , 189.54272152],
         [297.98417722, 187.40664557],
         [303.96518987, 215.6028481 ],
         [321.05379747, 228.84651899],
         [327.46202532, 239.09968354],
         [328.3164557 , 185.69778481],
         [326.18037975, 172.02689873],
         [322.76265823, 147.67563291],
         [329.59810127, 129.73259494],
         [347.96835443, 107.94462025],
         [299.26582278, 118.625     ],
         [294.5664557 ,  92.56487342],
         [307.38291139,  92.56487342],
         [262.52531646,  86.58386076],
         [259.96202532,  74.62183544],
         [294.5664557 ,  55.3971519 ],
         [ 47.20886076,  39.16297468],
         [ 77.11392405,  59.6693038 ],
         [ 96.33860759,  61.80537975],
         [ 77.96835443,  74.62183544],
         [ 58.74367089,  72.91297468],
         [ 25.42088608, 106.23575949],
         [ 18.58544304,  88.29272152],
         [  8.75949367,  66.07753165],
         [ 13.45886076,  53.68829114],
         [ 30.54746835,  66.07753165],
         [ 31.82911392,  55.82436709],
         [ 34.39240506, 101.96360759],
         [ 40.37341772,  93.4193038 ],
         [ 43.36392405,  81.88449367],
         [ 53.18987342, 137.84968354],
         [ 40.80063291, 115.20727848],
         [ 54.0443038 , 103.24525316],
         [ 23.71202532, 123.75158228],
         [ 30.12025316, 133.57753165],
         [ 35.67405063, 168.60917722],
         [ 48.49050633, 180.99841772],
         [124.53481013,  53.68829114],
         [149.31329114,  48.98892405],
         [172.38291139,  38.73575949],
         [186.48101266,  37.88132911],
         [227.92088608,  78.46677215],
         [221.93987342,  87.01107595],
         [204.85126582,  84.44778481],
         [188.18987342,  85.72943038],
         [168.53797468,  85.72943038],
         [178.79113924,  92.56487342],
         [223.64873418, 108.37183544],
         [206.13291139, 103.67246835],
         [228.34810127, 104.95411392],
         [242.87341772, 103.24525316],
         [246.29113924,  88.29272152],
         [281.32278481,  90.85601266],
         [250.13607595, 241.23575949],
         [286.44936709, 253.625     ],
         [307.81012658,  51.125     ],
         [335.15189873,  47.70727848],
         [350.53164557,  30.1914557 ],
         [339.85126582,  32.75474684],
         [327.46202532,  28.05537975],
         [225.78481013,  22.07436709],
         [262.52531646,  53.68829114],
         [272.35126582,  55.3971519 ],
         [225.78481013,  55.82436709],
         [229.62974684,  63.51424051],
         [208.26898734,  59.6693038 ],
         [198.01582278,  43.00791139],
         [192.88924051,  66.93196203],
         [204.42405063,  70.34968354],
         [173.66455696,  65.65031646],
         [165.12025316,  57.53322785],
         [156.57594937,  69.92246835],
         [142.90506329,  61.37816456],
         [181.78164557, 146.82120253],
         [  8.75949367, 125.88765823],
         [243.7278481 ,  58.81487342],
         [236.03797468,  43.86234177],
         [323.61708861,  35.74525316],
         [312.93670886,  40.01740506],
         [174.51898734,  26.77373418],
         [220.65822785,  38.73575949],
         [222.7943038 ,  35.74525316],
         [221.08544304,   7.97626582],
         [240.73734177,  10.11234177],
         [270.64240506,  22.50158228],
         [278.33227848,  19.51107595],
         [284.74050633,  26.77373418],
         [282.60443038,  49.84335443],
         [253.12658228,  50.69778481],
         [206.98734177,  38.73575949],
         [190.75316456,  72.91297468],
         [273.41311755,  47.64650767],
         [237.0758092 ,  25.5681431 ],
         [248.57495741,  23.72827939],
         [233.39608177,  32.46763203],
         [353.90715503, 204.49488927],
         [352.52725724, 235.7725724 ],
         [ 29.63117547, 148.379046  ]]), array([[141]], dtype=uint8))]]
