[[(array([[  3.66513761, 331.6559633 ],
         [ 67.67125382, 317.58868502],
         [ 74.70489297, 263.42966361],
         [ 97.91590214, 274.68348624],
         [121.12691131, 297.1911315 ],
         [160.51529052, 343.61314985],
         [168.95565749, 292.97094801],
         [198.4969419 , 310.55504587],
         [183.72629969, 273.27675841],
         [206.93730887, 257.09938838],
         [263.90978593, 316.8853211 ],
         [263.20642202, 350.64678899],
         [358.16055046, 307.0382263 ],
         [342.68654434, 294.37767584],
         [299.07798165, 264.83639144],
         [273.05351682, 267.64984709],
         [ 61.34097859, 252.17584098],
         [ 26.87614679, 253.58256881],
         [ 47.27370031, 245.14220183],
         [ 88.06880734, 246.54892966],
         [104.94954128, 233.8883792 ],
         [130.97400612, 261.31957187],
         [111.98318043, 250.06574924],
         [147.85474006, 251.47247706],
         [166.84556575, 240.21865443],
         [157.70183486, 248.65902141],
         [390.51529052, 284.53058104],
         [362.38073394, 250.06574924],
         [315.9587156 , 256.39602446],
         [445.37767584, 272.5733945 ],
         [414.42966361, 264.83639144],
         [401.06574924, 262.72629969],
         [503.75688073, 316.8853211 ],
         [503.75688073, 282.4204893 ],
         [494.61314985, 276.09021407],
         [528.37461774, 276.79357798],
         [548.06880734, 263.42966361],
         [600.117737  , 276.79357798],
         [596.60091743, 303.52140673],
         [616.99847095, 323.21559633],
         [664.12385321, 320.40214067],
         [648.64984709, 251.47247706],
         [638.80275229, 243.73547401],
         [618.40519878, 237.40519878],
         [607.15137615, 248.65902141],
         [587.45718654, 254.98929664],
         [573.38990826, 255.69266055],
         [427.09021407, 245.14220183],
         [416.53975535, 247.95565749],
         [216.08103976, -56.60091743],
         [330.02599388, 240.21865443],
         [269.53669725, 250.06574924],
         [282.19724771, 245.14220183],
         [663.4204893 , -46.75382263],
         [231.55504587, 243.73547401],
         [249.13914373, 285.93730887],
         [674.67431193, 245.14220183],
         [656.38685015, 240.21865443],
         [649.35321101, 242.32874618],
         [230.14831804, -57.30428135],
         [257.5795107 , 240.21865443],
         [247.7324159 , 240.92201835],
         [469.29204893, 278.20030581],
         [481.24923547, 262.72629969],
         [496.01987768, 252.87920489],
         [310.33180428, -55.1941896 ],
         [386.29510703, 240.21865443],
         [398.95565749, 237.40519878],
         [383.48165138, 230.37155963],
         [458.0382263 , 259.91284404],
         [469.29204893, 255.69266055],
         [268.12996942, 236.70183486],
         [258.28287462, -50.2706422 ],
         [289.93425076, 233.8883792 ],
         [ 45.16360856, 210.67737003],
         [182.31957187, 250.06574924],
         [193.5733945 , 256.39602446],
         [204.82721713, 240.21865443],
         [241.40214067, 259.91284404],
         [304.70489297, 250.06574924],
         [355.3470948 , -58.71100917],
         [503.05351682, 246.54892966],
         [511.49388379, 240.21865443],
         [389.10856269, 258.50611621],
         [472.10550459, 231.77828746],
         [483.35932722, 237.40519878],
         [505.86697248, 231.77828746],
         [533.29816514, 226.85474006],
         [334.94954128, -55.1941896 ],
         [568.46636086, -54.49082569],
         [429.20030581, 235.29510703],
         [407.39602446, 230.37155963],
         [346.90672783, 250.06574924],
         [240.69877676, 240.92201835],
         [586.92966361, 237.75688073],
         [553.87155963, 231.77828746],
         [525.73700306, 247.60397554],
         [515.18654434, 252.52752294],
         [555.62996942, 249.01070336],
         [628.0764526 , 233.18501529],
         [537.6941896 , 107.28287462],
         [602.05198777, 237.75688073],
         [522.57186544, 229.31651376],
         [641.79204893, 340.44801223],
         [424.10091743, 229.31651376],
         [418.47400612, 235.64678899],
         [593.25993884, 238.10856269],
         [433.59633028, 116.77828746],
         [569.69724771, 236.35015291],
         [603.10703364, 224.0412844 ],
         [610.14067278, 224.0412844 ],
         [538.74923547, 249.71406728],
         [142.84265734, 238.61588412],
         [363.42207792, 230.34415584],
         [347.56793207, 237.23726274],
         [311.03446553, 231.72277722],
         [489.56593407, 220.69380619],
         [473.02247752, 223.45104895],
         [449.58591409, 243.44105894],
         [437.86763237, 244.81968032],
         [435.7997003 , 240.68381618],
         [437.17832168, 234.48001998],
         [433.04245754, 228.96553447],
         [403.4020979 , 245.50899101],
         [386.16933067, 251.71278721],
         [574.35114885, 226.8976024 ],
         [580.55494505, 226.20829171],
         [550.91458541, 222.07242757],
         [542.64285714, 231.72277722],
         [628.11738262, 218.62587413],
         [627.42807193, 214.49000999],
         [617.77772228, 215.17932068],
         [623.29220779, 226.20829171],
         [633.63186813, 226.20829171],
         [635.6998002 , 218.62587413],
         [645.35014985, 216.55794206],
         [647.41808192, 224.82967033],
         [658.44705295, 221.38311688],
         [661.2042957 , 226.8976024 ],
         [663.27222777, 215.17932068],
         [672.23326673, 214.49000999],
         [674.3011988 , 233.1013986 ],
         [686.70879121, 225.51898102]]), array([[143]], dtype=uint8))]]
