[[(array([[282.31818182, 644.00649351],
         [462.83766234, 668.68181818],
         [523.87662338, 581.66883117],
         [516.08441558, 501.14935065],
         [557.64285714, 463.48701299],
         [595.30519481, 612.83766234],
         [487.51298701, 437.51298701],
         [431.66883117, 468.68181818],
         [394.00649351, 523.22727273],
         [294.00649351, 508.94155844],
         [217.38311688, 499.85064935],
         [179.72077922, 484.26623377],
         [ 69.33116883, 498.55194805],
         [ 65.43506494, 562.18831169],
         [ 83.61688312, 649.2012987 ],
         [ 25.17532468, 607.64285714],
         [183.61688312, 592.05844156],
         [256.34415584, 594.65584416],
         [ 68.03246753, 432.31818182],
         [ 21.27922078, 441.40909091],
         [ 25.17532468, 475.17532468],
         [383.61688312, 428.42207792],
         [417.38311688, 419.33116883],
         [457.64285714, 410.24025974],
         [574.52597403, 349.2012987 ],
         [588.81168831, 321.92857143],
         [521.27922078, 294.65584416],
         [497.9025974 , 277.77272727],
         [345.95454545, 405.04545455],
         [270.62987013, 434.91558442],
         [177.12337662, 450.5       ],
         [192.70779221, 418.03246753],
         [158.94155844, 416.73376623],
         [119.98051948, 405.04545455],
         [262.83766234, 389.46103896],
         [252.44805195, 359.59090909],
         [187.51298701, 341.40909091],
         [160.24025974, 362.18831169],
         [ 83.61688312, 356.99350649],
         [116.08441558, 327.12337662],
         [151.14935065, 294.65584416],
         [168.03246753, 271.27922078],
         [199.2012987 , 290.75974026],
         [229.07142857, 250.5       ],
         [261.53896104, 232.31818182],
         [269.33116883, 308.94155844],
         [282.31818182, 337.51298701],
         [390.11038961, 345.30519481],
         [322.57792208, 323.22727273],
         [321.27922078, 295.95454545],
         [419.98051948, 340.11038961],
         [466.73376623, 312.83766234],
         [484.91558442, 336.21428571],
         [458.94155844, 281.66883117],
         [391.40909091, 273.87662338],
         [494.00649351, 228.42207792],
         [468.03246753, 199.85064935],
         [412.18831169, 264.78571429],
         [412.18831169, 244.00649351],
         [348.55194805, 253.0974026 ],
         [201.7987013 , 206.34415584],
         [566.73376623, 177.77272727],
         [501.7987013 , 141.40909091],
         [355.69480519, 156.01948052],
         [367.38311688, 137.83766234],
         [424.52597403, 129.3961039 ],
         [465.43506494, 124.2012987 ],
         [412.18831169, 106.66883117],
         [405.69480519, 128.0974026 ],
         [386.86363636, 110.56493506],
         [377.12337662,  99.52597403],
         [382.31818182,  85.88961039],
         [414.13636364,  70.95454545],
         [430.37012987,  65.75974026],
         [356.99350649, 124.85064935],
         [351.14935065, 103.42207792],
         [340.11038961, 107.96753247],
         [360.24025974,  93.03246753],
         [360.88961039,  85.88961039],
         [362.18831169,  78.74675325],
         [347.9025974 ,  73.55194805],
         [331.01948052,  76.7987013 ],
         [331.01948052, 138.48701299],
         [313.48701299, 148.87662338],
         [307.64285714, 169.65584416],
         [263.48701299, 183.29220779],
         [262.18831169, 164.46103896],
         [270.62987013, 209.26623377],
         [223.22727273, 180.69480519],
         [195.95454545, 176.7987013 ],
         [245.30519481, 144.98051948],
         [262.18831169, 124.2012987 ],
         [274.52597403,  96.92857143],
         [305.04545455, 119.00649351],
         [306.99350649, 137.18831169],
         [323.87662338, 119.00649351],
         [334.26623377, 120.95454545],
         [325.82467532, 108.61688312],
         [314.78571429, 108.61688312],
         [313.48701299,  98.22727273],
         [315.43506494,  87.18831169],
         [311.53896104,  78.0974026 ],
         [298.55194805,  87.83766234],
         [291.40909091,  94.98051948],
         [293.35714286, 105.37012987],
         [261.53896104,  92.38311688],
         [249.85064935,  94.33116883],
         [291.40909091,  73.55194805],
         [281.01948052,  70.30519481],
         [231.01948052, 100.82467532],
         [222.57792208, 111.21428571],
         [207.64285714, 130.04545455],
         [193.35714286, 144.98051948],
         [227.77272727, 124.85064935],
         [469.33116883, 173.87662338],
         [174.52597403, 151.7987013 ],
         [153.74675325, 310.24025974],
         [175.82467532, 124.52597403],
         [214.78571429,  84.59090909],
         [231.66883117,  76.14935065],
         [240.11038961,  61.21428571],
         [205.04545455, 104.07142857],
         [198.55194805,  79.3961039 ],
         [160.88961039,  95.62987013],
         [146.6038961 ,  99.52597403],
         [166.73376623, 113.81168831],
         [158.94155844, 113.81168831],
         [297.25324675,  59.26623377],
         [274.52597403,  54.07142857],
         [206.01948052,  64.94805195],
         [199.85064935,  46.11688312],
         [206.99350649,  38.32467532],
         [214.46103896,  49.03896104],
         [225.5       ,  45.46753247],
         [236.21428571,  28.90909091],
         [221.92857143,  23.06493506],
         [238.16233766,  18.19480519],
         [253.74675325,  42.22077922],
         [263.81168831,  44.49350649],
         [249.85064935,  49.36363636],
         [181.34415584,  40.27272727],
         [173.55194805,  24.03896104],
         [160.88961039,  58.12987013],
         [174.2012987 ,  65.27272727],
         [183.94155844,  61.37662338],
         [193.68181818,  64.2987013 ],
         [167.38311688,  85.72727273],
         [158.61688312,  84.42857143],
         [135.56493506,  90.92207792],
         [286.21428571,  38.32467532],
         [272.57792208,  43.19480519],
         [508.29220779, 128.42207792],
         [206.34415584,  17.70779221],
         [188.81168831,  13.81168831],
         [195.95454545,  11.21428571],
         [169.98051948,   8.61688312],
         [119.98051948, 107.31818182],
         [273.87662338,  31.99350649],
         [192.68181818,  96.38068182],
         [286.17045455,  48.3125    ],
         [239.125     ,  42.6875    ],
         [307.8587385 , 356.34756899],
         [225.33574244,   9.69842313],
         [207.46452037,   9.17279895],
         [215.34888305,   2.8653088 ],
         [222.70762155,   2.8653088 ],
         [232.16885677,   3.91655716],
         [240.57884363,   7.07030223],
         [245.30946124,   3.39093298],
         [163.31208936,  45.96649146],
         [195.37516426,   3.39093298],
         [163.83771353,   3.39093298]]), array([[172]], dtype=uint8))]]
