[[(array([[ 56.41966427, 230.19904077],
         [ 90.94724221, 237.70503597],
         [146.49160671, 200.92565947],
         [ 86.44364508, 182.91127098],
         [ 57.17026379, 176.1558753 ],
         [ 23.39328537, 179.9088729 ],
         [ 23.39328537, 212.9352518 ],
         [109.71223022, 268.47961631],
         [167.50839329, 245.21103118],
         [184.02158273, 212.18465228],
         [177.26618705, 180.65947242],
         [129.22781775, 170.15107914],
         [159.25179856, 146.882494  ],
         [123.9736211 , 117.60911271],
         [136.73381295, 124.36450839],
         [180.26858513, 106.3501199 ],
         [228.30695444, 131.8705036 ],
         [286.85371703, 160.39328537],
         [227.55635492, 218.18944844],
         [217.04796163, 193.41966427],
         [197.5323741 , 156.64028777],
         [260.58273381, 155.13908873],
         [257.58033573, 218.94004796],
         [274.8441247 , 239.20623501],
         [235.81294964, 260.9736211 ],
         [335.64268585, 233.95203837],
         [304.117506  , 247.46282974],
         [311.6235012 , 217.43884892],
         [325.88489209, 188.91606715],
         [385.1822542 , 256.47002398],
         [352.90647482, 260.22302158],
         [331.13908873, 269.98081535],
         [368.66906475, 215.93764988],
         [341.64748201, 164.14628297],
         [366.41726619, 137.87529976],
         [344.6498801 , 140.12709832],
         [310.87290168, 134.12230216],
         [299.61390887, 148.38369305],
         [318.37889688, 158.89208633],
         [412.20383693, 167.89928058],
         [429.4676259 , 150.63549161],
         [469.24940048, 158.14148681],
         [455.73860911, 140.12709832],
         [491.01678657, 177.65707434],
         [476.75539568, 200.92565947],
         [492.51798561, 215.93764988],
         [527.79616307, 219.69064748],
         [561.57314149, 230.94964029],
         [568.32853717, 192.66906475],
         [536.80335731, 272.23261391],
         [509.78177458, 249.7146283 ],
         [482.76019185, 248.96402878],
         [448.98321343, 236.20383693],
         [505.27817746, 205.42925659],
         [533.80095923, 197.92326139],
         [557.82014388, 170.15107914],
         [518.0383693 , 155.13908873],
         [540.55635492, 139.3764988 ],
         [583.34052758, 164.14628297],
         [588.59472422, 192.66906475],
         [614.86570743, 191.16786571],
         [598.35251799, 228.69784173],
         [656.89928058, 224.94484412],
         [656.14868106, 203.92805755],
         [683.92086331, 223.44364508],
         [665.90647482, 186.66426859],
         [694.42925659, 178.40767386],
         [662.15347722, 164.14628297],
         [683.92086331, 146.13189448],
         [655.39808153, 144.63069544],
         [675.66426859, 124.36450839],
         [647.14148681, 116.85851319],
         [611.86330935, 129.61870504],
         [593.09832134, 134.87290168],
         [578.08633094, 146.13189448],
         [620.11990408, 170.90167866],
         [610.36211031, 154.38848921],
         [563.82494005, 257.2206235 ],
         [613.36450839, 251.21582734],
         [614.11510791, 267.72901679],
         [671.91127098, 262.47482014],
         [734.21103118, 263.97601918],
         [713.1942446 , 250.46522782],
         [745.47002398, 241.45803357],
         [731.95923261, 203.17745803],
         [756.72901679, 226.44604317],
         [785.25179856, 201.67625899],
         [749.22302158, 176.1558753 ],
         [725.95443645, 164.14628297],
         [713.94484412, 149.13429257],
         [740.96642686, 140.12709832],
         [773.99280576, 148.38369305],
         [776.24460432, 134.87290168],
         [808.52038369, 152.13669065],
         [816.0263789 , 183.6618705 ],
         [845.29976019, 167.14868106],
         [772.49160671, 171.65227818],
         [874.57314149, 151.38609113],
         [860.3117506 , 191.91846523],
         [837.79376499, 212.18465228],
         [795.00959233, 236.95443645],
         [848.30215827, 240.70743405],
         [912.10311751, 254.21822542],
         [921.11031175, 240.70743405],
         [817.52757794, 123.61390887],
         [920.35971223, 149.13429257],
         [897.84172662, 126.61630695],
         [877.57553957, 109.35251799],
         [858.05995204,  88.33573141],
         [844.54916067,  96.59232614],
         [840.04556355, 128.117506  ],
         [936.12230216,  71.07194245],
         [855.6205036 , 143.69244604],
         [831.22601918, 150.44784173],
         [900.28117506, 186.85191847],
         [ 91.51019185,  96.95983213],
         [ 90.38429257,  70.31354916],
         [ 85.50539568,  82.69844125],
         [ 61.86151079,  95.83393285],
         [ 43.8471223 ,  89.07853717],
         [ 16.45023981,  62.80755396],
         [  4.81594724,  73.31594724],
         [ 38.96822542,  57.92865707],
         [ 14.19844125,  52.67446043],
         [ 46.84952038,  39.91426859],
         [ 25.08213429,  44.41786571],
         [ 51.72841727,  50.04736211],
         [ 58.10851319,  55.67685851],
         [ 59.23441247,  63.93345324],
         [ 68.99220624,  69.9382494 ],
         [ 88.88309353,  51.54856115],
         [ 71.2440048 ,  40.66486811],
         [ 68.99220624,  28.65527578],
         [ 52.10371703,  25.27757794],
         [ 46.47422062,  14.39388489],
         [ 38.2176259 ,  19.64808153],
         [  9.69484412,  19.64808153],
         [ 26.58333333,  15.89508393],
         [ 17.57613909,  14.76918465],
         [ 76.8735012 ,  15.14448441],
         [ 62.98741007,  12.14208633],
         [ 64.86390887,  22.65047962],
         [ 77.24880096,  24.15167866],
         [114.77877698,  61.68165468],
         [ 91.88549161,  43.29196643],
         [131.66726619,  74.44184652],
         [162.81714628,  73.31594724],
         [147.05455635,  59.80515588],
         [117.78117506,  46.29436451],
         [123.78597122,  35.78597122],
         [139.92386091,  34.28477218],
         [130.91666667,  24.15167866],
         [117.4058753 ,  22.65047962],
         [108.02338129,  23.7763789 ],
         [ 92.63609113,  38.7883693 ],
         [154.56055156,  14.01858513],
         [149.68165468,  20.02338129],
         [156.0617506 ,  26.77877698],
         [171.07374101,  26.77877698],
         [185.71043165,  27.15407674],
         [195.09292566,  66.93585132],
         [220.61330935,  67.31115108],
         [224.74160671,  79.32074341],
         [238.62769784,  92.83153477],
         [198.09532374,  93.95743405],
         [218.36151079,  98.08573141],
         [243.50659472,  75.19244604],
         [269.77757794,  60.5557554 ],
         [248.76079137,  52.29916067],
         [355.34592326, 107.84352518],
         [343.7116307 ,  84.95023981],
         [315.93944844, 105.59172662],
         [307.30755396,  89.45383693],
         [320.44304556,  68.81235012],
         [296.42386091,  80.07134293],
         [285.16486811,  59.05455635],
         [270.52817746,  80.44664269],
         [249.88669065, 126.98381295],
         [231.12170264, 116.85071942],
         [288.54256595, 128.48501199],
         [233.3735012 ,  45.16846523],
         [214.60851319,  44.41786571],
         [231.12170264,  27.90467626],
         [263.39748201,  24.15167866],
         [307.30755396,  45.91906475],
         [299.05095923,  54.55095923],
         [287.04136691,  45.54376499],
         [348.96582734,  46.66966427],
         [362.47661871,  44.04256595],
         [231.4970024 ,   9.51498801],
         [211.23081535,  15.89508393],
         [196.96942446,  16.64568345],
         [198.09532374,  24.52697842],
         [206.72721823,  30.53177458],
         [178.57973621,  51.54856115],
         [168.44664269,  59.42985612],
         [174.45143885,  77.4442446 ],
         [202.97422062,  44.04256595],
         [279.5353717 ,   5.76199041],
         [297.54976019,   8.01378897],
         [288.91786571,   9.51498801],
         [275.40707434,  26.77877698],
         [298.67565947,  18.89748201],
         [307.68285372,  10.64088729],
         [321.56894484,  29.78117506],
         [310.30995204,  21.8998801 ],
         [378.61450839,   4.63609113],
         [382.367506  ,  16.64568345],
         [372.98501199,  25.6528777 ],
         [389.12290168,  20.39868106],
         [393.25119904,  27.5293765 ],
         [396.25359712,  34.28477218],
         [374.86151079,  33.1588729 ],
         [415.76918465,  42.54136691],
         [421.02338129,  28.27997602],
         [405.63609113,  20.02338129],
         [415.39388489,  21.14928058],
         [434.53417266,  21.8998801 ],
         [445.41786571,  17.77158273],
         [450.67206235,  31.2823741 ],
         [458.17805755,  38.7883693 ],
         [434.1588729 ,  32.03297362],
         [448.04496403,  50.79796163],
         [439.03776978,  55.30155875],
         [449.54616307,  90.95503597],
         [400.75719424,  94.33273381],
         [425.90227818, 122.10491607],
         [457.05215827, 122.48021583],
         [398.88069544, 115.34952038],
         [366.98021583,  91.70563549],
         [361.35071942,  58.30395683],
         [347.08932854,  69.18764988],
         [379.74040767,  54.55095923],
         [379.36510791,  43.66726619],
         [393.25119904,  59.42985612],
         [412.76678657,  56.05215827],
         [466.80995204,   7.63848921],
         [245.75839329,  35.0353717 ],
         [253.26438849,  40.66486811],
         [409.38908873,  81.57254197],
         [442.04016787,  66.1852518 ],
         [463.05695444,  98.46103118],
         [460.42985612,  83.07374101],
         [105.39628297,   8.38908873],
         [ 94.51258993,  18.52218225],
         [114.40347722,  15.14448441],
         [135.79556355,  10.26558753],
         [163.94304556,  18.89748201],
         [177.07853717,  12.14208633],
         [156.0617506 ,   5.01139089],
         [  4.81594724, 106.34232614],
         [ 22.07973621, 121.72961631],
         [ 34.4646283 , 113.47302158],
         [ 22.83033573, 108.21882494],
         [ 30.7116307 ,  94.33273381],
         [ 34.83992806,  76.31834532],
         [334.70443645,  45.91906475],
         [324.94664269,  57.17805755],
         [360.6001199 ,  74.06654676],
         [454.42505995,   4.26079137],
         [248.01019185,  17.02098321],
         [256.26678657,   7.26318945],
         [140.48681055,  49.30455635],
         [118.71942446,  98.09352518],
         [ 58.67146283, 115.35731415],
         [ 94.88788969, 126.05335731],
         [204.1001199 , 134.6852518 ],
         [271.27877698, 100.15767386],
         [273.53057554, 125.67805755],
         [ 20.95383693,  33.90947242],
         [  3.3147482 ,  36.16127098],
         [205.97661871,  68.43705036],
         [364.72841727,  18.89748201],
         [353.0941247 ,  16.27038369],
         [344.83752998,  11.39148681],
         [336.58093525,   9.13968825],
         [324.94664269,  12.51738609],
         [315.93944844,  10.26558753],
         [329.07494005,  21.8998801 ],
         [339.58333333,  28.65527578],
         [278.78477218,  21.14928058],
         [268.65167866,   8.38908873],
         [240.50419664,  20.02338129],
         [189.83872902,  12.14208633],
         [103.14448441,  36.16127098],
         [ 88.50779376,  31.65767386],
         [ 81.75239808,  27.90467626],
         [ 72.74520384,  10.26558753],
         [ 75.74760192,  12.14208633],
         [ 84.75479616,   7.26318945],
         [ 19.82793765,  23.7763789 ],
         [ 35.59052758,  29.78117506],
         [463.05695444,  26.40347722],
         [462.11870504,  50.79796163],
         [471.12589928,  39.16366906],
         [469.62470024,  29.4058753 ],
         [480.13309353,  34.66007194],
         [473.37769784,  23.02577938],
         [488.01438849,  11.76678657],
         [473.37769784,  17.39628297],
         [490.64148681,  24.90227818],
         [483.88609113,  24.15167866],
         [492.14268585,  38.7883693 ],
         [486.88848921,  45.91906475],
         [472.62709832,  56.05215827],
         [491.39208633,  62.4322542 ],
         [489.14028777,  73.691247  ],
         [481.25899281,  66.56055156],
         [456.48920863,  68.43705036],
         [468.49880096,  77.4442446 ],
         [479.382494  , 104.46582734],
         [500.02398082, 103.33992806],
         [494.76978417,  88.70323741],
         [516.91247002, 102.9646283 ],
         [537.92925659, 119.47781775],
         [543.93405276,  99.2116307 ],
         [523.29256595,  75.19244604],
         [518.41366906,  64.68405276],
         [513.91007194,  49.67206235],
         [503.77697842,  65.80995204],
         [503.77697842,  48.92146283],
         [511.65827338,  28.65527578],
         [503.0263789 ,  31.65767386],
         [525.91966427,  29.03057554],
         [533.42565947,  40.28956835],
         [547.68705036,  40.66486811],
         [545.4352518 ,  29.78117506],
         [549.56354916,  56.42745803],
         [539.05515588,  61.30635492],
         [541.6822542 ,  75.19244604],
         [560.82254197,  70.31354916],
         [587.46882494,  87.57733813],
         [569.45443645,  87.57733813],
         [589.34532374, 110.4706235 ],
         [633.25539568,  96.58453237],
         [608.11031175, 102.58932854],
         [617.86810552,  84.57494005],
         [606.98441247,  76.69364508],
         [618.24340528,  68.0617506 ],
         [584.84172662,  67.31115108],
         [600.97961631,  58.67925659],
         [572.08153477,  60.18045564],
         [577.71103118,  48.54616307],
         [590.84652278,  48.17086331],
         [611.86330935,  49.67206235],
         [606.98441247,  32.78357314],
         [583.71582734,  36.53657074],
         [574.33333333,  30.53177458],
         [562.32374101,  27.90467626],
         [631.37889688,  58.67925659],
         [652.77098321,  34.66007194],
         [638.50959233,  41.41546763],
         [622.37170264,  33.90947242],
         [629.50239808,  27.15407674],
         [614.86570743,  27.15407674],
         [662.52877698,  91.70563549],
         [670.41007194,  72.56534772],
         [647.51678657,  81.57254197],
         [643.01318945,  72.19004796],
         [664.02997602,  60.93105516],
         [688.79976019, 111.22122302],
         [689.92565947,  86.45143885],
         [721.07553957, 102.21402878],
         [727.08033573,  87.20203837],
         [742.4676259 , 109.72002398],
         [763.48441247, 110.09532374],
         [782.62470024,  97.71043165],
         [801.76498801, 122.48021583],
         [805.51798561,  99.96223022],
         [797.26139089,  75.5677458 ],
         [826.91007194,  81.19724221],
         [816.77697842,  75.19244604],
         [807.76978417,  81.19724221],
         [805.89328537,  57.17805755],
         [807.01918465,  48.17086331],
         [785.25179856,  65.43465228],
         [768.73860911,  60.5557554 ],
         [753.35131894,  66.56055156],
         [755.97841727,  49.29676259],
         [736.08752998,  52.67446043],
         [739.46522782,  71.06414868],
         [721.07553957,  68.0617506 ],
         [726.32973621,  58.67925659],
         [724.82853717,  52.67446043],
         [714.32014388,  54.92625899],
         [710.94244604,  66.1852518 ],
         [709.441247  ,  77.81954436],
         [675.66426859,  46.66966427],
         [668.53357314,  34.28477218],
         [688.42446043,  34.28477218],
         [703.06115108,  30.15647482],
         [696.68105516,  45.91906475],
         [769.86450839,   7.26318945],
         [771.36570743,  41.04016787],
         [775.4940048 ,  29.4058753 ],
         [795.76019185,  42.54136691],
         [833.66546763,  63.18285372],
         [821.28057554,  52.29916067],
         [709.441247  , 115.72482014],
         [716.19664269,  22.65047962],
         [662.52877698,   2.38429257],
         [808.14508393,  30.90707434],
         [795.38489209,  15.89508393],
         [723.70263789,  30.90707434],
         [710.56714628,  45.54376499],
         [675.28896882,   4.26079137],
         [690.30095923,   3.51019185],
         [673.41247002,  21.8998801 ],
         [700.058753  ,   9.13968825],
         [651.64508393,   2.00899281],
         [635.882494  ,   3.51019185],
         [744.3441247 ,   4.26079137],
         [819.40407674,  42.16606715],
         [809.27098321,  38.03776978],
         [833.66546763,  37.28717026],
         [822.03117506,  29.4058753 ],
         [733.83573141,  36.53657074],
         [786.37769784,  11.01618705],
         [796.13549161,   6.13729017],
         [808.52038369,   9.89028777],
         [817.52757794,  12.89268585],
         [276.15767386,  39.16366906],
         [422.52458034,  91.33033573],
         [395.12769784,  75.94304556],
         [278.03417266,  74.81714628],
         [883.01738609,   8.01378897],
         [920.17206235,  15.51978417],
         [910.41426859,  15.89508393],
         [907.03657074,   8.76438849],
         [893.90107914,   5.01139089],
         [865.37829736,  33.1588729 ],
         [864.25239808,  47.79556355],
         [877.76318945,  59.05455635],
         [898.40467626,  53.04976019],
         [892.77517986,  42.16606715],
         [878.88908873,  45.16846523],
         [849.99100719,  41.04016787],
         [845.86270983,  67.68645084],
         [916.41906475,  59.80515588],
         [914.16726619,  50.79796163],
         [925.05095923,  45.16846523],
         [932.55695444,  54.55095923],
         [934.05815348,  61.68165468],
         [920.92266187,  76.69364508],
         [899.9058753 ,  85.32553957],
         [906.28597122,  74.44184652],
         [882.26678657,  95.08333333],
         [917.54496403, 103.71522782],
         [861.62529976,  71.06414868],
         [889.39748201,  71.06414868],
         [761.79556355,  85.70083933],
         [913.41666667,  33.35431655],
         [938.5617506 ,  50.99340528],
         [877.01258993,  79.89148681],
         [559.13369305,  40.48501199],
         [698.74520384,  69.00779376],
         [688.23681055,  56.99820144],
         [554.63009592, 123.05095923],
         [441.28956835, 177.0941247 ],
         [860.87470024,  11.39148681],
         [-42.65947242, 266.22781775],
         [ 28.64748201,   5.01918465],
         [ 44.11988012, 147.81868132],
         [819.8971029 , 257.57192807],
         [557.23976024, 149.69480519],
         [563.80619381, 102.79170829],
         [549.73526474, 110.2962038 ],
         [269.25474525, 202.22627373],
         [257.05994006, 167.51798202]]), array([[469]], dtype=uint16))]]
