[[(array([[  19.28395062,    7.41666667],
         [  43.36419753,   38.15740741],
         [ 103.30864198,   17.66358025],
         [ 104.33333333,   58.65123457],
         [ 135.58641975,   45.84259259],
         [ 169.40123457,   68.38580247],
         [ 227.2962963 ,   68.38580247],
         [ 268.28395062,   54.55246914],
         [ 303.12345679,   81.70679012],
         [ 340.01234568,   53.52777778],
         [ 108.94444444,   94.5154321 ],
         [  75.12962963,  105.78703704],
         [  51.5617284 ,   89.39197531],
         [  51.04938272,  154.45987654],
         [  43.87654321,  181.10185185],
         [ 106.38271605,  140.11419753],
         [ 129.95061728,  121.15740741],
         [ 107.40740741,  190.83641975],
         [ 159.15432099,  189.8117284 ],
         [  86.40123457,  223.11419753],
         [ 100.74691358,  262.56481481],
         [ 147.88271605,  233.36111111],
         [ 176.57407407,  216.4537037 ],
         [ 209.87654321,  236.43518519],
         [ 225.75925926,  187.25      ],
         [  55.14814815,  304.06481481],
         [ 101.25925926,  298.94135802],
         [ 130.97530864,  281.00925926],
         [ 158.64197531,  272.29938272],
         [ 237.54320988,  273.83641975],
         [ 205.2654321 ,  289.7191358 ],
         [  97.67283951,  340.9537037 ],
         [ 150.95679012,  348.12654321],
         [ 203.21604938,  345.05246914],
         [ 177.08641975,  337.87962963],
         [ 189.89506173,  314.3117284 ],
         [ 210.90123457,  319.43518519],
         [ 221.66049383,  369.13271605],
         [ 186.82098765,  370.15740741],
         [ 110.99382716,  364.52160494],
         [ 119.19135802,  387.06481481],
         [ 253.9382716 ,  368.10802469],
         [ 254.45061728,  387.06481481],
         [ 234.4691358 ,  393.72530864],
         [ 303.12345679,  370.66975309],
         [ 305.17283951,  307.13888889],
         [ 274.43209877,  286.13271605],
         [ 251.88888889,  304.06481481],
         [ 290.82716049,  251.29320988],
         [ 327.71604938,  279.47222222],
         [ 354.35802469,  280.49691358],
         [ 402.00617284,  289.20679012],
         [ 372.80246914,  323.53395062],
         [ 341.54938272,  332.75617284],
         [ 367.67901235,  365.5462963 ],
         [ 387.66049383,  349.15123457],
         [ 416.35185185,  340.44135802],
         [ 424.54938272,  361.44753086],
         [ 337.96296296,  386.55246914],
         [ 352.82098765,  393.72530864],
         [ 382.02469136,  402.43518519],
         [ 439.91975309,  389.11419753],
         [ 411.22839506,  408.07098765],
         [ 466.5617284 ,  328.65740741],
         [ 496.79012346,  345.05246914],
         [ 487.56790123,  380.91666667],
         [ 291.67901235,  177.5154321 ],
         [ 237.37037037,  154.97222222],
         [ 237.37037037,  103.73765432],
         [ 235.32098765,  124.74382716],
         [ 328.56790123,  125.25617284],
         [ 304.48765432,  147.79938272],
         [ 364.43209877,  105.27469136],
         [ 372.62962963,  135.50308642],
         [ 345.47530864,  167.7808642 ],
         [ 400.2962963 ,  194.93518519],
         [ 320.88271605,  195.95987654],
         [ 382.36419753,  252.83024691],
         [ 440.77160494,  211.33024691],
         [ 412.08024691,  130.89197531],
         [ 428.98765432,   55.57716049],
         [ 386.97530864,   24.83641975],
         [ 508.91358025,   34.05864198],
         [ 471.        ,   94.5154321 ],
         [ 546.31481481,   77.09567901],
         [ 514.54938272,  128.33024691],
         [ 518.64814815,  171.36728395],
         [ 477.66049383,  163.16975309],
         [ 515.0617284 ,  204.66975309],
         [ 560.66049383,  216.96604938],
         [ 528.38271605,  257.9537037 ],
         [ 541.19135802,  375.79320988],
         [ 561.68518519,  410.12037037],
         [ 879.16666667,  119.10802469],
         [ 906.32098765,  111.93518519],
         [ 901.19753086,  171.36728395],
         [ 939.11111111,  209.2808642 ],
         [1022.62345679,  168.29320988],
         [ 990.85802469,   92.46604938],
         [ 964.21604938,   71.45987654],
         [ 998.54320988,    7.41666667],
         [ 670.64197531,    6.39197531],
         [ 594.30246914,   40.20679012],
         [ 601.98765432,   65.3117284 ],
         [ 587.64197531,  128.84259259],
         [ 619.40740741,  149.84876543],
         [ 609.67283951,  218.50308642],
         [ 660.90740741,  190.83641975],
         [ 607.62345679,  299.4537037 ],
         [ 604.03703704,  329.16975309],
         [ 677.30246914,  346.58950617],
         [ 625.55555556,  382.4537037 ],
         [ 594.30246914,  396.28703704],
         [ 714.7037037 ,  239.50925926],
         [ 700.87037037,  150.87345679],
         [ 732.12345679,  103.73765432],
         [ 787.45679012,   93.49074074],
         [ 806.92592593,   80.68209877],
         [ 838.69135802,  161.63271605],
         [ 965.75308642,  293.30555556],
         [ 937.0617284 ,  369.13271605],
         [ 820.24691358,  357.34876543],
         [ 807.95061728,  348.12654321],
         [ 854.74691358,  246.9382716 ],
         [ 816.83333333,  222.34567901],
         [ 749.2037037 ,  214.14814815],
         [ 949.01851852,  408.83950617],
         [ 995.12962963,  460.07407407],
         [ 917.25308642,  439.58024691],
         [ 866.01851852,  454.95061728],
         [ 838.35185185,  449.82716049],
         [ 821.95679012,  408.83950617],
         [ 776.87037037,  433.43209877],
         [ 784.04320988,  467.24691358],
         [ 809.66049383,  490.81481481],
         [ 767.64814815,  500.03703704],
         [ 810.68518519,  535.90123457],
         [ 771.74691358,  535.90123457],
         [ 850.64814815,  538.97530864],
         [ 851.67283951,  578.9382716 ],
         [ 901.88271605,  589.18518519],
         [ 962.33950617,  555.37037037],
         [ 987.95679012,  559.4691358 ],
         [ 875.24074074,  649.64197531],
         [ 839.37654321,  636.32098765],
         [ 794.29012346,  608.65432099],
         [ 794.29012346,  634.27160494],
         [ 768.67283951,  652.71604938],
         [ 848.59876543,  681.40740741],
         [ 773.62345679,  687.8117284 ],
         [ 734.68518519,  631.96604938],
         [ 727.51234568,  689.86111111],
         [ 710.60493827,  662.19444444],
         [ 690.62345679,  634.52777778],
         [ 702.40740741,  590.46604938],
         [ 697.7962963 ,  563.3117284 ],
         [ 707.5308642 ,  515.66358025],
         [ 739.80864198,  533.08333333],
         [ 741.85802469,  553.57716049],
         [ 775.16049383,  577.65740741],
         [ 796.67901235,  570.4845679 ],
         [1018.52469136,  705.23148148],
         [ 987.78395062,  719.57716049],
         [ 939.62345679,  698.05864198],
         [ 936.03703704,  766.71296296],
         [ 868.40740741,  781.57098765],
         [ 868.91975309,  735.45987654],
         [ 824.85802469,  721.11419753],
         [ 817.68518519,  689.34876543],
         [ 809.48765432,  663.73148148],
         [ 738.78395062,  730.84876543],
         [ 691.64814815,  706.76851852],
         [ 652.19753086,  706.25617284],
         [ 648.61111111,  673.97839506],
         [ 658.85802469,  617.62037037],
         [ 613.77160494,  648.87345679],
         [ 649.63580247,  563.3117284 ],
         [ 610.69753086,  559.21296296],
         [ 630.16666667,  530.00925926],
         [ 624.01851852,  513.10185185],
         [ 595.32716049,  515.66358025],
         [ 570.22222222,  523.86111111],
         [ 555.36419753,  570.4845679 ],
         [ 521.03703704,  544.35493827],
         [ 525.13580247,  501.83024691],
         [ 537.43209877,  447.00925926],
         [ 600.45061728,  432.66358025],
         [ 626.06790123,  428.05246914],
         [ 631.19135802,  469.55246914],
         [ 568.17283951,  672.9537037 ],
         [ 588.66666667,  688.32407407],
         [ 566.12345679,  747.75617284],
         [ 615.30864198,  744.68209877],
         [ 619.40740741,  807.1882716 ],
         [ 653.22222222,  795.91666667],
         [ 693.18518519,  746.2191358 ],
         [ 701.89506173,  782.08333333],
         [ 818.19753086,  799.50308642],
         [ 517.96296296,  578.16975309],
         [ 550.75308642,  613.52160494],
         [ 514.37654321,  652.97222222],
         [  39.2654321 ,  813.84876543],
         [  20.82098765,  706.25617284],
         [  28.50617284,  647.33641975],
         [  63.34567901,  593.02777778],
         [ 103.82098765,  644.26234568],
         [  77.17901235,  729.82407407],
         [ 136.61111111,  678.07716049],
         [ 149.41975309,  635.04012346],
         [ 187.33333333,  600.71296296],
         [ 188.35802469,  679.61419753],
         [ 154.0308642 ,  753.39197531],
         [ 229.85802469,  681.15123457],
         [ 276.48148148,  739.0462963 ],
         [ 346.16049383,  699.08333333],
         [ 341.54938272,  746.2191358 ],
         [ 340.52469136,  768.25      ],
         [ 386.63580247,  794.89197531],
         [ 438.38271605,  810.26234568],
         [ 465.53703704,  814.36111111],
         [ 458.87654321,  704.7191358 ],
         [ 470.66049383,  650.92283951],
         [ 483.98148148,  618.13271605],
         [ 448.62962963,  598.66358025],
         [ 421.47530864,  623.76851852],
         [ 400.4691358 ,  576.12037037],
         [ 372.29012346,  566.38580247],
         [ 323.61728395,  587.39197531],
         [ 280.06790123,  599.17592593],
         [ 283.14197531,  564.84876543],
         [ 249.32716049,  573.55864198],
         [ 146.34567901,  521.29938272],
         [ 167.86419753,  456.74382716],
         [ 230.37037037,  459.30555556],
         [ 215.51234568,  446.49691358],
         [ 261.62345679,  487.99691358],
         [ 241.64197531,  518.73765432],
         [ 301.07407407,  480.3117284 ],
         [ 343.08641975,  482.36111111],
         [ 403.54320988,  457.25617284],
         [ 419.9382716 ,  494.14506173],
         [ 446.06790123,  472.62654321],
         [ 463.48765432,  510.54012346],
         [ 421.98765432,  534.10802469],
         [ 442.99382716,  565.87345679],
         [ 477.32098765,  554.08950617],
         [ 473.22222222,  583.80555556],
         [ 902.22222222,  821.53395062],
         [ 805.38888889,  827.68209877],
         [ 804.87654321,  749.29320988],
         [ 760.30246914,  769.78703704],
         [ 569.70987654,  800.52777778],
         [ 526.16049383,  797.4537037 ],
         [ 516.42592593,  725.21296296],
         [ 839.71604938,  607.37345679],
         [ 870.45679012,  613.52160494],
         [ 753.12962963,  598.66358025],
         [ 309.78395062,  519.25      ],
         [ 507.03703704,  465.4537037 ],
         [ 380.48765432,  435.22530864],
         [ 306.19753086,  433.17592593],
         [ 230.37037037,  422.92901235],
         [ 202.19135802,  422.41666667],
         [ 129.4382716 ,  432.15123457],
         [  22.87037037,  416.7808642 ],
         [  70.51851852,  415.24382716],
         [ 176.0617284 ,  395.77469136],
         [ 296.46296296,  412.68209877],
         [ 485.00617284,  423.9537037 ],
         [ 507.88888889,  692.93518519],
         [ 271.46189225,  123.20039422]]), array([[271]], dtype=uint16))]]
