[[(array([[165.79338843, 215.18732782],
         [ 64.73002755, 178.6584022 ],
         [ 31.85399449, 226.75482094],
         [ 86.03856749, 153.08815427],
         [  1.41322314, 151.87052342],
         [  5.0661157 , 213.96969697],
         [176.14325069, 160.39393939],
         [187.7107438 , 129.34435262],
         [153.00826446, 123.86501377],
         [ 90.90909091,  28.28099174],
         [ 75.07988981,  70.89807163],
         [ 56.815427  ,  89.16253444],
         [ 98.21487603, 131.77961433],
         [147.52892562,  92.20661157],
         [146.92011019,  66.63636364],
         [119.52341598,  53.85123967],
         [141.44077135,  47.7630854 ],
         [155.44352617,  43.50137741],
         [160.31404959,  30.71625344],
         [162.74931129,  19.75757576],
         [151.18181818,  13.06060606],
         [180.40495868,   9.4077135 ],
         [197.45179063,  33.15151515],
         [216.32506887,  21.58402204],
         [198.66942149,  23.41046832],
         [208.41046832,   6.97245179],
         [240.06887052,  14.88705234],
         [249.80991736,  17.93112948],
         [241.28650138,  30.71625344],
         [224.23966942,  30.71625344],
         [219.97796143,  45.32782369],
         [217.54269972,  62.37465565],
         [205.97520661,  90.98898072],
         [230.93663912,  73.33333333],
         [251.63636364,  45.32782369],
         [265.63911846,  30.71625344],
         [263.20385675,  20.36639118],
         [269.90082645,   5.14600551],
         [286.9476584 ,  15.49586777],
         [315.56198347,  36.80440771],
         [317.99724518,  15.49586777],
         [310.08264463,  17.93112948],
         [304.60330579,  11.84297521],
         [297.90633609,   5.14600551],
         [342.95867769,   6.36363636],
         [361.83195592,   8.19008264],
         [343.56749311,  30.10743802],
         [351.48209366,  34.36914601],
         [374.00826446,  23.41046832],
         [374.61707989,  11.84297521],
         [394.09917355,   6.36363636],
         [405.66666667,   5.14600551],
         [414.79889807,   2.7107438 ],
         [430.01928375,  13.66942149],
         [430.01928375,  21.58402204],
         [430.62809917,  30.71625344],
         [415.4077135 ,  30.71625344],
         [406.27548209,  43.50137741],
         [420.88705234,  42.89256198],
         [433.06336088,  45.93663912],
         [416.62534435,  76.37741047],
         [381.31404959,  81.24793388],
         [347.8292011 ,  72.11570248],
         [305.82093664,  72.72451791],
         [293.6446281 ,  64.80991736],
         [289.99173554,  59.33057851],
         [344.17630854, 117.7768595 ],
         [408.10192837, 113.51515152],
         [428.80165289, 100.73002755],
         [386.79338843,  56.8953168 ],
         [386.79338843, 132.38842975],
         [ 10.54545455,  65.41873278],
         [ 27.5922865 ,  41.0661157 ],
         [ 25.15702479,  19.75757576],
         [ 45.85674931,  28.28099174],
         [ 15.41597796,   2.10192837],
         [ 39.76859504,  14.88705234],
         [ 64.12121212,  15.49586777],
         [ 82.99449036,   9.4077135 ],
         [109.17355372,   6.36363636],
         [111.        ,  30.10743802],
         [121.34986226,   7.58126722],
         [ 45.85674931,   5.14600551],
         [227.89256198,  15.49586777],
         [439.76033058, 134.82369146]]), array([[85]], dtype=uint8))]]
