[[(array([[ 26.68181818, 340.65784216],
         [ 95.15734266, 330.87562438],
         [ 49.12337662, 256.07042957],
         [ 33.58691309, 239.38311688],
         [ 74.44205794, 202.55594406],
         [ 57.17932068, 182.41608392],
         [ 29.55894106, 186.44405594],
         [ 58.90559441, 137.53296703],
         [ 75.59290709, 132.92957043],
         [ 60.63186813, 100.13036963],
         [ 84.22427572,  93.22527473],
         [ 79.04545455,  51.79470529],
         [ 41.06743257,  51.79470529],
         [ 97.45904096,  49.49300699],
         [122.77772228,  47.76673327],
         [109.54295704,  78.26423576],
         [117.5989011 , 103.58291708],
         [138.31418581, 128.9015984 ],
         [127.38111888, 144.43806194],
         [137.73876124, 188.74575425],
         [149.82267732, 166.87962038],
         [102.06243756, 185.86863137],
         [106.66583417, 211.76273726],
         [108.39210789, 246.28821179],
         [ 79.04545455, 277.36113886],
         [124.503996  , 317.06543457],
         [120.47602398, 288.86963037],
         [156.15234765, 295.1993007 ],
         [127.95654346, 269.30519481],
         [148.0964036 , 242.26023976],
         [184.34815185, 239.38311688],
         [201.61088911, 238.80769231],
         [187.22527473, 311.88661339],
         [206.21428571, 315.33916084],
         [225.2032967 , 303.83066933],
         [274.11438561, 291.74675325],
         [301.73476523, 291.74675325],
         [270.08641359, 222.6958042 ],
         [227.504995  , 248.01448551],
         [264.90759241, 169.75674326],
         [229.80669331, 161.12537463],
         [193.55494505, 180.68981019],
         [214.27022977, 127.17532468],
         [281.59490509, 205.43306693],
         [289.65084915, 170.33216783],
         [305.76273726, 155.94655345],
         [299.43306693, 139.25924076],
         [265.48301698, 127.75074925],
         [242.46603397, 126.5999001 ],
         [251.0974026 ,  96.67782218],
         [220.02447552,  99.55494505],
         [182.62187812,  65.6048951 ],
         [169.96253746,  87.47102897],
         [172.83966034, 128.9015984 ],
         [159.02947053, 123.72277722],
         [157.3031968 , 145.01348651],
         [131.98451548,  83.44305694],
         [161.33116883,  65.6048951 ],
         [184.92357642,  32.23026973],
         [155.0014985 ,  46.04045954],
         [203.91258741,  51.79470529],
         [210.24225774,  80.56593407],
         [230.95754246,  56.97352647],
         [237.86263736,  37.98451548],
         [224.05244755,  33.38111888],
         [204.48801199,  34.53196803],
         [256.27622378,  47.19130869],
         [269.51098901,  34.53196803],
         [293.1033966 ,  55.24725275],
         [286.1983017 ,  94.37612388],
         [318.42207792, 124.87362637],
         [318.9975025 ,  52.94555445],
         [332.80769231,  44.31418581],
         [328.77972028,  28.2022977 ],
         [322.45004995,  22.44805195],
         [351.22127872,  58.12437562],
         [364.45604396,  47.19130869],
         [383.44505495,  50.06843157],
         [396.67982018,  39.13536464],
         [362.15434565,  85.74475524],
         [348.34415584,  89.77272727],
         [333.95854146,  87.47102897],
         [343.74075924, 113.94055944],
         [364.45604396, 120.84565435],
         [340.86363636, 167.45504496],
         [334.53396603, 223.27122877],
         [354.67382617, 223.84665335],
         [346.04245754, 288.29420579],
         [387.47302697, 269.88061938],
         [409.33916084, 264.7017982 ],
         [426.02647353, 246.28821179],
         [396.67982018, 210.61188811],
         [429.47902098, 214.06443556],
         [420.84765235, 162.27622378],
         [394.37812188, 161.12537463],
         [403.00949051,  89.77272727],
         [424.87562438,  97.82867133],
         [386.8976024 ,  67.33116883],
         [447.31718282,  79.41508492],
         [442.71378621, 121.9965035 ],
         [472.06043956, 111.06343656],
         [470.33416583,  81.71678322],
         [495.65284715, 110.48801199],
         [531.9045954 , 104.15834166],
         [525.57492507,  78.26423576],
         [507.16133866,  56.97352647],
         [477.23926074,  52.94555445],
         [516.36813187,  42.58791209],
         [550.89360639,  47.76673327],
         [555.497003  ,  85.16933067],
         [520.97152847, 145.01348651],
         [472.63586414, 151.34315684],
         [461.12737263, 167.45504496],
         [436.95954046, 166.87962038],
         [459.4010989 , 189.32117882],
         [440.98751249, 195.07542458],
         [459.97652348, 212.91358641],
         [502.55794206, 215.21528472],
         [492.77572428, 187.59490509],
         [545.71478521, 165.15334665],
         [552.61988012, 189.32117882],
         [534.20629371, 217.51698302],
         [548.59190809, 257.7967033 ],
         [496.22827173, 246.28821179],
         [453.64685315, 285.99250749],
         [493.35114885, 149.61688312],
         [485.2952048 ,  82.86763237],
         [170.53796204, 273.33316683],
         [512.63263525, 239.19109948]]), array([[129]], dtype=uint8))]]
