[[(array([[191.46078431, 492.29411765],
         [135.99019608, 491.84313725],
         [ 98.10784314, 487.78431373],
         [ 41.73529412, 495.90196078],
         [429.12745098, 468.39215686],
         [163.5       , 424.64705882],
         [126.06862745, 402.54901961],
         [ 60.2254902 , 422.84313725],
         [ 89.53921569, 361.96078431],
         [196.87254902, 383.60784314],
         [227.53921569, 386.31372549],
         [186.5       , 415.62745098],
         [273.99019608, 370.07843137],
         [302.85294118, 369.17647059],
         [310.97058824, 332.64705882],
         [276.69607843, 309.64705882],
         [190.55882353, 338.50980392],
         [159.44117647, 360.15686275],
         [189.20588235, 299.2745098 ],
         [161.69607843, 284.39215686],
         [229.34313725, 300.62745098],
         [244.2254902 , 283.94117647],
         [301.5       , 270.41176471],
         [329.91176471, 299.7254902 ],
         [337.57843137, 278.52941176],
         [204.53921569, 273.11764706],
         [176.57843137, 251.01960784],
         [221.67647059, 254.17647059],
         [252.34313725, 255.07843137],
         [277.14705882, 238.84313725],
         [329.00980392, 247.8627451 ],
         [364.18627451, 224.8627451 ],
         [394.40196078, 231.62745098],
         [443.55882353, 275.37254902],
         [475.57843137, 261.84313725],
         [475.12745098, 204.56862745],
         [440.40196078, 196.        ],
         [337.57843137, 212.68627451],
         [340.28431373, 182.01960784],
         [340.28431373, 167.58823529],
         [317.28431373, 178.8627451 ],
         [293.83333333, 198.25490196],
         [235.65686275, 208.62745098],
         [246.93137255, 202.31372549],
         [257.30392157, 192.39215686],
         [278.95098039, 182.01960784],
         [294.73529412, 178.41176471],
         [294.73529412, 163.98039216],
         [267.2254902 , 151.35294118],
         [281.20588235, 143.68627451],
         [293.38235294, 141.88235294],
         [314.12745098, 161.7254902 ],
         [323.14705882, 137.82352941],
         [308.26470588, 134.21568627],
         [318.6372549 , 123.39215686],
         [318.6372549 , 109.41176471],
         [310.51960784, 109.8627451 ],
         [301.5       , 113.01960784],
         [330.81372549, 111.66666667],
         [338.93137255, 125.64705882],
         [364.6372549 , 127.45098039],
         [381.7745098 , 129.70588235],
         [387.6372549 , 123.84313725],
         [398.00980392, 120.23529412],
         [371.40196078, 144.1372549 ],
         [393.5       , 149.54901961],
         [411.99019608, 152.25490196],
         [426.87254902, 154.50980392],
         [449.42156863, 145.49019608],
         [470.61764706, 131.50980392],
         [477.38235294,  93.17647059],
         [455.73529412,  89.56862745],
         [429.57843137, 115.7254902 ],
         [424.16666667, 113.92156863],
         [377.71568627, 107.60784314],
         [346.14705882, 104.        ],
         [359.2254902 ,  90.92156863],
         [369.59803922,  89.11764706],
         [338.02941176,  82.35294118],
         [321.34313725,  82.80392157],
         [149.97058824, 344.82352941],
         [255.04901961, 172.09803922],
         [483.69607843, 159.92156863],
         [368.11764706,  60.36764706],
         [362.93137255,  66.23039216],
         [392.47058824,  74.12254902],
         [386.38235294,  61.04411765],
         [408.70588235,  65.10294118],
         [420.43137255,  45.71078431],
         [457.18627451,  56.75980392],
         [438.47058824,  81.1127451 ],
         [474.32352941,  61.04411765],
         [471.61764706,  38.72058824],
         [375.55882353, 189.34803922],
         [379.16666667,  50.89705882],
         [284.25      , 293.75      ],
         [240.95588235, 187.76960784],
         [244.66491459, 361.21616294],
         [369.00394218, 204.96123522],
         [369.66885677,  36.73784494],
         [376.98291721,  35.40801577],
         [382.3022339 ,  26.09921156],
         [396.9303548 ,  30.75361367],
         [406.239159  ,  33.41327201],
         [400.91984231,  46.71156373],
         [398.26018397,  57.35019711],
         [330.43889619,  93.92049934],
         [355.04073587,  61.33968463],
         [363.01971091,  50.70105125],
         [434.8304862 ,  28.75886991],
         [416.21287779,  31.41852825],
         [410.22864652,  20.77989488],
         [418.87253614,  20.77989488],
         [418.20762155,  11.47109067],
         [409.56373193,  12.80091984],
         [396.26544021,   5.4868594 ],
         [388.95137976,  12.80091984],
         [397.59526938,  20.11498029],
         [398.92509855,  14.7956636 ],
         [442.14454665,  20.77989488],
         [440.81471748,  12.13600526],
         [426.85151117,   4.15703022],
         [414.21813403,   2.82720105]]), array([[123]], dtype=uint8))]]
