[[(array([[1.00890411e+01, 2.88894325e+02],
         [9.55968689e-01, 2.79058708e+02],
         [1.92221135e+01, 2.50956947e+02],
         [5.29442270e+01, 2.88894325e+02],
         [6.13747554e+01, 3.12780822e+02],
         [8.52612524e+01, 3.24724070e+02],
         [9.43943249e+01, 2.81868885e+02],
         [1.38654599e+02, 2.92407045e+02],
         [1.45680039e+02, 2.39716243e+02],
         [1.23901174e+02, 2.14424658e+02],
         [8.73688845e+01, 2.24962818e+02],
         [5.50518591e+01, 2.24260274e+02],
         [3.95958904e+01, 2.17937378e+02],
         [5.15391389e+01, 2.06696673e+02],
         [7.47230920e+01, 1.88430528e+02],
         [5.92671233e+01, 1.70866928e+02],
         [1.99246575e+01, 1.95455969e+02],
         [1.73079256e+02, 2.56577299e+02],
         [1.61136008e+02, 3.22616438e+02],
         [1.68863992e+02, 3.35262231e+02],
         [2.04693738e+02, 2.83976517e+02],
         [2.13826810e+02, 2.92407045e+02],
         [2.37713307e+02, 2.65007828e+02],
         [2.37010763e+02, 3.26129159e+02],
         [2.54574364e+02, 3.40882583e+02],
         [2.72137965e+02, 3.32452055e+02],
         [2.88296477e+02, 3.20508806e+02],
         [2.94619374e+02, 3.33154599e+02],
         [3.21316047e+02, 3.38774951e+02],
         [3.27638943e+02, 3.05052838e+02],
         [2.74948141e+02, 2.69223092e+02],
         [2.72137965e+02, 2.41823875e+02],
         [3.03752446e+02, 2.22855186e+02],
         [3.13588063e+02, 2.24962818e+02],
         [3.17803327e+02, 1.85620352e+02],
         [3.22018591e+02, 1.63841487e+02],
         [1.11957926e+02, 1.95455969e+02],
         [3.76614481e+00, 1.75784736e+02],
         [2.13297456e+01, 1.58923679e+02],
         [4.24060665e+01, 1.57518591e+02],
         [3.39755382e+01, 1.09043053e+02],
         [5.99696673e+01, 1.13258317e+02],
         [5.22416830e+01, 1.46277886e+02],
         [6.69951076e+01, 1.49790607e+02],
         [8.38561644e+01, 1.61031311e+02],
         [9.50968689e+01, 1.70164384e+02],
         [1.19685910e+02, 1.67354207e+02],
         [1.11957926e+02, 1.51195695e+02],
         [8.80714286e+01, 8.51565558e+01],
         [9.50968689e+01, 9.00743640e+01],
         [1.02122309e+02, 9.99099804e+01],
         [9.29892368e+01, 1.14663405e+02],
         [1.04229941e+02, 1.21688845e+02],
         [1.26008806e+02, 1.16771037e+02],
         [1.20388454e+02, 8.86692759e+01],
         [1.29521526e+02, 9.00743640e+01],
         [1.38654599e+02, 9.07769080e+01],
         [1.33736791e+02, 1.63841487e+02],
         [1.07040117e+02, 1.83512720e+02],
         [1.35141879e+02, 1.91943249e+02],
         [1.49192759e+02, 1.77189824e+02],
         [1.49192759e+02, 1.64544031e+02],
         [1.62541096e+02, 1.65949119e+02],
         [1.69566536e+02, 1.78594912e+02],
         [1.49895303e+02, 2.01778865e+02],
         [1.68863992e+02, 2.06696673e+02],
         [1.85725049e+02, 1.99671233e+02],
         [1.87130137e+02, 2.19342466e+02],
         [2.06098826e+02, 2.00373777e+02],
         [2.06098826e+02, 1.89133072e+02],
         [2.24364971e+02, 1.95455969e+02],
         [2.18744618e+02, 1.77892368e+02],
         [2.38415851e+02, 2.03183953e+02],
         [2.48251468e+02, 1.75784736e+02],
         [2.34200587e+02, 1.68056751e+02],
         [2.56681996e+02, 1.90538160e+02],
         [2.32795499e+02, 2.34095890e+02],
         [2.20852250e+02, 2.13019569e+02],
         [1.99073386e+02, 2.39716243e+02],
         [1.77997065e+02, 2.46741683e+02],
         [2.59492172e+02, 2.21450098e+02],
         [2.73543053e+02, 1.87025440e+02],
         [2.84783757e+02, 2.17937378e+02],
         [2.84783757e+02, 2.29880626e+02],
         [3.03752446e+02, 1.82107632e+02],
         [3.14993151e+02, 2.11614481e+02],
         [3.00239726e+02, 1.69461840e+02],
         [2.80568493e+02, 1.62436399e+02],
         [3.02347358e+02, 1.52600783e+02],
         [2.89701566e+02, 1.44872798e+02],
         [3.03752446e+02, 1.36442270e+02],
         [3.23423679e+02, 1.51195695e+02],
         [3.26233855e+02, 1.42765166e+02],
         [3.15695695e+02, 1.28011742e+02],
         [3.22721135e+02, 1.23093933e+02],
         [1.62541096e+02, 9.99099804e+01],
         [1.54813112e+02, 9.35870841e+01],
         [1.70269080e+02, 9.85048924e+01],
         [1.77294521e+02, 1.14663405e+02],
         [1.97668297e+02, 1.13258317e+02],
         [1.85022505e+02, 9.21819961e+01],
         [1.75186888e+02, 8.37514677e+01],
         [2.18744618e+02, 9.99099804e+01],
         [2.28580235e+02, 1.04827789e+02],
         [2.40523483e+02, 9.99099804e+01],
         [2.43333659e+02, 1.13960861e+02],
         [2.34200587e+02, 1.23093933e+02],
         [2.28580235e+02, 1.19581213e+02],
         [1.95560665e+02, 1.65246575e+02],
         [3.24126223e+02, 3.19806262e+02],
         [1.04932485e+02, 6.61878669e+01],
         [1.20388454e+02, 6.47827789e+01],
         [2.93916830e+02, 1.19581213e+02],
         [2.84081213e+02, 1.23093933e+02],
         [2.60194716e+02, 1.18878669e+02],
         [2.65112524e+02, 1.08340509e+02],
         [1.43396771e+02, 1.83161448e+02],
         [1.85549413e+02, 1.78594912e+02],
         [1.69039628e+02, 1.39954990e+02],
         [1.83441781e+02, 1.28011742e+02],
         [1.60609100e+02, 1.30119374e+02],
         [1.33912427e+02, 1.33983366e+02],
         [5.87402153e+01, 1.28011742e+02],
         [1.02649217e+02, 1.35037182e+02],
         [1.55691292e+02, 7.84823875e+01],
         [1.53934932e+02, 6.97005871e+01],
         [1.90115949e+02, 7.70772994e+01],
         [1.41289139e+02, 6.89980431e+01],
         [1.62716732e+02, 6.54853229e+01],
         [1.21090998e+02, 1.38549902e+02],
         [9.50968689e+01, 1.56113503e+02],
         [7.33180039e+01, 2.49551859e+02],
         [1.86427593e+02, 2.34095890e+02],
         [3.07265166e+02, 1.21688845e+02],
         [3.04454990e+02, 1.11853229e+02],
         [3.09372798e+02, 9.99099804e+01],
         [2.77758317e+02, 1.03422701e+02],
         [2.84081213e+02, 9.49921722e+01],
         [2.95321918e+02, 1.00612524e+02],
         [3.05157534e+02, 1.26606654e+02],
         [2.69327789e+02, 9.56947162e+01],
         [2.55276908e+02, 9.70998043e+01],
         [2.67220157e+02, 8.51565558e+01],
         [2.93916830e+02, 8.51565558e+01],
         [2.87593933e+02, 7.25107632e+01],
         [2.78460861e+02, 7.46183953e+01],
         [2.66517613e+02, 7.60234834e+01],
         [2.93214286e+02, 1.08340509e+02],
         [1.92574853e+02, 1.91943249e+02],
         [2.04518102e+02, 1.61031311e+02],
         [2.17515166e+02, 1.53654599e+02],
         [2.15758806e+02, 1.26606654e+02],
         [2.02410470e+02, 1.26957926e+02],
         [2.40347847e+02, 1.40657534e+02],
         [2.14002446e+02, 1.14312133e+02],
         [2.12597358e+02, 8.44540117e+01],
         [2.23135519e+02, 9.00743640e+01],
         [2.39645303e+02, 8.48052838e+01],
         [2.00654110e+02, 1.03773973e+02],
         [1.58150196e+02, 1.61031311e+02],
         [1.96087573e+02, 1.44872798e+02],
         [2.03815558e+02, 1.16068493e+02],
         [2.60422701e+02, 1.45224070e+02],
         [2.57612524e+02, 1.31173190e+02],
         [2.76581213e+02, 1.41360078e+02],
         [2.49884540e+02, 1.55762231e+02],
         [1.92047945e+02, 1.34334638e+02],
         [1.82914873e+02, 1.34334638e+02],
         [8.71932485e+01, 5.86355186e+01],
         [9.45699609e+01, 4.95024462e+01],
         [1.00190313e+02, 4.95024462e+01],
         [9.70288650e+01, 4.03693738e+01],
         [9.91364971e+01, 3.15875734e+01],
         [8.19241683e+01, 3.33439335e+01],
         [7.52500000e+01, 2.66697652e+01],
         [1.11079746e+02, 3.15875734e+01],
         [1.04405577e+02, 2.91286693e+01],
         [1.17753914e+02, 2.66697652e+01],
         [1.26184442e+02, 2.45621331e+01],
         [1.07918297e+02, 5.37177104e+01],
         [1.14241194e+02, 4.80973581e+01],
         [1.47260763e+02, 6.17969667e+01],
         [1.49719667e+02, 5.19613503e+01],
         [1.73606164e+02, 2.03468689e+01],
         [1.92223581e+02, 5.61766145e+01],
         [1.84846869e+02, 6.24995108e+01],
         [1.77470157e+02, 6.77685910e+01],
         [1.77118885e+02, 6.28507828e+01],
         [2.00654110e+02, 6.67147750e+01],
         [2.07679550e+02, 6.49584149e+01],
         [1.91521037e+02, 6.84711350e+01],
         [1.93628669e+02, 6.60122309e+01],
         [1.58501468e+02, 5.23126223e+01],
         [1.53934932e+02, 6.35533268e+01],
         [1.33561155e+02, 5.37177104e+01],
         [1.25481898e+02, 4.63409980e+01],
         [1.36722603e+02, 6.17969667e+01],
         [1.40586595e+02, 6.03918787e+01],
         [1.60960372e+02, 3.82617417e+01],
         [1.70444716e+02, 4.87999022e+01],
         [1.62014188e+02, 4.77460861e+01],
         [1.70444716e+02, 4.24770059e+01],
         [1.67985812e+02, 4.45846380e+01],
         [1.64121820e+02, 4.95024462e+01],
         [1.73957436e+02, 4.31795499e+01],
         [1.58852740e+02, 4.14231898e+01],
         [1.59906556e+02, 6.03918787e+01],
         [1.64824364e+02, 6.00406067e+01],
         [1.80631605e+02, 4.52871820e+01],
         [1.82036693e+02, 5.37177104e+01],
         [2.06625734e+02, 4.70435421e+01],
         [1.32507339e+02, 2.17519569e+01],
         [1.30399706e+02, 1.78879648e+01],
         [1.26184442e+02, 1.71854207e+01],
         [1.08972114e+02, 4.70435421e+01],
         [1.27238258e+02, 3.79104697e+01],
         [1.29697162e+02, 2.52646771e+01],
         [1.71498532e+02, 3.72079256e+01],
         [1.96087573e+02, 5.30151663e+01],
         [1.40586595e+02, 1.40239726e+01],
         [1.70093444e+02, 1.96443249e+01],
         [1.53583659e+02, 2.66697652e+01],
         [1.32156067e+02, 4.14231898e+01],
         [1.34966243e+02, 3.58028376e+01],
         [1.38478963e+02, 4.03693738e+01],
         [1.38127691e+02, 2.28057730e+01],
         [1.37776419e+02, 1.71854207e+01],
         [1.72903620e+02, 1.40239726e+01],
         [1.82387965e+02, 1.43752446e+01],
         [1.79929061e+02, 3.47490215e+01],
         [1.75362524e+02, 2.87773973e+01],
         [1.66580724e+02, 2.31570450e+01],
         [1.60609100e+02, 2.80748532e+01],
         [1.67985812e+02, 5.59344423e+00],
         [1.60609100e+02, 1.05112524e+01],
         [1.54286204e+02, 4.18835616e+00],
         [1.94331213e+02, 3.33439335e+01],
         [2.08382094e+02, 2.28057730e+01],
         [2.08733366e+02, 3.12363014e+01],
         [1.97843933e+02, 3.01824853e+01],
         [2.03464286e+02, 3.58028376e+01],
         [2.01707926e+02, 4.87999022e+01],
         [1.97141389e+02, 4.77460861e+01],
         [1.88359589e+02, 4.49359100e+01],
         [1.85198141e+02, 3.96668297e+01],
         [1.56042564e+02, 1.29701566e+01],
         [1.52881115e+02, 6.99853229e+00],
         [1.51124755e+02, 1.22676125e+01],
         [1.48665851e+02, 8.05234834e+00],
         [1.45855675e+02, 9.10616438e+00],
         [1.46558219e+02, 5.24217221e+00],
         [1.64824364e+02, 1.02690802e+00],
         [1.73606164e+02, 1.02690802e+00],
         [1.89062133e+02, 2.78326810e+00],
         [1.91872309e+02, 1.02690802e+00],
         [1.96790117e+02, 1.72945205e+00],
         [2.00654110e+02, 2.43199609e+00],
         [1.97843933e+02, 6.99853229e+00],
         [1.96790117e+02, 1.54290607e+01],
         [1.98195205e+02, 9.80870841e+00],
         [1.94331213e+02, 5.24217221e+00],
         [2.03464286e+02, 5.59344423e+00],
         [2.06977006e+02, 2.08072407e+00],
         [2.04869374e+02, 3.24363992e-01],
         [2.05220646e+02, 2.08072407e+00],
         [2.06274462e+02, 8.05234834e+00],
         [2.05571918e+02, 1.19163405e+01],
         [2.01356654e+02, 1.19163405e+01],
         [2.04869374e+02, 1.82392368e+01],
         [2.00654110e+02, 1.82392368e+01],
         [1.93277397e+02, 2.06981409e+01],
         [1.88359589e+02, 2.42108611e+01],
         [1.91521037e+02, 2.56159491e+01],
         [1.94682485e+02, 2.63184932e+01],
         [2.02761742e+02, 2.63184932e+01],
         [1.83090509e+02, 3.01824853e+01],
         [1.83090509e+02, 2.70210372e+01],
         [1.83090509e+02, 2.42108611e+01],
         [1.78875245e+02, 2.03468689e+01],
         [1.63068004e+02, 1.57803327e+01],
         [1.77470157e+02, 3.72079256e+01],
         [1.67985812e+02, 3.26413894e+01],
         [1.55691292e+02, 1.78879648e+01],
         [1.46909491e+02, 1.92930528e+01],
         [1.51124755e+02, 1.92930528e+01],
         [1.20915362e+02, 3.01824853e+01],
         [9.87852250e+01, 5.79329746e+01],
         [1.00892857e+02, 5.51227984e+01],
         [1.32156067e+02, 4.80973581e+01],
         [1.34263699e+02, 4.56384540e+01],
         [1.90642857e+02, 2.95890411e+00],
         [1.73781800e+02, 9.98434442e+00],
         [1.76591977e+02, 8.57925636e+00],
         [1.77997065e+02, 7.87671233e+00],
         [1.81509785e+02, 7.87671233e+00],
         [1.80104697e+02, 3.66144814e+00],
         [1.84319961e+02, 2.95890411e+00],
         [1.88535225e+02, 9.28180039e+00],
         [1.75186888e+02, 5.76908023e+00],
         [1.69566536e+02, 2.95890411e+00],
         [1.58325832e+02, 1.55381605e+00],
         [1.88535225e+02, 1.84148728e+01],
         [1.57623288e+02, 2.54403131e+01],
         [1.68864971e+01, 1.19163405e+01],
         [1.89941292e+01, 1.57803327e+01],
         [1.23199609e+01, 1.43752446e+01],
         [2.11243802e+02, 7.66442837e+01],
         [2.22814050e+02, 7.11346419e+01],
         [2.32180441e+02, 6.72778926e+01],
         [2.44301653e+02, 7.60933196e+01],
         [2.50913223e+02, 7.16856061e+01],
         [2.54219008e+02, 5.57076446e+01],
         [2.59728650e+02, 7.33384986e+01],
         [2.64136364e+02, 5.95643939e+01],
         [2.79012397e+02, 5.57076446e+01],
         [2.67993113e+02, 4.90960744e+01],
         [2.40995868e+02, 5.57076446e+01],
         [2.48709366e+02, 5.18508953e+01],
         [2.36037190e+02, 5.24018595e+01],
         [2.22814050e+02, 6.06663223e+01],
         [2.21712121e+02, 5.35037879e+01],
         [2.27772727e+02, 3.91787190e+01],
         [2.17304408e+02, 5.07489669e+01],
         [2.25568871e+02, 1.98949725e+01],
         [2.38792011e+02, 3.14652204e+01],
         [2.49811295e+02, 2.76084711e+01],
         [2.38792011e+02, 4.30354683e+01],
         [2.55320937e+02, 4.57902893e+01],
         [2.52015152e+02, 4.02806474e+01],
         [2.62483471e+02, 4.08316116e+01],
         [2.73502755e+02, 4.19335399e+01],
         [2.68544077e+02, 3.64238981e+01],
         [2.63034435e+02, 3.64238981e+01],
         [2.17304408e+02, 3.80767906e+01],
         [2.13998623e+02, 2.87103994e+01],
         [2.45954545e+02, 6.67183196e+00],
         [2.37690083e+02, 1.32834022e+01],
         [2.30803030e+02, 3.31181129e+01],
         [2.26946281e+02, 2.76084711e+01],
         [2.19783747e+02, 3.14652204e+01],
         [2.13723140e+02, 2.09969008e+01],
         [2.09866391e+02, 1.71401515e+01],
         [2.12621212e+02, 1.87930441e+01],
         [2.15376033e+02, 1.32834022e+01],
         [2.11519284e+02, 8.32472452e+00],
         [2.60555096e+02, 1.32834022e+01],
         [2.59453168e+02, 1.76911157e+01],
         [2.57249311e+02, 9.97761708e+00],
         [2.53392562e+02, 2.81508264e+00],
         [2.46230028e+02, 2.26411846e+00],
         [2.40720386e+02, 4.46797521e+00],
         [2.30803030e+02, 8.32472452e+00],
         [2.26395317e+02, 1.21814738e+01],
         [2.20885675e+02, 1.43853306e+01],
         [2.24742424e+02, 9.42665289e+00],
         [2.26946281e+02, 5.56990358e+00],
         [2.17579890e+02, 5.56990358e+00],
         [2.12621212e+02, 4.46797521e+00],
         [2.14825069e+02, 2.26411846e+00],
         [2.26395317e+02, 2.81508264e+00],
         [2.31353994e+02, 6.11225895e-01],
         [2.20334711e+02, 4.46797521e+00],
         [2.17028926e+02, 9.97761708e+00],
         [2.28048209e+02, 2.37517218e+01],
         [2.34659780e+02, 1.87930441e+01],
         [2.46230028e+02, 1.21814738e+01],
         [2.40169421e+02, 2.37517218e+01],
         [2.44577135e+02, 2.87103994e+01],
         [2.63860882e+02, 2.54046143e+01],
         [2.59453168e+02, 2.48536501e+01],
         [2.64962810e+02, 2.26497934e+01],
         [2.53943526e+02, 1.87930441e+01],
         [2.54494490e+02, 3.25671488e+01],
         [2.45679063e+02, 3.64238981e+01],
         [2.67717631e+02, 4.19335399e+01],
         [2.74329201e+02, 4.96470386e+01],
         [2.46780992e+02, 4.02806474e+01],
         [2.50637741e+02, 5.68095730e+01]]), array([[378]], dtype=uint16))]]
