[[(array([[ 22.21361502, 345.27699531],
         [ 35.71126761, 367.57746479],
         [ 46.86150235, 322.97652582],
         [ 60.35915493, 297.15492958],
         [ 15.1713615 , 308.30516432],
         [ 16.93192488, 286.5915493 ],
         [ 39.23239437, 253.72769953],
         [ 60.94600939, 252.55399061],
         [ 42.16666667, 224.97183099],
         [ 45.68779343, 206.77934272],
         [ 70.92253521, 183.89201878],
         [ 77.96478873, 197.97652582],
         [ 89.11502347, 210.88732394],
         [102.0258216 , 235.53521127],
         [122.5657277 , 250.79342723],
         [106.72065728, 314.76056338],
         [134.88967136, 330.01877934],
         [ 99.67840376, 365.23004695],
         [150.73474178, 294.80751174],
         [181.83802817, 253.72769953],
         [221.74413146, 263.70422535],
         [202.96478873, 313.58685446],
         [290.99295775, 356.42723005],
         [302.73004695, 317.10798122],
         [283.95070423, 281.89671362],
         [306.25117371, 261.94366197],
         [279.25586854, 231.42723005],
         [347.91784038, 243.75117371],
         [381.3685446 , 232.01408451],
         [363.17605634, 304.1971831 ],
         [319.16197183, 290.69953052],
         [433.01173709, 339.4084507 ],
         [481.13380282, 356.42723005],
         [454.13849765, 301.2629108 ],
         [478.19953052, 272.50704225],
         [479.9600939 , 233.18779343],
         [454.13849765, 226.14553991],
         [431.25117371, 222.62441315],
         [425.96948357, 242.57746479],
         [426.55633803, 284.83098592],
         [381.3685446 , 198.56338028],
         [408.36384977, 198.56338028],
         [417.16666667, 172.15492958],
         [455.89906103, 168.04694836],
         [490.52347418, 169.22065728],
         [458.24647887, 131.66197183],
         [431.25117371, 159.24413146],
         [437.70657277, 145.15962441],
         [447.09624413, 109.36150235],
         [434.77230047, 101.73239437],
         [481.13380282,  97.03755869],
         [495.21830986, 107.01408451],
         [466.46244131,  88.82159624],
         [475.26525822,  77.6713615 ],
         [495.80516432,  73.56338028],
         [479.37323944,  45.98122066],
         [488.7629108 ,  45.98122066],
         [464.11502347,  64.76056338],
         [448.26995305,  76.49765258],
         [453.55164319,  39.5258216 ],
         [453.55164319,  19.57276995],
         [438.29342723,  36.00469484],
         [427.14319249,  28.96244131],
         [434.77230047,  17.81220657],
         [418.34037559,  41.28638498],
         [408.36384977,  33.657277  ],
         [415.99295775,  23.09389671],
         [398.9741784 ,  15.46478873],
         [399.56103286,  27.20187793],
         [392.51877934,  39.5258216 ],
         [382.54225352,  37.76525822],
         [372.5657277 ,  21.33333333],
         [376.08685446,  13.70422535],
         [382.54225352,  12.53051643],
         [396.0399061 ,  12.53051643],
         [371.39201878,  33.07042254],
         [365.52347418,  52.43661972],
         [383.12910798,  53.61032864],
         [408.36384977,  60.0657277 ],
         [398.9741784 ,  89.99530516],
         [397.21361502, 112.29577465],
         [392.51877934, 129.90140845],
         [393.69248826, 153.37558685],
         [369.04460094, 178.61032864],
         [362.00234742, 154.54929577],
         [345.57042254, 146.33333333],
         [354.37323944, 134.00938967],
         [326.20422535, 183.89201878],
         [325.03051643, 216.75586854],
         [282.77699531, 193.8685446 ],
         [297.44835681, 181.54460094],
         [302.14319249, 142.81220657],
         [271.62676056, 155.13615023],
         [320.92253521, 121.68544601],
         [313.29342723, 105.84037559],
         [332.65962441,  95.86384977],
         [341.46244131,  76.49765258],
         [358.48122066,  90.58215962],
         [348.50469484,  56.54460094],
         [336.18075117,  62.41314554],
         [328.55164319,  63.        ],
         [319.74882629,  53.61032864],
         [327.37793427,  45.3943662 ],
         [329.13849765,  38.35211268],
         [344.39671362,  37.76525822],
         [347.91784038,  27.78873239],
         [339.70187793,  14.87793427],
         [330.31220657,  25.44131455],
         [321.50938967,  29.54929577],
         [314.46713615,  21.33333333],
         [310.35915493,  11.35680751],
         [316.22769953,  13.11737089],
         [324.44366197,  11.35680751],
         [297.44835681,  12.53051643],
         [298.62206573,  23.09389671],
         [292.16666667,  37.17840376],
         [304.49061033,  37.76525822],
         [306.83802817,  61.82629108],
         [285.12441315,  66.52112676],
         [288.05868545,  82.36619718],
         [276.9084507 ,  89.4084507 ],
         [265.75821596,  78.25821596],
         [263.99765258, 107.01408451],
         [243.45774648, 173.3286385 ],
         [234.65492958, 156.89671362],
         [217.63615023, 234.36150235],
         [240.52347418, 206.77934272],
         [208.83333333, 202.6713615 ],
         [210.59389671, 185.0657277 ],
         [198.26995305, 156.89671362],
         [224.0915493 , 144.57276995],
         [253.4342723 , 124.61971831],
         [266.34507042, 134.59624413],
         [223.50469484, 109.94835681],
         [205.89906103, 109.36150235],
         [190.05399061, 117.57746479],
         [150.14788732, 177.43661972],
         [126.67370892, 213.82159624],
         [179.49061033, 161.00469484],
         [162.47183099, 151.02816901],
         [172.44835681, 114.05633803],
         [154.25586854, 108.18779343],
         [169.51408451,  97.03755869],
         [147.21361502,  88.82159624],
         [140.75821596, 109.36150235],
         [129.60798122, 111.70892019],
         [118.45774648, 114.64319249],
         [ 99.67840376, 144.57276995],
         [110.8286385 , 148.68075117],
         [113.17605634, 197.38967136],
         [128.4342723 , 161.00469484],
         [153.08215962, 132.24882629],
         [ 66.22769953, 148.68075117],
         [ 46.86150235, 166.87323944],
         [ 22.21361502, 199.15023474],
         [ 19.86619718, 182.71830986],
         [ 12.2370892 , 138.70422535],
         [ 29.25586854, 155.13615023],
         [ 52.73004695, 123.44600939],
         [ 63.29342723, 136.35680751],
         [ 85.59389671, 114.64319249],
         [ 18.1056338 ,  97.03755869],
         [  4.02112676, 110.53521127],
         [ 24.56103286,  90.58215962],
         [ 36.88497653,  80.6056338 ],
         [ 39.23239437,  70.04225352],
         [ 13.41079812,  68.8685446 ],
         [ 53.31690141,  85.88732394],
         [ 48.62206573, 101.73239437],
         [ 75.03051643,  81.19248826],
         [ 86.18075117,  92.92957746],
         [ 84.42018779,  70.62910798],
         [ 91.46244131,  65.9342723 ],
         [ 73.85680751,  61.82629108],
         [ 87.35446009,  48.3286385 ],
         [104.9600939 ,  48.3286385 ],
         [121.97887324,  54.78403756],
         [138.99765258,  51.84976526],
         [143.69248826,  65.9342723 ],
         [124.91314554,  66.52112676],
         [168.34037559,  49.50234742],
         [183.01173709,  49.50234742],
         [197.09624413,  54.1971831 ],
         [175.96948357,  76.49765258],
         [163.64553991,  74.15023474],
         [161.88497653,  64.17370892],
         [152.49530516,  61.82629108],
         [156.01643192,  80.6056338 ],
         [194.16197183,  84.71361502],
         [217.04929577,  94.10328638],
         [196.50938967,  95.86384977],
         [234.65492958, 101.73239437],
         [240.52347418,  85.88732394],
         [252.26056338,  89.4084507 ],
         [265.75821596,  58.89201878],
         [255.19483568,  58.30516432],
         [245.80516432,  61.82629108],
         [228.19953052,  70.04225352],
         [208.83333333,  62.41314554],
         [221.74413146,  49.50234742],
         [217.63615023,  37.76525822],
         [231.72065728,  43.63380282],
         [250.5       ,  45.3943662 ],
         [254.60798122,  27.20187793],
         [262.2370892 ,  17.81220657],
         [264.58450704,  37.17840376],
         [273.38732394,  13.11737089],
         [195.92253521,  15.46478873],
         [168.92723005,  23.68075117],
         [ 90.87558685,  29.54929577],
         [113.17605634,  20.74647887],
         [ 69.16197183,  21.92018779],
         [ 65.64084507,  16.63849765],
         [ 32.19014085,  37.76525822],
         [ 53.31690141,  21.33333333],
         [ 53.90375587,  53.61032864],
         [ 70.92253521,  45.3943662 ],
         [127.26056338,  41.28638498],
         [140.75821596,  35.41784038],
         [156.60328638,  27.20187793],
         [155.42957746,  17.81220657],
         [146.0399061 , 206.77934272],
         [174.20892019, 198.56338028],
         [180.07746479,  16.63849765],
         [ 84.42018779,  24.85446009],
         [ 73.26995305,  30.13615023],
         [ 50.38262911,  30.13615023],
         [ 89.11502347,  39.5258216 ],
         [ 16.93192488, 113.46948357],
         [ 33.36384977, 110.53521127],
         [142.60789211,  10.17782218],
         [134.11638362,   7.18081918],
         [127.62287712,   6.18181818],
         [111.63886114,   8.67932068],
         [ 99.15134865,   5.18281718],
         [ 87.66283716,   8.17982018],
         [ 73.67682318,   9.17882118],
         [ 65.18531469,   6.68131868],
         [ 47.7027972 ,   8.17982018],
         [ 32.21828172,  13.17482517],
         [ 12.23826174,  29.15884116],
         [  7.24325674,  16.17182817],
         [  2.74775225,  29.65834166],
         [  3.24725275,  37.15084915],
         [ 19.73076923,  52.13586414],
         [ 11.23926074,  36.65134865],
         [ 31.21928072,  27.16083916],
         [ 43.20729271,  50.63736264],
         [ 46.7037962 ,  42.64535465],
         [450.7997003 ,  11.17682318],
         [471.27922078,  10.17782218],
         [478.27222777,  18.16983017],
         [489.76073926,  16.67132867],
         [176.07442557,   8.17982018],
         [165.58491508,  10.17782218],
         [155.59490509,   8.67932068],
         [188.56193806,   6.18181818],
         [167.08341658,   3.18481518],
         [146.6038961 ,   2.18581419]]), array([[259]], dtype=uint16))]]
