[[(array([[104.07142857, 572.00974026],
         [135.24025974, 581.75      ],
         [129.88311688, 564.70454545],
         [129.3961039 , 554.96428571],
         [119.65584416, 540.84090909],
         [156.66883117, 551.06818182],
         [149.36363636, 542.78896104],
         [166.8961039 , 533.53571429],
         [162.02597403, 528.17857143],
         [153.25974026, 521.36038961],
         [144.00649351, 511.62012987],
         [154.23376623, 511.62012987],
         [176.63636364, 512.59415584],
         [191.24675325, 514.54220779],
         [167.87012987, 491.6525974 ],
         [172.25324675, 485.32142857],
         [196.6038961 , 498.95779221],
         [202.93506494, 495.5487013 ],
         [206.83116883, 500.90584416],
         [216.08441558, 497.98376623],
         [221.44155844, 505.77597403],
         [193.68181818, 490.67857143],
         [175.66233766, 459.99675325],
         [173.71428571, 471.19805195],
         [198.55194805, 466.81493506],
         [208.77922078, 479.47727273],
         [220.95454545, 469.25      ],
         [236.05194805, 470.71103896],
         [217.54545455, 459.02272727],
         [205.37012987, 457.56168831],
         [231.18181818, 450.74350649],
         [248.22727273, 453.17857143],
         [243.35714286, 445.38636364],
         [189.62337662, 415.19155844],
         [196.92857143, 397.17207792],
         [206.18181818, 405.4512987 ],
         [209.59090909, 380.61363636],
         [222.74025974, 397.17207792],
         [227.61038961, 385.97077922],
         [237.83766234, 414.21753247],
         [238.81168831, 406.42532468],
         [279.72077922, 441.49025974],
         [273.38961039, 435.15909091],
         [259.26623377, 429.31493506],
         [285.07792208, 436.62012987],
         [285.07792208, 426.39285714],
         [272.41558442, 426.39285714],
         [271.92857143, 418.11363636],
         [289.94805195, 433.21103896],
         [288.48701299, 416.6525974 ],
         [262.67532468, 407.88636364],
         [246.11688312, 403.01623377],
         [234.42857143, 403.50324675],
         [238.81168831, 385.48376623],
         [250.98701299, 385.48376623],
         [269.98051948, 402.04220779],
         [283.12987013, 387.43181818],
         [260.24025974, 395.71103896],
         [228.58441558, 377.20454545],
         [230.53246753, 371.36038961],
         [223.71428571, 366.97727273],
         [263.16233766, 370.38636364],
         [283.12987013, 359.18506494],
         [296.76623377, 374.28246753],
         [295.79220779, 383.0487013 ],
         [312.35064935, 383.53571429],
         [325.5       , 386.45779221],
         [314.78571429, 372.82142857],
         [308.45454545, 359.18506494],
         [280.69480519, 345.5487013 ],
         [264.13636364, 353.82792208],
         [251.47402597, 359.18506494],
         [241.73376623, 352.36688312],
         [231.50649351, 341.16558442],
         [240.27272727, 337.75649351],
         [263.16233766, 342.13961039],
         [258.29220779, 331.91233766],
         [241.24675325, 329.96428571],
         [241.73376623, 322.65909091],
         [253.42207792, 324.12012987],
         [263.64935065, 315.84090909],
         [249.03896104, 331.91233766],
         [320.14285714, 379.63961039],
         [306.99350649, 331.91233766],
         [356.18181818, 370.38636364],
         [351.31168831, 352.8538961 ],
         [358.61688312, 348.95779221],
         [393.19480519, 331.91233766],
         [376.14935065, 334.3474026 ],
         [380.04545455, 326.55519481],
         [377.61038961, 328.99025974],
         [362.02597403, 332.88636364],
         [355.20779221, 331.91233766],
         [340.11038961, 330.93831169],
         [327.44805195, 330.93831169],
         [321.11688312, 324.12012987],
         [315.27272727, 315.3538961 ],
         [306.99350649, 325.09415584],
         [303.0974026 , 321.68506494],
         [284.59090909, 321.68506494],
         [285.56493506, 312.43181818],
         [276.7987013 , 311.94480519],
         [355.20779221, 321.68506494],
         [337.67532468, 299.76948052],
         [325.5       , 294.89935065],
         [313.81168831, 302.20454545],
         [253.90909091, 303.17857143],
         [268.51948052, 299.76948052],
         [272.41558442, 291.49025974],
         [262.18831169, 281.75      ],
         [215.43506494, 251.06818182],
         [253.90909091, 263.73051948],
         [259.26623377, 264.70454545],
         [263.16233766, 273.95779221],
         [272.9025974 , 270.5487013 ],
         [285.07792208, 272.49675325],
         [284.1038961 , 264.70454545],
         [293.84415584, 262.26948052],
         [287.02597403, 247.17207792],
         [283.12987013, 238.89285714],
         [294.33116883, 274.93181818],
         [296.76623377, 272.49675325],
         [272.41558442, 279.80194805],
         [393.68181818, 317.30194805],
         [385.88961039, 315.3538961 ],
         [388.81168831, 304.1525974 ],
         [365.92207792, 300.25649351],
         [385.88961039, 294.89935065],
         [405.85714286, 291.49025974],
         [400.98701299, 283.21103896],
         [388.32467532, 288.08116883],
         [385.4025974 , 276.39285714],
         [380.04545455, 262.26948052],
         [369.33116883, 271.03571429],
         [361.05194805, 280.28896104],
         [341.57142857, 284.67207792],
         [353.74675325, 269.08766234],
         [350.82467532, 269.08766234],
         [362.51298701, 260.80844156],
         [356.18181818, 262.26948052],
         [350.33766234, 260.32142857],
         [344.49350649, 243.76298701],
         [344.98051948, 253.01623377],
         [329.3961039 , 268.11363636],
         [320.14285714, 253.99025974],
         [330.85714286, 240.84090909],
         [323.06493506, 247.17207792],
         [302.12337662, 241.81493506],
         [306.50649351, 234.02272727],
         [301.14935065, 228.66558442],
         [295.30519481, 211.13311688],
         [288.        , 207.72402597],
         [325.98701299, 222.82142857],
         [317.70779221, 219.89935065],
         [316.73376623, 231.83116883],
         [309.91558442, 238.64935065],
         [291.40909091, 228.90909091],
         [296.27922078, 222.09090909],
         [303.0974026 , 276.63636364],
         [419.49350649, 268.11363636],
         [428.74675325, 257.88636364],
         [438.        , 251.55519481],
         [435.07792208, 279.80194805],
         [432.64285714, 271.52272727],
         [426.7987013 , 279.80194805],
         [434.1038961 , 292.9512987 ],
         [426.7987013 , 292.9512987 ],
         [441.8961039 , 302.20454545],
         [456.99350649, 292.9512987 ],
         [456.01948052, 303.17857143],
         [459.91558442, 313.40584416],
         [468.19480519, 315.84090909],
         [490.5974026 , 310.48376623],
         [480.85714286, 300.25649351],
         [470.62987013, 291.00324675],
         [473.55194805, 284.67207792],
         [478.42207792, 279.80194805],
         [486.21428571, 281.75      ],
         [490.11038961, 281.26298701],
         [491.57142857, 278.34090909],
         [494.00649351, 289.54220779],
         [502.28571429, 307.56168831],
         [509.59090909, 306.58766234],
         [531.01948052, 312.43181818],
         [525.17532468, 311.45779221],
         [516.8961039 , 299.76948052],
         [545.62987013, 299.76948052],
         [536.86363636, 289.54220779],
         [527.12337662, 285.15909091],
         [503.74675325, 281.75      ],
         [513.97402597, 272.00974026],
         [532.96753247, 262.75649351],
         [524.68831169, 268.11363636],
         [541.24675325, 259.3474026 ],
         [547.09090909, 289.54220779],
         [544.65584416, 283.21103896],
         [564.62337662, 296.36038961],
         [559.75324675, 283.21103896],
         [555.37012987, 271.52272727],
         [567.54545455, 278.34090909],
         [562.67532468, 283.21103896],
         [563.64935065, 286.62012987],
         [576.31168831, 279.80194805],
         [563.16233766, 257.88636364],
         [575.33766234, 248.1461039 ],
         [587.51298701, 259.3474026 ],
         [591.40909091, 266.16558442],
         [592.87012987, 253.01623377],
         [595.79220779, 251.06818182],
         [595.79220779, 240.3538961 ],
         [607.96753247, 253.99025974],
         [612.83766234, 248.63311688],
         [623.06493506, 251.06818182],
         [618.19480519, 285.15909091],
         [605.53246753, 282.23701299],
         [595.79220779, 281.26298701],
         [601.14935065, 269.57467532],
         [601.14935065, 257.88636364],
         [650.33766234, 271.52272727],
         [377.61038961, 246.68506494],
         [407.80519481, 222.33441558],
         [420.95454545, 220.38636364],
         [436.53896104, 211.13311688],
         [420.95454545, 208.21103896],
         [424.36363636, 200.90584416],
         [431.66883117, 190.67857143],
         [400.5       , 205.77597403],
         [408.29220779, 210.15909091],
         [413.64935065, 203.34090909],
         [419.00649351, 197.49675325],
         [402.93506494, 194.08766234],
         [367.38311688, 206.75      ],
         [361.53896104, 199.93181818],
         [344.00649351, 191.6525974 ],
         [336.7012987 , 191.6525974 ],
         [339.13636364, 172.65909091],
         [346.44155844, 169.73701299],
         [350.33766234, 165.84090909],
         [366.8961039 , 173.63311688],
         [363.48701299, 163.89285714],
         [369.81818182, 158.53571429],
         [327.93506494, 171.19805195],
         [333.29220779, 163.89285714],
         [323.06493506, 162.43181818],
         [319.65584416, 162.43181818],
         [317.22077922, 153.66558442],
         [317.70779221, 139.54220779],
         [328.42207792, 150.25649351],
         [329.3961039 , 141.97727273],
         [340.5974026 , 148.79545455],
         [339.62337662, 143.43831169],
         [336.21428571, 159.02272727],
         [336.21428571, 151.71753247],
         [333.77922078, 154.1525974 ],
         [344.00649351, 124.44480519],
         [355.20779221, 127.8538961 ],
         [356.18181818, 124.44480519],
         [369.81818182, 126.87987013],
         [380.53246753, 128.34090909],
         [379.55844156, 122.00974026],
         [378.58441558, 144.89935065],
         [362.51298701, 141.97727273],
         [360.07792208, 145.38636364],
         [381.50649351, 143.92532468],
         [398.06493506, 121.03571429],
         [390.75974026, 117.62662338],
         [416.57142857, 122.49675325],
         [420.95454545, 124.93181818],
         [404.88311688, 136.13311688],
         [407.80519481, 143.43831169],
         [395.14285714, 137.10714286],
         [402.93506494, 125.90584416],
         [401.96103896, 119.08766234],
         [420.46753247, 148.79545455],
         [424.36363636, 140.51623377],
         [424.36363636, 143.43831169],
         [421.92857143, 133.69805195],
         [428.25974026, 137.10714286],
         [433.61688312, 138.56818182],
         [438.48701299, 125.41883117],
         [426.31168831, 166.32792208],
         [420.95454545, 162.43181818],
         [408.77922078, 160.48376623],
         [406.34415584, 182.88636364],
         [402.44805195, 182.88636364],
         [391.24675325, 184.3474026 ],
         [387.35064935, 152.69155844],
         [390.75974026, 148.30844156],
         [442.38311688, 175.09415584],
         [425.82467532, 180.4512987 ],
         [449.2012987 , 152.69155844],
         [454.07142857, 143.43831169],
         [450.17532468, 143.43831169],
         [453.0974026 , 131.26298701],
         [457.48051948, 124.44480519],
         [448.22727273, 122.00974026],
         [470.62987013, 129.80194805],
         [477.44805195, 132.72402597],
         [483.29220779, 133.69805195],
         [479.3961039 , 138.08116883],
         [499.85064935, 139.54220779],
         [504.72077922, 152.20454545],
         [493.51948052, 163.89285714],
         [479.3961039 , 165.84090909],
         [473.06493506, 156.10064935],
         [456.99350649, 158.53571429],
         [461.37662338, 149.28246753],
         [474.52597403, 150.25649351],
         [488.16233766, 155.12662338],
         [515.92207792, 162.91883117],
         [518.35714286, 155.61363636],
         [525.66233766, 155.61363636],
         [522.74025974, 160.97077922],
         [536.37662338, 181.91233766],
         [523.71428571, 180.4512987 ],
         [522.25324675, 187.26948052],
         [518.84415584, 191.16558442],
         [528.58441558, 190.67857143],
         [510.56493506, 206.75      ],
         [505.69480519, 211.62012987],
         [500.33766234, 200.90584416],
         [496.44155844, 212.10714286],
         [494.00649351, 205.28896104],
         [490.11038961, 200.90584416],
         [502.28571429, 179.47727273],
         [473.06493506, 178.01623377],
         [454.07142857, 179.47727273],
         [487.18831169, 213.56818182],
         [479.3961039 , 212.59415584],
         [481.34415584, 203.34090909],
         [471.11688312, 206.75      ],
         [466.73376623, 207.72402597],
         [455.53246753, 197.49675325],
         [459.91558442, 206.75      ],
         [462.35064935, 195.5487013 ],
         [460.4025974 , 191.16558442],
         [476.96103896, 193.11363636],
         [487.67532468, 196.52272727],
         [488.64935065, 192.13961039],
         [192.54545455, 104.47727273],
         [216.8961039 ,  92.30194805],
         [225.17532468,  90.3538961 ],
         [231.01948052,  91.32792208],
         [235.4025974 ,  90.3538961 ],
         [243.19480519,  82.56168831],
         [248.55194805,  85.97077922],
         [269.00649351,  90.3538961 ],
         [271.92857143,  81.10064935],
         [303.58441558,  79.1525974 ],
         [316.24675325,  73.79545455],
         [320.62987013,  69.89935065],
         [338.64935065,  77.69155844],
         [331.83116883,  73.30844156],
         [333.77922078,  67.46428571],
         [339.62337662,  66.97727273],
         [347.9025974 ,  66.49025974],
         [349.36363636,  80.12662338],
         [360.56493506,  65.51623377],
         [357.64285714,  61.62012987],
         [367.38311688,  77.69155844],
         [374.68831169,  76.71753247],
         [369.81818182,  75.74350649],
         [374.68831169,  69.89935065],
         [371.76623377,  63.08116883],
         [379.07142857,  67.9512987 ],
         [385.88961039,  75.74350649],
         [397.09090909,  73.30844156],
         [409.75324675,  69.89935065],
         [414.62337662,  81.58766234],
         [421.44155844,  82.56168831],
         [423.87662338,  71.36038961],
         [431.18181818,  81.58766234],
         [431.18181818,  75.25649351],
         [437.51298701,  74.28246753],
         [443.35714286,  76.71753247],
         [444.81818182,  70.38636364],
         [448.22727273,  87.91883117],
         [452.61038961,  90.3538961 ],
         [450.66233766,  74.28246753],
         [455.04545455,  65.51623377],
         [460.4025974 ,  66.49025974],
         [466.24675325,  67.46428571],
         [462.83766234,  73.30844156],
         [475.5       ,  85.48376623],
         [472.09090909,  82.56168831],
         [469.16883117,  90.3538961 ],
         [483.77922078,  85.48376623],
         [490.11038961,  88.40584416],
         [490.5974026 ,  74.28246753],
         [498.38961039,  78.17857143],
         [500.82467532,  84.99675325],
         [506.18181818,  99.60714286],
         [508.12987013,  91.81493506],
         [495.95454545,  85.97077922],
         [517.38311688,  81.10064935],
         [521.76623377,  80.61363636],
         [533.94155844,  82.56168831],
         [523.71428571,  91.81493506],
         [528.58441558, 105.93831169],
         [534.91558442,  97.17207792],
         [554.3961039 ,  91.32792208],
         [568.03246753,  90.84090909],
         [582.64285714,  97.17207792],
         [597.74025974, 100.58116883],
         [601.14935065, 109.3474026 ],
         [591.8961039 , 111.78246753],
         [578.25974026, 123.47077922],
         [595.79220779, 124.93181818],
         [583.12987013, 136.13311688],
         [595.30519481, 131.75      ],
         [604.55844156, 122.98376623],
         [613.81168831, 122.98376623],
         [617.70779221, 122.98376623],
         [610.4025974 , 108.37337662],
         [635.24025974, 122.98376623],
         [633.77922078, 131.75      ],
         [631.34415584, 126.87987013],
         [630.37012987, 131.75      ],
         [628.42207792, 141.97727273],
         [653.25974026, 133.69805195],
         [647.9025974 , 131.26298701],
         [671.27922078, 153.66558442],
         [631.83116883, 164.37987013],
         [624.03896104, 165.84090909],
         [628.90909091, 159.02272727],
         [629.3961039 , 151.23051948],
         [637.67532468, 163.40584416],
         [680.04545455, 170.22402597],
         [696.11688312, 169.25      ],
         [710.24025974, 192.13961039],
         [723.38961039, 194.57467532],
         [711.7012987 , 208.69805195],
         [701.96103896, 214.54220779],
         [702.93506494, 227.20454545],
         [692.22077922, 224.76948052],
         [692.22077922, 215.02922078],
         [696.6038961 , 192.13961039],
         [680.53246753, 204.31493506],
         [673.71428571, 189.70454545],
         [665.92207792, 186.29545455],
         [663.97402597, 197.49675325],
         [671.27922078, 206.75      ],
         [671.76623377, 215.02922078],
         [671.76623377, 230.61363636],
         [675.17532468, 241.81493506],
         [686.37662338, 235.97077922],
         [685.4025974 , 247.65909091],
         [656.66883117, 225.74350649],
         [659.1038961 , 213.08116883],
         [650.82467532, 222.33441558],
         [650.82467532, 213.08116883],
         [644.00649351, 214.54220779],
         [635.24025974, 208.21103896],
         [646.92857143, 199.44480519],
         [640.11038961, 194.57467532],
         [644.00649351, 190.67857143],
         [631.34415584, 185.32142857],
         [617.70779221, 215.02922078],
         [624.52597403, 228.17857143],
         [630.85714286, 197.49675325]]), array([[460]], dtype=uint16))]]
