[[(array([[ 41.62025316, 607.19066456],
         [ 91.76898734, 452.38370253],
         [168.08227848, 475.27768987],
         [254.20727848, 432.76028481],
         [236.76424051, 421.85838608],
         [126.65506329, 613.7318038 ],
         [173.53322785, 622.45332278],
         [240.03481013, 543.9596519 ],
         [734.98101266, 523.2460443 ],
         [630.32278481, 540.68908228],
         [596.52689873, 494.90110759],
         [657.57753165, 439.30142405],
         [756.78481013, 412.04667722],
         [833.09810127, 407.68591772],
         [814.56487342, 454.56408228],
         [854.90189873, 510.16376582],
         [836.36867089, 553.77136076],
         [789.49050633, 561.40268987],
         [866.89398734, 650.79825949],
         [929.03481013, 669.33148734],
         [910.50158228, 597.3789557 ],
         [934.48575949, 553.77136076],
         [962.8306962 , 498.17167722],
         [946.4778481 , 454.56408228],
         [922.49367089, 412.04667722],
         [619.42088608, 389.15268987],
         [685.92246835, 348.81566456],
         [689.19303797, 318.2903481 ],
         [648.85601266, 325.92167722],
         [612.87974684, 298.66693038],
         [597.61708861, 335.73338608],
         [573.63291139, 347.72547468],
         [537.65664557, 312.83939873],
         [540.92721519, 289.94541139],
         [507.13132911, 316.10996835],
         [477.69620253, 337.91376582],
         [477.69620253, 289.94541139],
         [475.51582278, 247.42800633],
         [466.7943038 , 207.09098101],
         [530.02531646, 229.98496835],
         [548.5585443 , 244.15743671],
         [613.96993671, 174.38528481],
         [627.05221519, 195.09889241],
         [640.13449367, 153.67167722],
         [673.93037975, 152.58148734],
         [692.46360759, 144.95015823],
         [737.16139241, 151.49129747],
         [712.08702532, 182.01661392],
         [738.25158228, 178.7460443 ],
         [758.96518987, 214.72231013],
         [695.73417722, 227.80458861],
         [677.20094937, 207.09098101],
         [640.13449367, 258.32990506],
         [647.76582278, 250.69857595],
         [306.53639241,  78.44857595],
         [421.00632911,  82.80933544],
         [494.04905063,  71.90743671],
         [514.76265823,  47.92325949],
         [494.04905063,  44.65268987],
         [597.61708861,  78.44857595],
         [368.67721519, 159.12262658],
         [341.42246835, 151.49129747],
         [322.88924051, 166.7539557 ],
         [302.17563291, 151.49129747],
         [267.28955696, 160.21281646],
         [258.56803797, 182.01661392],
         [294.5443038 , 194.00870253],
         [245.48575949, 199.4596519 ],
         [218.23101266, 176.56566456],
         [222.59177215, 152.58148734],
         [190.97626582, 143.85996835],
         [182.25474684, 159.12262658],
         [149.54905063, 141.67958861],
         [136.46677215, 139.49920886],
         [128.83544304,  94.80142405],
         [108.12183544, 101.34256329],
         [108.12183544,  87.17009494],
         [117.9335443 ,  71.90743671],
         [128.83544304,  33.75079114],
         [157.18037975,  42.47231013],
         [138.6471519 , 208.18117089],
         [174.62341772, 220.17325949],
         [159.36075949, 197.27927215],
         [147.36867089, 170.02452532],
         [ 97.21993671, 160.21281646],
         [ 80.86708861, 161.30300633],
         [ 80.86708861, 176.56566456],
         [102.67088608, 141.67958861],
         [ 71.05537975,  80.6289557 ],
         [ 61.24367089,  50.10363924],
         [ 51.43196203,  53.37420886],
         [ 81.95727848,  59.9153481 ],
         [854.90189873, 251.78876582],
         [844.        , 267.05142405],
         [832.00791139, 247.42800633],
         [829.82753165, 259.42009494],
         [899.59968354, 191.82832278],
         [884.33702532, 168.93433544],
         [380.6693038 , 500.35205696],
         [436.26898734, 518.88528481],
         [444.99050633, 482.90901899],
         [497.31962025, 448.02294304],
         [548.5585443 , 430.57990506],
         [522.39398734, 404.4153481 ],
         [464.61392405, 383.70174051],
         [428.63765823, 343.36471519],
         [381.75949367, 355.3568038 ],
         [476.60601266, 564.67325949],
         [395.93196203, 567.94382911],
         [375.21835443, 597.3789557 ],
         [403.56329114, 613.7318038 ],
         [297.81487342, 625.72389241],
         [289.09335443, 553.77136076],
         [281.46202532, 322.65110759],
         [307.62658228, 345.54509494],
         [286.91297468, 285.5846519 ],
         [243.30537975, 270.32199367],
         [138.6471519 , 297.57674051],
         [ 76.50632911, 308.47863924],
         [ 78.68670886, 277.95332278],
         [ 86.31803797, 209.27136076],
         [111.39240506, 197.27927215],
         [419.91613924, 159.12262658],
         [402.47310127, 149.31091772],
         [359.9556962 ,  70.81724684],
         [371.94778481,  70.81724684],
         [326.15981013,  68.63686709],
         [319.61867089,  41.38212025],
         [305.44620253,  44.65268987],
         [291.27373418,  59.9153481 ],
         [291.27373418,  52.28401899],
         [278.1914557 ,  30.48022152],
         [252.02689873,  27.2096519 ],
         [225.86234177,  22.84889241],
         [174.62341772,  19.57832278],
         [151.72943038,  82.80933544],
         [138.6471519 ,  76.2681962 ],
         [102.67088608,  45.74287975],
         [110.30221519,  42.47231013],
         [768.77689873, 366.25870253],
         [779.67879747, 320.47072785],
         [824.37658228, 330.28243671],
         [882.15664557, 330.28243671],
         [889.78797468, 381.52136076],
         [825.46677215, 389.15268987],
         [811.2943038 , 385.88212025],
         [926.85443038, 306.29825949],
         [920.31329114, 265.96123418],
         [992.26582278, 221.26344937],
         [945.38765823, 182.01661392],
         [914.86234177, 167.84414557],
         [859.26265823, 143.85996835],
         [838.54905063, 174.38528481],
         [804.75316456, 138.40901899],
         [805.84335443, 160.21281646],
         [790.5806962 , 161.30300633],
         [780.76898734, 148.22072785],
         [765.50632911, 151.49129747],
         [765.50632911, 179.83623418],
         [587.80537975, 161.30300633],
         [567.09177215, 167.84414557],
         [559.46044304, 154.76186709],
         [537.65664557, 160.21281646],
         [540.92721519, 176.56566456],
         [521.30379747, 182.01661392],
         [507.13132911, 147.13053797],
         [477.69620253, 143.85996835],
         [464.61392405, 146.0403481 ],
         [465.70411392, 160.21281646],
         [444.99050633, 153.67167722],
         [441.71993671, 185.28718354],
         [397.0221519 , 274.68275316],
         [361.04588608, 251.78876582],
         [350.14398734, 229.98496835],
         [314.16772152, 235.43591772],
         [545.28797468,  75.17800633],
         [576.90348101,  63.18591772],
         [569.2721519 ,  90.44066456],
         [577.99367089,  70.81724684],
         [612.87974684,  61.00553797],
         [624.87183544,  71.90743671],
         [628.14240506,  78.44857595],
         [789.49050633,  86.07990506],
         [816.74525316,  83.89952532],
         [805.84335443,  61.00553797],
         [891.96835443,  68.63686709],
         [933.39556962,  79.53876582],
         [917.04272152,  86.07990506],
         [903.96044304,  83.89952532],
         [901.78006329,  98.07199367],
         [919.22310127,  94.80142405],
         [934.48575949,  94.80142405],
         [966.10126582, 103.52294304],
         [938.84651899, 110.06408228],
         [911.59177215, 105.70332278],
         [917.04272152, 117.69541139],
         [958.46993671, 115.51503165],
         [955.19936709, 136.22863924],
         [936.66613924, 136.22863924],
         [966.10126582, 152.58148734],
         [983.5443038 , 152.58148734],
         [985.72468354, 143.85996835],
         [979.1835443 , 131.86787975],
         [982.45411392, 337.91376582],
         [973.73259494, 362.98813291],
         [272.74050633,  79.53876582],
         [280.37183544,  90.44066456],
         [255.29746835, 147.13053797],
         [223.68196203, 232.1653481 ],
         [378.48892405, 146.0403481 ],
         [751.33386076, 503.62262658],
         [211.36613387, 138.62037962],
         [101.6958042 , 397.84115884],
         [472.58091908, 272.21878122],
         [448.65284715, 167.53346653],
         [424.72477522, 140.61438561],
         [399.7997003 , 136.62637363],
         [273.18031968, 145.5994006 ],
         [235.29420579, 135.62937063],
         [235.29420579, 158.56043956],
         [242.27322677, 151.58141858],
         [271.18631369,  20.97402597],
         [320.03946054,  26.95604396],
         [546.35914086, 149.58741259],
         [532.4010989 , 149.58741259],
         [623.12837163, 130.64435564],
         [624.12537463, 145.5994006 ],
         [626.11938062, 165.53946054],
         [628.11338661, 158.56043956],
         [674.97252747, 183.48551449],
         [716.84665335, 156.56643357],
         [732.7987013 , 141.61138861],
         [792.61888112, 205.41958042],
         [708.87062937, 292.15884116],
         [736.78671329, 281.19180819],
         [769.68781219, 383.88311688],
         [672.97852148, 636.12487512],
         [575.27222777, 659.05594406],
         [947.15434565, 428.74825175],
         [866.3971029 , 211.4015984 ],
         [986.03746254, 178.5004995 ],
         [930.20529471, 157.56343656],
         [897.3041958 , 158.56043956],
         [875.37012987, 154.57242757],
         [822.52897103, 153.57542458],
         [806.57692308, 150.58441558],
         [793.61588412,  72.81818182],
         [798.6008991 ,  78.8001998 ],
         [754.73276723, 157.56343656],
         [968.09140859, 288.17082917],
         [994.01348651, 273.21578422],
         [358.92257742,  31.94105894],
         [309.07242757,  59.85714286],
         [112.66283716, 159.55744256],
         [117.64785215, 148.59040959],
         [312.06343656, 137.62337662]]), array([[256]], dtype=uint16))]]
