[[(array([[ 102.29764706,  424.15176471],
         [  17.96823529,  388.01058824],
         [ 510.69294118,  485.59176471],
         [ 680.55647059,  587.99176471],
         [ 643.21058824,  478.36352941],
         [ 796.20823529,  375.96352941],
         [ 886.56117647,  586.78705882],
         [1009.44117647,  353.07411765],
         [  35.73764706,  299.46470588],
         [  62.84352941,  246.45764706],
         [  25.49764706,  243.44588235],
         [  68.86705882,  297.65764706],
         [ 221.26235294,  271.15411765],
         [ 391.12588235,  293.44117647],
         [ 351.37058824,  309.70470588],
         [ 497.74235294,  275.97294118],
         [ 388.71647059,  236.21764706],
         [  39.35176471,  206.70235294],
         [  82.72117647,  177.78941176],
         [  70.07176471,  194.05294118],
         [ 100.18941176,  177.78941176],
         [ 118.86235294,  204.89529412],
         [ 149.58235294,  225.97764706],
         [ 163.43647059,  198.26941176],
         [ 241.74235294,  217.54470588],
         [ 259.81294118,  189.23411765],
         [ 242.94705882,  164.53764706],
         [ 186.32588235,  170.56117647],
         [ 213.43176471,  175.38      ],
         [ 220.66      ,  162.73058824],
         [ 162.83411765,  150.08117647],
         [ 189.33764706,  145.86470588],
         [ 117.65764706,  156.10470588],
         [ 103.80352941,  154.29764706],
         [ 115.24823529,  133.21529412],
         [  60.43411765,  158.51411765],
         [  42.36352941,  133.21529412],
         [  34.53294118,  122.37294118],
         [  46.58      ,  121.16823529],
         [  23.08823529,  124.18      ],
         [  16.46235294,  158.51411765],
         [  23.69058824,  183.21058824],
         [ 223.82235294,  128.69764706],
         [ 175.93529412,  127.79411765],
         [ 253.63882353,  139.54      ],
         [ 268.99882353,  125.68588235],
         [ 281.04588235,  154.29764706],
         [ 292.49058824,  178.09058824],
         [ 296.70705882,  231.39882353],
         [ 315.68117647,  188.63176471],
         [ 322.90941176,  149.47882353],
         [ 309.35647059,  139.84117647],
         [ 295.80352941,  145.86470588],
         [ 311.16352941,  124.18      ],
         [ 337.36588235,  133.51647059],
         [ 362.06235294,  161.52588235],
         [ 363.86941176,  138.33529412],
         [ 375.31411765,  159.11647059],
         [ 373.20588235,  133.51647059],
         [ 397.3       ,  130.50470588],
         [ 398.20352941,  148.57529412],
         [ 390.37294118,  179.29529412],
         [ 386.75882353,  201.58235294],
         [ 350.31647059,  142.25058824],
         [ 732.66      ,  304.28352941],
         [ 612.79176471,  303.68117647],
         [ 541.71411765,  381.98705882],
         [ 847.10705882,  272.96117647],
         [ 957.94      ,  269.94941176],
         [ 784.46235294,  257.90235294],
         [ 910.35411765,  243.04588235],
         [ 964.56588235,  205.09764706],
         [1007.33294118,  196.66470588],
         [ 985.64823529,  168.95647059],
         [ 821.20588235,  205.7       ],
         [ 753.74235294,  211.12117647],
         [ 648.93294118,  205.09764706],
         [ 641.10235294,  182.81058824],
         [ 577.85529412,  245.45529412],
         [ 579.66235294,  209.31411765],
         [ 560.98941176,  197.26705882],
         [ 551.95411765,  153.29529412],
         [ 549.54470588,  182.81058824],
         [ 700.13294118,  211.12117647],
         [ 727.23882353,  175.58235294],
         [ 750.12823529,  150.28352941],
         [ 727.84117647,  144.86235294],
         [ 760.36823529,  149.07882353],
         [ 610.38235294,  345.44588235],
         [ 615.80352941,  154.5       ],
         [ 621.82705882,  138.23647059],
         [ 647.72823529,  123.17764706],
         [ 657.96823529,  117.75647059],
         [ 671.22      ,  132.21294118],
         [ 688.68823529,  147.27176471],
         [ 691.7       ,  123.78      ],
         [ 652.54705882,  157.51176471],
         [ 670.01529412,  177.38941176],
         [ 596.52823529,  161.72823529],
         [ 586.28823529,  135.82705882],
         [ 566.41058824,  142.45294118],
         [ 534.48588235,  131.61058824],
         [ 520.63176471,  127.99647059],
         [ 523.64352941,  115.34705882],
         [ 532.67882353,  110.52823529],
         [ 541.71411765,  100.89058824],
         [ 541.71411765,  111.13058824],
         [ 527.25764706,   90.65058824],
         [ 552.55647059,  127.39411765],
         [ 553.76117647,  114.74470588],
         [ 564.00117647,  117.15411765],
         [ 565.20588235,  127.99647059],
         [ 931.43647059,  167.14941176],
         [ 953.12117647,  140.64588235],
         [ 960.34941176,  149.07882353],
         [ 958.54235294,  167.75176471],
         [ 976.01058824,  149.07882353],
         [ 975.40823529,  135.82705882],
         [1009.14      ,  130.40588235],
         [ 901.31882353,  206.90470588],
         [ 799.52117647,  146.06705882],
         [ 789.28117647,  146.06705882],
         [ 773.62      ,  134.62235294],
         [ 827.83176471,  137.03176471],
         [ 841.08352941,  146.06705882],
         [ 836.26470588,  138.23647059],
         [ 840.48117647,  123.17764706],
         [ 874.21294118,  168.95647059],
         [ 863.37058824,  178.59411765],
         [ 877.82705882,  152.09058824],
         [ 880.23647059,  140.04352941],
         [ 864.57529412,  127.99647059],
         [ 881.44117647,  114.74470588],
         [ 898.30705882,  120.16588235],
         [ 906.74      ,  137.03176471],
         [ 924.81058824,  132.81529412],
         [ 746.66470588,  180.70235294],
         [ 754.79647059,  177.38941176],
         [ 795.15411765,  201.18235294],
         [ 818.34470588,  123.17764706],
         [ 836.41529412,  113.84117647],
         [ 842.43882353,  106.31176471],
         [ 852.67882353,  106.31176471],
         [ 936.40588235,   97.87882353],
         [ 922.55176471,  102.09529412],
         [ 929.78      ,  114.14235294],
         [ 941.52588235,  121.06941176],
         [ 950.56117647,  107.81764706],
         [ 960.80117647,  109.92588235],
         [ 964.41529412,  101.19176471],
         [1014.41058824,  120.16588235],
         [1017.12117647,  107.81764706],
         [ 983.08823529,  106.31176471],
         [ 977.66705882,   96.37294118],
         [1001.15882353,   90.95176471],
         [ 795.15411765,  105.70941176],
         [ 777.98705882,  107.81764706],
         [ 773.77058824,   99.38470588],
         [ 778.58941176,   93.66235294],
         [ 787.02235294,   95.77058824],
         [ 784.31176471,  102.39647059],
         [ 830.69294118,  108.42      ],
         [ 797.56352941,  124.68352941],
         [ 886.41058824,  102.39647059],
         [ 864.72588235,   90.65058824],
         [ 914.72117647,   95.77058824],
         [ 922.25058824,   87.33764706],
         [ 942.73058824,   87.63882353],
         [ 952.06705882,   87.94      ],
         [ 959.29529412,   84.32588235],
         [ 969.53529412,   83.72352941],
         [ 989.41294118,   83.72352941],
         [ 110.48837341,  112.83155626],
         [ 132.95468466,  111.30841652],
         [  87.26049229,  115.11626588],
         [  88.4028471 ,  107.11978221],
         [  57.1784823 ,  123.49353448],
         [  62.12868648,  110.54684664],
         [  70.50595508,  105.9774274 ],
         [  76.21772913,  108.26213702],
         [ 186.64536071,   96.83858893],
         [ 203.39989791,   99.88486842],
         [ 223.58149955,  100.64643829],
         [ 225.86620917,   95.31544918],
         [ 233.86269283,   94.93466425],
         [ 250.2364451 ,   97.98094374],
         [ 263.94470281,   93.03073956],
         [ 279.17610027,   95.31544918],
         [ 286.03022913,   91.12681488],
         [ 151.61314655,  126.15902904],
         [ 120.00799682,   95.31544918],
         [  55.27455762,  109.0237069 ],
         [ 316.11223911,   92.64995463],
         [ 319.53930354,   91.50759982],
         [ 297.45377722,   96.45780399],
         [ 289.07650862,  115.49705082],
         [ 290.21886343,  128.44373866],
         [ 130.66997505,  165.3798775 ],
         [ 348.47895871,   92.26916969],
         [ 340.86325998,   91.12681488],
         [ 348.09817377,   99.88486842],
         [ 324.10872278,  112.83155626],
         [ 335.91305581,  121.20882486],
         [ 503.76588235,  197.26705882],
         [ 501.95882353,  235.21529412],
         [ 532.07647059,  181.60588235],
         [ 511.59647059,  150.28352941],
         [ 475.45529412,  158.71647059],
         [ 440.51882353,  151.48823529],
         [ 443.53058824,  188.23176471],
         [ 436.90470588,  140.64588235],
         [ 418.83411765,  132.81529412],
         [ 468.82941176,  138.23647059],
         [ 487.50235294,  129.80352941],
         [ 492.92352941,  112.93764706],
         [ 510.39176471,  112.93764706],
         [ 403.02235294,  162.02941176],
         [ 395.19176471,   95.16823529],
         [ 413.26235294,   94.86705882],
         [ 381.94      ,  117.75647059],
         [ 400.01058824,  115.94941176],
         [ 393.38470588,  121.97294118],
         [ 384.04823529,  102.09529412],
         [ 489.15882353,   89.44588235],
         [ 503.01294118,   87.94      ],
         [ 450.00588235,  109.02235294],
         [ 448.80117647,   88.24117647],
         [  10.28823529,  105.10705882],
         [  20.82941176,  105.10705882],
         [  31.37058824,  106.01058824],
         [   2.45764706,  106.01058824],
         [  13.90235294,  100.58941176],
         [   9.08352941,   95.77058824],
         [  49.44117647,  100.89058824],
         [  54.56117647,  103.90235294],
         [  41.00823529,  102.09529412],
         [ 135.57764706,   99.38470588],
         [ 153.34705882,  102.09529412],
         [ 147.32352941,  102.09529412],
         [ 162.08117647,  102.09529412],
         [ 166.59882353,  103.60117647],
         [ 170.21294118,  103.60117647],
         [ 165.09294118,  117.45529412],
         [  98.23176471,   99.38470588],
         [ 103.35176471,   99.38470588],
         [ 109.37529412,   98.18      ],
         [ 197.01764706,  109.92588235],
         [ 204.24588235,  109.92588235],
         [ 716.99882353,  138.23647059],
         [ 748.32117647,  136.42941176],
         [ 732.05764706,  111.13058824],
         [ 709.77058824,  115.94941176],
         [ 639.14470588,  113.84117647],
         [ 626.49529412,  114.74470588],
         [ 610.23176471,  113.84117647],
         [ 615.65294118,  102.09529412],
         [ 592.76352941,   97.57764706],
         [ 592.46235294,  111.13058824],
         [ 582.22235294,  118.66      ],
         [ 577.10235294,  108.11882353],
         [ 567.76588235,  114.44352941],
         [ 562.04352941,  107.51647059],
         [ 666.55176471,  109.62470588],
         [ 673.78      ,  109.02235294],
         [ 681.00823529,  112.03411765],
         [ 685.22470588,  111.13058824],
         [ 683.11647059,  126.49058824],
         [ 699.68117647,  111.73294118],
         [ 677.39411765,   87.03647059],
         [ 715.64352941,   90.95176471],
         [ 733.11176471,   90.95176471],
         [ 740.34      ,  101.79411765],
         [ 640.95176471,   91.55411765],
         [ 645.77058824,   82.51882353],
         [ 650.58941176,   81.91647059],
         [ 650.58941176,   87.94      ],
         [ 714.43882353,  125.88823529],
         [ 621.07411765,  122.57529412],
         [ 768.04823529,  103.90235294],
         [ 762.02470588,  112.33529412],
         [ 749.97764706,  109.32352941],
         [ 747.86941176,   99.98705882],
         [ 727.69058824,   89.44588235],
         [ 723.17294118,   90.65058824],
         [ 782.50470588,   85.22941176],
         [ 773.46941176,   85.22941176],
         [ 793.94941176,   85.83176471],
         [ 820.75411765,   78.90470588],
         [ 829.48823529,   81.31411765],
         [ 823.46470588,   81.31411765],
         [ 809.61058824,   82.21764706],
         [ 797.26235294,   81.91647059],
         [ 842.43882353,   80.71176471],
         [ 844.24588235,   91.25294118],
         [ 852.37764706,   94.86705882],
         [ 855.08823529,   86.13294118],
         [ 868.34      ,   87.63882353],
         [ 886.10941176,   89.44588235],
         [ 899.66235294,   89.74705882],
         [ 908.99882353,   88.54235294],
         [ 903.87882353,   83.42235294],
         [ 798.16588235,   93.36117647],
         [ 806.9       ,  104.50470588],
         [ 802.08117647,  104.20352941],
         [ 820.45294118,  104.20352941],
         [ 813.82705882,  101.79411765],
         [ 817.44117647,   91.25294118],
         [ 829.78941176,   97.87882353],
         [ 836.71647059,   99.98705882],
         [ 742.14705882,   95.46941176],
         [ 857.19647059,   92.15647059],
         [ 934.9       ,  126.79176471],
         [ 950.86235294,   96.07176471],
         [ 949.05529412,   91.25294118],
         [ 995.43647059,   89.14470588],
         [1015.01294118,   87.63882353],
         [1007.78470588,   79.20588235],
         [ 999.35176471,   78.30235294],
         [1013.20588235,  103.60117647],
         [ 986.70235294,  117.75647059],
         [1010.19411765,   84.62705882],
         [1005.37529412,  104.20352941],
         [ 878.88117647,   94.86705882],
         [ 904.18      ,   98.48117647],
         [ 906.89058824,   93.96352941],
         [ 913.51647059,   82.51882353],
         [ 773.77058824,   90.65058824],
         [ 744.10470588,   89.44588235],
         [ 747.71882353,   85.22941176],
         [ 753.14      ,   89.44588235],
         [ 748.32117647,   89.44588235],
         [ 760.36823529,   89.44588235],
         [ 924.20823529,   79.80823529],
         [ 965.77058824,   74.38705882],
         [ 971.19176471,   74.98941176],
         [ 979.02235294,   74.38705882],
         [ 650.13764706,  111.13058824],
         [ 641.70470588,  103.90235294],
         [ 627.85058824,  108.72117647],
         [ 909.14941176,  121.37058824],
         [ 816.38705882,  140.64588235]]), array([[341]], dtype=uint16))]]
