[[(array([[ 85.08024691, 692.41296296],
         [121.42839506, 696.74012346],
         [  9.78765432, 668.1808642 ],
         [ 35.75061728, 571.25246914],
         [135.27530864, 614.52407407],
         [119.69753086, 598.0808642 ],
         [ 96.3308642 , 578.17592593],
         [ 79.02222222, 592.8882716 ],
         [126.62098765, 585.09938272],
         [186.33580247, 630.10185185],
         [264.22469136, 659.52654321],
         [256.43580247, 611.92777778],
         [231.3382716 , 632.69814815],
         [216.62592593, 605.86975309],
         [197.58641975, 602.40802469],
         [180.27777778, 601.54259259],
         [158.64197531, 566.05987654],
         [169.89259259, 559.13641975],
         [137.00617284, 558.27098765],
         [200.18271605, 567.79074074],
         [241.72345679, 583.36851852],
         [295.38024691, 582.50308642],
         [365.48024691, 616.25493827],
         [355.09506173, 585.96481481],
         [337.78641975, 553.07839506],
         [399.23209877, 599.8117284 ],
         [376.7308642 , 553.07839506],
         [410.48271605, 566.92530864],
         [424.32962963, 570.38703704],
         [426.92592593, 590.29197531],
         [451.15802469, 611.06234568],
         [457.21604938, 666.45      ],
         [492.69876543, 653.46851852],
         [534.23950617, 625.77469136],
         [555.87530864, 691.54753086],
         [659.72716049, 670.77716049],
         [569.72222222, 643.08333333],
         [548.95185185, 575.57962963],
         [600.01234568, 607.60061728],
         [634.62962963, 603.27345679],
         [628.57160494, 617.98580247],
         [682.22839506, 630.10185185],
         [719.44197531, 651.73765432],
         [709.05679012, 612.79320988],
         [707.32592593, 593.7537037 ],
         [741.07777778, 608.46604938],
         [748.00123457, 602.40802469],
         [661.45802469, 576.44506173],
         [593.95432099, 589.42654321],
         [593.08888889, 566.05987654],
         [565.39506173, 562.59814815],
         [539.43209877, 554.80925926],
         [530.77777778, 574.71419753],
         [507.41111111, 577.31049383],
         [517.7962963 , 590.29197531],
         [482.31358025, 603.27345679],
         [488.37160494, 620.58209877],
         [461.54320988, 585.96481481],
         [443.3691358 , 574.71419753],
         [103.25432099, 561.73271605],
         [ 79.02222222, 553.94382716],
         [ 89.40740741, 533.17345679],
         [ 50.46296296, 538.36604938],
         [  8.92222222, 516.73024691],
         [ 13.24938272, 495.09444444],
         [ 59.11728395, 502.88333333],
         [ 51.32839506, 482.97839506],
         [ 59.98271605, 476.92037037],
         [156.91111111, 541.82777778],
         [178.54691358, 540.96234568],
         [173.35432099, 522.7882716 ],
         [209.70246914, 513.26851852],
         [204.50987654, 497.69074074],
         [192.39382716, 489.90185185],
         [166.4308642 , 471.72777778],
         [339.51728395, 520.19197531],
         [354.22962963, 536.63518519],
         [382.78888889, 520.19197531],
         [423.46419753, 542.69320988],
         [434.71481481, 540.96234568],
         [442.5037037 , 527.1154321 ],
         [480.58271605, 540.09691358],
         [471.06296296, 551.34753086],
         [484.90987654, 577.31049383],
         [499.62222222, 561.73271605],
         [500.48765432, 545.28950617],
         [527.31604938, 525.3845679 ],
         [533.37407407, 516.73024691],
         [549.81728395, 529.7117284 ],
         [568.85679012, 540.96234568],
         [628.57160494, 539.23148148],
         [635.49506173, 508.94135802],
         [654.5345679 , 552.21296296],
         [492.69876543, 510.67222222],
         [483.17901235, 495.95987654],
         [524.71975309, 487.30555556],
         [542.89382716, 489.90185185],
         [537.70123457, 469.13148148],
         [508.27654321, 472.59320988],
         [501.35308642, 469.13148148],
         [467.60123457, 464.80432099],
         [439.90740741, 477.78580247],
         [404.42469136, 477.78580247],
         [387.98148148, 476.05493827],
         [349.03703704, 495.95987654],
         [322.20864198, 482.97839506],
         [347.30617284, 479.51666667],
         [277.20617284, 475.18950617],
         [290.18765432, 470.86234568],
         [314.41975309, 469.13148148],
         [247.78148148, 458.7462963 ],
         [214.89506173, 456.15      ],
         [209.70246914, 444.03395062],
         [214.02962963, 430.18703704],
         [203.64444444, 431.91790123],
         [239.99259259, 441.43765432],
         [251.24320988, 438.84135802],
         [239.12716049, 431.05246914],
         [258.16666667, 418.07098765],
         [272.01358025, 427.59074074],
         [290.18765432, 426.72530864],
         [311.82345679, 423.26358025],
         [342.11358025, 412.01296296],
         [364.61481481, 436.24506173],
         [369.80740741, 458.7462963 ],
         [325.67037037, 456.15      ],
         [333.45925926, 470.86234568],
         [389.71234568, 458.7462963 ],
         [416.54074074, 462.20802469],
         [445.9654321 , 437.11049383],
         [471.06296296, 436.24506173],
         [502.21851852, 443.16851852],
         [514.3345679 , 469.99691358],
         [412.21358025, 434.51419753],
         [396.63580247, 415.47469136],
         [420.86790123, 412.01296296],
         [455.48518519, 411.14753086],
         [494.42962963, 404.22407407],
         [375.8654321 , 415.47469136],
         [373.2691358 , 401.62777778],
         [357.69135802, 401.62777778],
         [343.84444444, 394.70432099],
         [331.72839506, 393.83888889],
         [314.41975309, 393.83888889],
         [293.64938272, 397.30061728],
         [284.12962963, 413.74382716],
         [283.26419753, 393.83888889],
         [295.38024691, 389.5117284 ],
         [264.22469136, 390.37716049],
         [247.78148148, 393.83888889],
         [217.49135802, 403.35864198],
         [206.24074074, 416.34012346],
         [199.31728395, 392.10802469],
         [209.70246914, 397.30061728],
         [161.2382716 , 402.49320988],
         [231.3382716 , 341.26388889],
         [239.99259259, 338.23487654],
         [265.09012346, 368.09228395],
         [301.87098765, 365.49598765],
         [338.2191358 , 369.3904321 ],
         [346.44074074, 373.71759259],
         [357.25864198, 360.30339506],
         [369.37469136, 363.33240741],
         [377.16358025, 373.28487654],
         [387.11604938, 375.01574074],
         [396.63580247, 386.69907407],
         [382.78888889, 397.51697531],
         [391.44320988, 404.4404321 ],
         [407.02098765, 401.41141975],
         [416.10802469, 379.77561728],
         [440.77283951, 362.03425926],
         [447.6962963 , 355.54351852],
         [456.35061728, 351.64907407],
         [471.06296296, 335.63858025],
         [474.09197531, 311.40648148],
         [481.0154321 , 317.03179012],
         [460.67777778, 320.49351852],
         [514.3345679 , 306.21388889],
         [526.88333333, 307.94475309],
         [442.93641975, 419.58549383],
         [428.22407407, 402.7095679 ],
         [448.99444444, 398.81512346],
         [422.16604938, 391.89166667],
         [392.74135802, 363.33240741],
         [413.94444444, 348.62006173],
         [431.68580247, 339.10030864],
         [440.77283951, 325.25339506],
         [428.65679012, 322.22438272],
         [394.03950617, 320.49351852],
         [398.79938272, 332.17685185],
         [393.17407407, 339.10030864],
         [335.19012346, 345.15833333],
         [349.46975309, 331.7441358 ],
         [361.15308642, 335.63858025],
         [373.2691358 , 328.28240741],
         [329.13209877, 334.3404321 ],
         [336.05555556, 328.28240741],
         [335.62283951, 315.73364198],
         [327.40123457, 319.62808642],
         [317.88148148, 319.19537037],
         [309.22716049, 336.50401235],
         [305.33271605, 345.59104938],
         [284.12962963, 339.10030864],
         [280.66790123, 327.84969136],
         [269.85      , 327.41697531],
         [260.33024691, 330.0132716 ],
         [214.46234568, 396.21882716],
         [290.18765432, 304.05030864],
         [290.62037037, 322.22438272],
         [310.09259259, 306.21388889],
         [307.92901235, 323.95524691],
         [297.54382716, 328.28240741],
         [302.3037037 , 333.475     ],
         [337.3537037 , 302.75216049],
         [362.01851852, 311.40648148],
         [350.33518519, 320.49351852],
         [384.08703704, 304.91574074],
         [408.75185185, 307.07932099],
         [403.55925926, 297.12685185],
         [429.52222222, 314.43549383],
         [437.74382716, 296.6941358 ],
         [445.53271605, 303.61759259],
         [458.94691358, 306.64660494],
         [416.54074074, 292.36697531],
         [369.37469136, 289.33796296],
         [357.25864198, 294.9632716 ],
         [338.2191358 , 285.87623457],
         [321.77592593, 267.70216049],
         [341.24814815, 269.00030864],
         [366.34567901, 276.78919753],
         [358.12407407, 267.70216049],
         [387.98148148, 277.22191358],
         [376.7308642 , 267.26944444],
         [375.8654321 , 260.7787037 ],
         [369.80740741, 261.6441358 ],
         [404.42469136, 263.375     ],
         [410.48271605, 262.94228395],
         [419.13703704, 278.08734568],
         [397.06851852, 281.11635802],
         [406.15555556, 283.27993827],
         [404.85740741, 288.47253086],
         [295.38024691, 260.34598765],
         [259.89753086, 269.43302469],
         [287.59135802, 259.9132716 ],
         [437.31111111, 355.11080247],
         [145.66049383, 354.89444444],
         [170.75802469, 346.24012346],
         [186.33580247, 322.00802469],
         [147.39135802, 342.77839506],
         [104.98518519, 356.62530864],
         [140.46790123, 297.77592593],
         [156.04567901, 248.4462963 ],
         [185.47037037, 251.04259259],
         [217.49135802, 261.42777778],
         [228.74197531, 214.69444444],
         [270.28271605, 236.33024691],
         [275.04259259, 222.26697531],
         [282.39876543, 215.77623457],
         [278.07160494, 207.12191358],
         [260.33024691, 208.42006173],
         [288.02407407, 238.27746914],
         [264.22469136, 256.01882716],
         [237.3962963 , 255.15339506],
         [243.02160494, 229.1904321 ],
         [242.15617284, 209.28549383],
         [313.12160494, 210.15092593],
         [321.77592593, 212.31450617],
         [304.9       , 246.06635802],
         [325.67037037, 257.74969136],
         [309.65987654, 260.34598765],
         [351.63333333, 262.07685185],
         [362.88395062, 252.55709877],
         [375.43271605, 249.09537037],
         [378.02901235, 239.14290123],
         [363.74938272, 232.65216049],
         [355.96049383, 240.44104938],
         [344.70987654, 240.00833333],
         [329.56481481, 243.90277778],
         [340.38271605, 216.20895062],
         [343.4117284 , 231.35401235],
         [357.25864198, 215.34351852],
         [372.4037037 , 213.17993827],
         [345.14259259, 208.85277778],
         [335.19012346, 206.68919753],
         [355.09506173, 199.76574074],
         [411.34814815, 214.47808642],
         [400.96296296, 246.93179012],
         [417.40617284, 238.27746914],
         [408.75185185, 240.44104938],
         [397.06851852, 210.15092593],
         [389.27962963, 206.25648148],
         [390.14506173, 196.7367284 ],
         [402.69382716, 190.6787037 ],
         [373.2691358 , 190.24598765],
         [389.27962963, 211.01635802],
         [377.16358025, 213.17993827],
         [356.39320988, 178.99537037],
         [348.17160494, 190.24598765],
         [328.26666667, 195.0058642 ],
         [308.3617284 , 194.57314815],
         [301.4382716 , 183.32253086],
         [316.58333333, 181.59166667],
         [284.12962963, 176.83179012],
         [269.41728395, 201.49660494],
         [357.69135802, 151.30154321],
         [387.54876543, 159.0904321 ],
         [386.25061728, 166.44660494],
         [378.02901235, 158.65771605],
         [369.37469136, 161.25401235],
         [306.19814815, 159.9558642 ],
         [297.11111111, 162.11944444],
         [290.18765432, 164.28302469],
         [281.10061728, 164.28302469],
         [265.95555556, 164.28302469],
         [258.16666667, 162.11944444],
         [242.58888889, 173.37006173],
         [256.86851852, 177.69722222],
         [266.82098765, 177.26450617],
         [268.1191358 , 172.93734568],
         [189.36481481, 212.74722222],
         [198.0191358 , 216.20895062],
         [171.62345679, 216.64166667],
         [176.38333333, 203.66018519],
         [183.73950617, 197.60216049],
         [175.51790123, 195.0058642 ],
         [175.51790123, 183.32253086],
         [191.52839506, 186.35154321],
         [195.42283951, 178.99537037],
         [196.72098765, 168.61018519],
         [187.63395062, 171.63919753],
         [177.68148148, 172.93734568],
         [171.19074074, 171.20648148],
         [265.09012346, 193.275     ],
         [261.19567901, 186.35154321],
         [227.01111111, 175.10092593],
         [210.56790123, 193.275     ],
         [211.86604938, 182.88981481],
         [216.19320988, 172.50462963],
         [215.76049383, 163.41759259],
         [230.47283951, 192.84228395],
         [345.57530864, 170.34104938],
         [332.16111111, 167.31203704],
         [320.91049383, 160.8212963 ],
         [326.96851852, 159.0904321 ],
         [313.12160494, 164.28302469],
         [310.95802469, 160.8212963 ],
         [315.71790123, 175.10092593],
         [324.37222222, 178.12993827],
         [320.91049383, 169.47561728],
         [308.79444444, 170.34104938],
         [374.56728395, 178.12993827],
         [371.97098765, 182.45709877],
         [365.04753086, 171.63919753],
         [373.2691358 , 169.90833333],
         [385.81790123, 175.53364198],
         [400.96296296, 159.52314815],
         [391.01049383, 189.8132716 ],
         [399.23209877, 174.23549383],
         [359.42222222, 166.23024691],
         [364.61481481, 161.03765432],
         [300.57283951, 172.2882716 ],
         [288.45679012, 170.55740741],
         [238.2617284 , 168.82654321],
         [721.17283951, 307.29567901],
         [707.32592593, 310.75740741],
         [665.78518519, 328.93148148],
         [649.34197531, 287.39074074],
         [631.16790123, 291.71790123],
         [610.39753086, 302.10308642],
         [567.12592593, 255.36975309],
         [655.4       , 283.06358025],
         [738.79814815, 388.42993827],
         [693.79567901, 314.43549383],
         [578.26049383, 287.17438272],
         [373.2691358 , 339.31666667],
         [ 50.1462963 , 497.47438272],
         [201.16419753, 549.40030864],
         [247.46481481, 568.87253086],
         [227.99259259, 461.55895062],
         [260.87901235, 463.28981481],
         [481.44814815, 428.67253086],
         [485.77530864, 481.03117284],
         [439.47469136, 466.31882716],
         [334.75740741, 405.73858025],
         [471.06296296, 539.88055556],
         [421.73333333, 373.50123457],
         [426.92592593, 287.82345679],
         [400.96296296, 255.80246914],
         [323.93950617, 193.275     ],
         [337.78641975, 182.88981481],
         [346.44074074, 182.02438272],
         [336.92098765, 176.39907407],
         [339.95      , 169.47561728],
         [336.4882716 , 156.06141975],
         [341.6808642 , 160.38858025],
         [348.60432099, 164.71574074],
         [364.18209877, 207.98734568],
         [331.29567901, 178.12993827],
         [271.14814815, 189.38055556],
         [223.54938272, 166.44660494],
         [391.87592593, 165.14845679],
         [124.44546649, 567.4717477 ],
         [746.37861367, 648.1880749 ],
         [245.11695138, 202.92411301],
         [223.00919842, 204.30584757]]), array([[405]], dtype=uint16))]]
