[[(array([[ 107.40233501,  571.46171808],
         [ 156.67061571,  467.45090328],
         [ 203.74919504,  438.98478555],
         [ 220.17195527,  403.94956372],
         [ 156.67061571,  402.85471304],
         [ 101.9280816 ,  385.33710213],
         [ 115.06628979,  363.44008848],
         [  32.95248863,  367.81949121],
         [  51.56495023,  356.87098439],
         [  59.228905  ,  492.63246897],
         [ 324.18277006,  604.30723854],
         [ 371.26134939,  523.28828807],
         [ 485.12582033,  515.62433329],
         [ 615.41305149,  540.80589898],
         [ 880.36691655,  470.73545533],
         [ 959.19616566,  432.41568146],
         [ 941.67855475,  390.81135554],
         [ 852.9956495 ,  365.62978985],
         [ 994.23138749,  390.81135554],
         [ 534.39410102,  406.13926509],
         [ 562.86021875,  379.86284872],
         [ 594.61088853,  421.46717463],
         [ 482.93611896,  441.17448691],
         [ 359.21799189,  393.0010569 ],
         [ 335.13127688,  415.99292122],
         [ 302.28575642,  467.45090328],
         [ 323.08791938,  455.40754578],
         [ 265.06083323,  406.13926509],
         [ 308.85486051,  377.67314735],
         [ 155.57576502,  370.00919258],
         [ 138.05815411,  340.44822416],
         [ 190.61098685,  344.82762689],
         [ 169.80882389,  339.35337348],
         [ 268.34538528,  347.01732825],
         [ 323.08791938,  356.87098439],
         [1069.77608455,   55.78704682],
         [ 454.47000123,  380.9576994 ],
         [ 465.41850805,  348.11217894],
         [ 376.7356028 ,  360.15553644],
         [ 755.5539388 ,  387.52680349],
         [ 794.96856335,  390.81135554],
         [ 801.53766745,  373.29374462],
         [ 900.07422883,  331.6894187 ],
         [ 836.57288927,  424.75172668],
         [ 855.18535087,  393.0010569 ],
         [ 873.79781246,  423.656876  ],
         [ 903.35878088,  525.47798943],
         [ 805.91707017,  487.15821556],
         [ 975.61892589,  556.13380853],
         [ 856.28020155,  628.39395355],
         [ 545.34260784,  446.64874032],
         [ 418.33992872,  354.68128303],
         [ 441.33179304,  354.68128303],
         [ 429.28843554,  341.54307484],
         [ 431.47813691,  327.31001598],
         [ 443.52149441,  327.31001598],
         [ 306.66515915,  327.31001598],
         [ 231.12046209,  332.78426939],
         [ 232.21531277,  314.17180779],
         [ 266.15568391,  317.45635984],
         [ 155.57576502,  306.50785302],
         [ 132.5839007 ,  314.17180779],
         [ 118.35084183,  321.83576257],
         [ 105.21263365,  325.12031461],
         [ 106.30748433,  339.35337348],
         [  80.03106796,  337.16367212],
         [  58.13405432,  325.12031461],
         [  34.04733931,  316.36150916],
         [  31.85763795,  337.16367212],
         [  22.00398181,  326.21516529],
         [ 170.90367457,  321.83576257],
         [ 178.56762935,  316.36150916],
         [ 193.8955389 ,  332.78426939],
         [  90.97957478,  425.84657736],
         [  25.28853386,  438.98478555],
         [  78.93621728,  444.45903896],
         [  65.79800909,  377.67314735],
         [ 349.36433575,  354.68128303],
         [ 357.02829052,  342.63792553],
         [ 307.76000983,  339.35337348],
         [ 292.07973455,  331.96313138],
         [ 291.5323092 ,  324.2991766 ],
         [ 250.47540863,  344.55391422],
         [ 249.92798329,  324.2991766 ],
         [ 212.7030601 ,  312.80324444],
         [ 296.45913727,  308.97126705],
         [ 299.19626398,  302.40216296],
         [ 244.45372988,  297.47533489],
         [ 322.73555364,  310.06611773],
         [ 331.4943591 ,  305.13928966],
         [ 340.25316456,  302.40216296],
         [ 345.17999263,  312.80324444],
         [ 351.20167138,  308.97126705],
         [ 356.12849945,  314.9929458 ],
         [ 282.22607841,  302.40216296],
         [ 277.84667568,  302.40216296],
         [ 275.10954897,  312.80324444],
         [ 217.08246282,  301.30731228],
         [ 246.0960059 ,  305.13928966],
         [ 211.06078407,  292.00108148],
         [ 228.03096964,  292.00108148],
         [ 194.63802384,  298.57018557],
         [ 199.56485191,  292.00108148],
         [ 257.04451272,  301.30731228],
         [ 264.70846749,  298.57018557],
         [ 312.33447216,  306.23414035],
         [ 311.23962148,  313.89809512],
         [ 306.31279341,  313.89809512],
         [ 318.90357626,  329.22600467],
         [ 333.68406046,  338.53223547],
         [  80.77355291,  361.52409979],
         [  73.10959813,  348.38589161],
         [  78.58385154,  322.10947524],
         [ 471.63524641,  314.44552046],
         [ 490.247708  ,  312.80324444],
         [ 501.74364016,  312.80324444],
         [ 507.76531891,  322.65690058],
         [ 479.84662652,  326.48887796],
         [ 487.5105813 ,  331.96313138],
         [ 485.32087993,  353.86014502],
         [ 497.91166277,  363.71380116],
         [ 417.98756298,  336.88995944],
         [ 417.44013764,  324.2991766 ],
         [ 417.44013764,  306.78156569],
         [ 412.51330957,  307.87641637],
         [ 172.7410102 ,  354.9549957 ],
         [ 227.4835443 ,  366.45092786],
         [ 482.58375323,  410.24495514],
         [ 653.38045963,  353.86014502],
         [ 633.12572201,  346.19619024],
         [ 577.28833723,  321.5620499 ],
         [ 568.52953177,  316.08779649],
         [ 607.39673098,  379.0417107 ],
         [ 643.52680349,  362.61895047],
         [ 723.45090328,  377.94686002],
         [ 732.75713408,  344.55391422],
         [ 754.10672238,  329.77343001],
         [ 788.04709352,  330.86828069],
         [ 630.38859531,  406.9604031 ],
         [ 607.39673098,  414.62435787],
         [ 548.82221949,  352.21786899],
         [ 559.22330097,  339.07966081],
         [ 578.38318791,  345.6487649 ],
         [ 592.61624677,  357.14469706],
         [ 841.1473516 ,  360.97667445],
         [ 838.95765024,  344.55391422],
         [ 877.27742411,  357.6921224 ],
         [ 890.4156323 ,  392.17991889],
         [ 788.04709352,  427.21514072],
         [ 728.37773135,  398.20159764],
         [ 684.03627873,  397.10674696],
         [ 648.45363156,  329.77343001],
         [ 661.0444144 ,  333.05798206],
         [ 671.99292122,  338.53223547],
         [ 635.86284872,  321.01462455],
         [ 503.38591619,  334.70025808],
         [ 530.75718324,  338.53223547],
         [ 543.34796608,  327.58372865],
         [ 613.41840973,  342.9116382 ],
         [ 511.04987096,  376.304584  ],
         [ 491.34255868,  380.13656139],
         [ 647.35878088,  454.03898243],
         [ 384.04719184,  393.0010569 ],
         [ 417.98756298,  400.66501168],
         [ 443.16912867,  394.09590758],
         [ 237.33720044,  500.29642374],
         [ 551.5593462 ,  492.63246897],
         [ 505.57561755,  661.23947401],
         [ 635.86284872,  661.23947401],
         [ 219.91711933,  296.51734054],
         [ 298.74636844,  295.69620253],
         [ 150.36322124,  428.81955326],
         [ 113.53604842,  443.14123158],
         [  99.2143701 ,  476.89947334],
         [ 762.10348099,  366.41795486],
         [ 776.42515931,  354.14223058],
         [ 700.72485961,  343.91246036],
         [ 695.60997449,  334.70566715],
         [ 702.77081365,  328.56780501],
         [ 568.76082364,  331.63673608],
         [ 123.76581865,  335.72864417],
         [ 152.40917529,  321.40696585],
         [ 633.20837609,  385.8545183 ],
         [ 177.98360087,  292.76360921],
         [  65.45612834,  320.38398883],
         [ 407.13045401,  445.18718563],
         [ 593.31227219,  338.79757524],
         [ 814.27530916,  353.11925356],
         [ 352.91267179,  440.07230052],
         [ 399.96961485,  335.72864417],
         [ 438.84274172,  311.17719562],
         [ 233.31016345,  408.32896645],
         [ 219.07710458,  327.31001598],
         [ 211.41314981,  341.54307484],
         [ 228.93076072,  349.20702962],
         [ 802.63251813,  348.11217894],
         [ 673.44013764,  354.68128303],
         [ 682.1989431 ,  354.68128303],
         [ 519.06619147,  321.83576257],
         [  48.28039818,  327.31001598],
         [ 291.3372496 ,  354.68128303],
         [ 728.34523923,  468.71565716],
         [ 209.69588858,  243.27709572],
         [ 217.36821625,  242.50986295],
         [ 246.77880566,  239.18518763]]), array([[205]], dtype=uint8))]]
