[[(array([[ 18.68181818, 591.0785124 ],
         [  7.77272727, 560.33471074],
         [  4.79752066, 510.74793388],
         [ 82.15289256, 520.66528926],
         [125.7892562 , 532.5661157 ],
         [112.89669421, 569.26033058],
         [129.75619835, 593.06198347],
         [213.06198347, 573.22727273],
         [186.28512397, 543.47520661],
         [169.42561983, 504.79752066],
         [226.94628099, 515.70661157],
         [308.26859504, 565.29338843],
         [309.26033058, 485.95454545],
         [354.88016529, 522.64876033],
         [406.45041322, 541.49173554],
         [355.87190083, 594.05371901],
         [405.45867769, 590.08677686],
         [391.57438017, 511.73966942],
         [431.24380165, 485.95454545],
         [455.04545455, 510.74793388],
         [477.8553719 , 473.06198347],
         [522.48347107, 546.45041322],
         [532.40082645, 567.2768595 ],
         [558.18595041, 566.28512397],
         [605.7892562 , 565.29338843],
         [653.39256198, 598.02066116],
         [702.97933884, 583.1446281 ],
         [786.28512397, 563.30991736],
         [796.20247934, 596.03719008],
         [739.67355372, 505.7892562 ],
         [589.9214876 , 510.74793388],
         [564.13636364, 500.83057851],
         [544.30165289, 477.02892562],
         [565.12809917, 449.26033058],
         [620.66528926, 434.38429752],
         [640.5       , 492.89669421],
         [674.21900826, 470.08677686],
         [684.13636364, 412.5661157 ],
         [648.4338843 , 402.64876033],
         [624.6322314 , 386.78099174],
         [745.62396694, 399.67355372],
         [721.82231405, 394.71487603],
         [722.81404959, 451.24380165],
         [766.45041322, 436.3677686 ],
         [783.30991736, 392.73140496],
         [769.42561983, 355.04545455],
         [715.87190083, 353.06198347],
         [679.17768595, 347.11157025],
         [654.38429752, 361.98760331],
         [655.37603306, 332.23553719],
         [636.53305785, 343.1446281 ],
         [704.96280992, 330.25206612],
         [741.65702479, 342.15289256],
         [760.5       , 326.28512397],
         [799.17768595, 320.33471074],
         [795.2107438 , 366.94628099],
         [751.57438017, 298.51652893],
         [782.31818182, 292.5661157 ],
         [778.35123967, 268.76446281],
         [760.5       , 273.7231405 ],
         [758.51652893, 260.83057851],
         [758.51652893, 247.93801653],
         [781.32644628, 240.99586777],
         [793.22727273, 246.94628099],
         [746.61570248, 245.95454545],
         [713.88842975, 272.73140496],
         [726.78099174, 287.60743802],
         [714.88016529, 314.38429752],
         [720.83057851, 299.50826446],
         [694.05371901, 310.41735537],
         [668.26859504, 302.48347107],
         [637.52479339, 313.39256198],
         [655.37603306, 306.45041322],
         [647.44214876, 288.59917355],
         [639.50826446, 275.70661157],
         [658.35123967, 273.7231405 ],
         [673.22727273, 279.67355372],
         [684.13636364, 263.80578512],
         [701.98760331, 260.83057851],
         [681.16115702, 237.02892562],
         [695.04545455, 241.98760331],
         [689.09504132, 223.1446281 ],
         [703.97107438, 211.24380165],
         [704.96280992, 195.37603306],
         [668.26859504, 178.51652893],
         [656.3677686 , 240.00413223],
         [653.39256198, 257.8553719 ],
         [587.93801653, 362.97933884],
         [554.21900826, 383.80578512],
         [537.35950413, 411.57438017],
         [462.97933884, 430.41735537],
         [455.04545455, 406.61570248],
         [483.80578512, 401.65702479],
         [515.54132231, 388.76446281],
         [477.8553719 , 370.91322314],
         [482.81404959, 343.1446281 ],
         [511.57438017, 352.07024793],
         [532.40082645, 340.16942149],
         [552.23553719, 322.31818182],
         [576.03719008, 317.35950413],
         [586.94628099, 330.25206612],
         [573.06198347, 335.2107438 ],
         [615.70661157, 318.35123967],
         [575.04545455, 273.7231405 ],
         [535.37603306, 294.54958678],
         [506.61570248, 323.30991736],
         [491.73966942, 295.54132231],
         [517.52479339, 305.45867769],
         [520.5       , 295.54132231],
         [490.74793388, 268.76446281],
         [468.92975207, 285.62396694],
         [439.17768595, 321.32644628],
         [420.33471074, 360.99586777],
         [405.45867769, 371.90495868],
         [388.59917355, 406.61570248],
         [429.26033058, 397.69008264],
         [412.40082645, 415.54132231],
         [398.51652893, 467.11157025],
         [434.21900826, 441.32644628],
         [374.71487603, 468.10330579],
         [343.97107438, 456.20247934],
         [318.18595041, 442.31818182],
         [205.12809917, 449.26033058],
         [263.64049587, 505.7892562 ],
         [127.77272727, 504.79752066],
         [119.83884298, 466.11983471],
         [ 98.02066116, 431.40909091],
         [  3.80578512, 429.42561983],
         [ 26.61570248, 409.59090909],
         [ 59.34297521, 372.89669421],
         [ 40.5       , 363.97107438],
         [ 25.62396694, 339.17768595],
         [239.83884298, 441.32644628],
         [270.58264463, 413.55785124],
         [239.83884298, 403.64049587],
         [193.22727273, 391.73966942],
         [152.5661157 , 401.65702479],
         [ 76.20247934, 397.69008264],
         [125.7892562 , 371.90495868],
         [151.57438017, 356.03719008],
         [159.50826446, 322.31818182],
         [134.71487603, 303.47520661],
         [107.93801653, 318.35123967],
         [109.9214876 , 297.52479339],
         [ 57.35950413, 327.2768595 ],
         [ 77.19421488, 339.17768595],
         [ 56.3677686 , 344.13636364],
         [ 36.53305785, 317.35950413],
         [ 14.71487603, 315.37603306],
         [ 47.44214876, 274.71487603],
         [ 34.54958678, 276.69834711],
         [ 20.66528926, 258.84710744],
         [ 11.73966942, 275.70661157],
         [  4.79752066, 262.81404959],
         [ 58.35123967, 234.05371901],
         [ 63.30991736, 281.65702479],
         [114.88016529, 271.73966942],
         [100.00413223, 249.9214876 ],
         [115.87190083, 255.87190083],
         [149.59090909, 266.78099174],
         [165.45867769, 281.65702479],
         [146.61570248, 287.60743802],
         [191.24380165, 303.47520661],
         [216.03719008, 303.47520661],
         [216.03719008, 349.09504132],
         [250.74793388, 357.02892562],
         [266.61570248, 381.82231405],
         [291.40909091, 377.8553719 ],
         [325.12809917, 385.7892562 ],
         [347.93801653, 385.7892562 ],
         [305.29338843, 354.05371901],
         [333.06198347, 349.09504132],
         [371.73966942, 355.04545455],
         [382.64876033, 330.25206612],
         [399.50826446, 300.5       ],
         [420.33471074, 310.41735537],
         [415.37603306, 290.58264463],
         [359.83884298, 313.39256198],
         [332.07024793, 318.35123967],
         [309.26033058, 324.30165289],
         [302.31818182, 305.45867769],
         [281.49173554, 333.22727273],
         [253.7231405 , 318.35123967],
         [241.82231405, 295.54132231],
         [267.60743802, 286.61570248],
         [294.38429752, 278.68181818],
         [405.45867769, 343.1446281 ],
         [411.40909091, 326.28512397],
         [458.02066116, 272.73140496],
         [411.40909091, 267.77272727],
         [384.6322314 , 263.80578512],
         [334.05371901, 278.68181818],
         [327.11157025, 288.59917355],
         [371.73966942, 281.65702479],
         [351.90495868, 272.73140496],
         [621.65702479, 253.88842975],
         [634.54958678, 182.48347107],
         [428.26859504, 245.95454545],
         [382.64876033, 239.01239669],
         [360.83057851, 241.98760331],
         [333.06198347, 235.04545455],
         [278.51652893, 245.95454545],
         [232.89669421, 247.93801653],
         [204.13636364, 265.7892562 ],
         [246.78099174, 259.83884298],
         [248.76446281, 279.67355372],
         [220.99586777, 243.97107438],
         [192.23553719, 246.94628099],
         [171.40909091, 242.97933884],
         [537.35950413, 268.76446281],
         [553.7231405 , 254.88016529],
         [545.29338843, 243.47520661],
         [543.30991736, 236.03719008],
         [565.62396694, 241.98760331],
         [573.06198347, 251.40909091],
         [594.88016529, 247.93801653],
         [601.32644628, 256.3677686 ],
         [609.75619835, 247.93801653],
         [586.45041322, 231.0785124 ],
         [585.95454545, 215.2107438 ],
         [603.30991736, 221.16115702],
         [609.75619835, 207.77272727],
         [621.16115702, 210.74793388],
         [613.7231405 , 193.88842975],
         [654.38429752, 224.6322314 ],
         [663.30991736, 229.09504132],
         [643.47520661, 229.09504132],
         [554.71487603, 201.82231405],
         [553.22727273, 186.45041322],
         [553.22727273, 175.04545455],
         [570.08677686, 184.46694215],
         [571.0785124 , 195.37603306],
         [580.5       , 190.41735537],
         [588.4338843 , 195.87190083],
         [584.46694215, 204.30165289],
         [598.84710744, 199.83884298],
         [557.69008264, 216.69834711],
         [551.24380165, 225.12809917],
         [536.3677686 , 222.64876033],
         [517.02892562, 229.59090909],
         [507.11157025, 246.45041322],
         [483.80578512, 238.02066116],
         [475.87190083, 247.44214876],
         [530.91322314, 205.29338843],
         [525.45867769, 218.68181818],
         [505.62396694, 223.64049587],
         [507.11157025, 201.32644628],
         [512.07024793, 188.92975207],
         [520.99586777, 188.4338843 ],
         [527.44214876, 177.02892562],
         [494.71487603, 178.51652893],
         [483.80578512, 190.41735537],
         [474.88016529, 185.95454545],
         [494.71487603, 195.87190083],
         [486.78099174, 209.26033058],
         [474.88016529, 200.83057851],
         [469.42561983, 222.15289256],
         [460.00413223, 207.77272727],
         [462.48347107, 195.87190083],
         [461.49173554, 182.48347107],
         [440.16942149, 192.40082645],
         [433.22727273, 216.69834711],
         [447.60743802, 212.73140496],
         [422.81404959, 215.2107438 ],
         [413.39256198, 202.81404959],
         [421.82231405, 194.38429752],
         [430.25206612, 190.41735537],
         [432.73140496, 175.54132231],
         [412.40082645, 180.99586777],
         [400.5       , 186.94628099],
         [410.91322314, 189.42561983],
         [393.55785124, 207.2768595 ],
         [372.23553719, 173.06198347],
         [404.46694215, 233.06198347],
         [438.18595041, 203.30991736],
         [718.35123967, 232.5661157 ],
         [732.23553719, 242.48347107],
         [ 16.53305785, 237.2768595 ],
         [ 40.83057851, 246.20247934],
         [ 32.40082645, 228.35123967],
         [ 10.58264463, 222.89669421],
         [ 20.5       , 202.5661157 ],
         [ 27.44214876, 210.5       ],
         [ 45.29338843, 230.33471074],
         [ 42.81404959, 201.57438017],
         [ 68.59917355, 197.60743802],
         [ 97.8553719 , 212.48347107],
         [119.17768595, 234.79752066],
         [118.18595041, 179.26033058],
         [209.9214876 , 192.64876033],
         [180.16942149, 210.5       ],
         [192.07024793, 236.78099174],
         [153.39256198, 238.26859504],
         [164.79752066, 222.89669421],
         [150.91322314, 203.06198347],
         [165.29338843, 207.02892562],
         [155.37603306, 213.47520661],
         [141.98760331, 223.39256198],
         [266.45041322, 221.90495868],
         [239.17768595, 229.34297521],
         [229.75619835, 218.92975207],
         [253.06198347, 227.35950413],
         [295.70661157, 227.35950413],
         [310.58264463, 222.40082645],
         [309.09504132, 208.02066116],
         [283.80578512, 209.50826446],
         [285.7892562 , 195.12809917],
         [297.19421488, 195.62396694],
         [346.28512397, 184.21900826],
         [333.88842975, 188.68181818],
         [322.97933884, 202.5661157 ],
         [362.64876033, 210.00413223],
         [351.73966942, 233.30991736],
         [348.26859504, 220.41735537],
         [339.83884298, 221.40909091],
         [340.83057851, 209.50826446],
         [338.35123967, 198.59917355],
         [352.23553719, 175.29338843],
         [336.86363636, 142.07024793],
         [320.00413223, 126.20247934],
         [310.08677686, 134.13636364],
         [236.69834711, 207.52479339],
         [225.29338843, 201.57438017],
         [235.70661157, 198.10330579],
         [244.13636364, 193.64049587],
         [ 12.5661157 , 143.55785124],
         [ 32.40082645, 147.02892562],
         [ 27.93801653, 169.83884298],
         [ 34.38429752, 181.73966942],
         [ 27.44214876, 187.69008264],
         [ 20.99586777, 178.26859504],
         [ 11.0785124 , 180.25206612],
         [  2.15289256, 182.23553719],
         [  7.60743802, 153.97107438],
         [ 66.11983471, 174.79752066],
         [ 52.73140496, 174.79752066],
         [ 52.23553719, 164.88016529],
         [ 88.92975207, 171.82231405],
         [ 85.45867769, 188.68181818],
         [ 92.40082645, 204.54958678],
         [ 51.24380165, 251.16115702],
         [ 84.96280992, 244.21900826],
         [157.8553719 , 193.1446281 ],
         [145.45867769, 197.11157025],
         [135.04545455, 185.2107438 ],
         [142.97933884, 191.65702479],
         [148.4338843 , 186.20247934],
         [167.77272727, 188.68181818],
         [187.11157025, 192.64876033],
         [182.64876033, 185.2107438 ],
         [177.69008264, 173.80578512],
         [198.02066116, 172.81404959],
         [206.45041322, 168.35123967],
         [222.31818182, 181.24380165],
         [213.39256198, 176.28512397],
         [205.45867769, 176.28512397],
         [230.74793388, 172.31818182],
         [234.21900826, 166.3677686 ],
         [225.29338843, 167.35950413],
         [214.38429752, 169.34297521],
         [222.81404959, 162.40082645],
         [230.25206612, 156.45041322],
         [245.12809917, 168.84710744],
         [247.11157025, 174.79752066],
         [236.20247934, 180.74793388],
         [258.51652893, 178.76446281],
         [257.52479339, 186.20247934],
         [276.3677686 , 184.21900826],
         [263.47520661, 187.69008264],
         [310.08677686, 189.17768595],
         [305.62396694, 197.60743802],
         [318.02066116, 186.20247934],
         [307.11157025, 179.26033058],
         [322.97933884, 175.29338843],
         [329.42561983, 166.3677686 ],
         [339.83884298, 162.89669421],
         [342.81404959, 151.98760331],
         [356.20247934, 136.61570248],
         [368.59917355, 139.09504132],
         [352.23553719, 155.95454545],
         [358.18595041, 168.84710744],
         [312.07024793, 161.90495868],
         [298.18595041, 168.35123967],
         [294.21900826, 158.4338843 ],
         [281.32644628, 170.83057851],
         [282.81404959, 159.42561983],
         [271.90495868, 155.95454545],
         [278.84710744, 141.57438017],
         [289.26033058, 147.02892562],
         [293.22727273, 133.64049587],
         [297.19421488, 121.24380165],
         [285.7892562 , 121.24380165],
         [268.92975207, 142.5661157 ],
         [260.5       , 145.54132231],
         [258.02066116, 165.87190083],
         [242.64876033, 152.48347107],
         [233.22727273, 149.01239669],
         [229.26033058, 141.57438017],
         [231.24380165, 135.12809917],
         [243.64049587, 140.08677686],
         [258.02066116, 157.93801653],
         [209.42561983, 157.93801653],
         [181.65702479, 161.40909091],
         [189.59090909, 151.98760331],
         [194.05371901, 153.97107438],
         [206.94628099, 149.01239669],
         [210.41735537, 136.11983471],
         [192.5661157 , 139.09504132],
         [187.60743802, 137.11157025],
         [179.67355372, 134.6322314 ],
         [171.24380165, 138.10330579],
         [160.33471074, 133.64049587],
         [163.30991736, 144.05371901],
         [138.51652893, 178.26859504],
         [147.93801653, 167.8553719 ],
         [155.87190083, 166.86363636],
         [158.35123967, 174.30165289],
         [173.7231405 , 157.93801653],
         [ 24.46694215, 159.9214876 ],
         [ 83.97107438, 160.91322314],
         [ 80.5       , 146.53305785],
         [ 99.34297521, 150.5       ],
         [ 92.89669421, 150.99586777],
         [111.73966942, 154.46694215],
         [136.03719008, 152.48347107],
         [152.40082645, 152.48347107],
         [144.96280992, 135.12809917],
         [133.55785124, 135.12809917],
         [120.16942149, 129.67355372],
         [126.61570248, 140.08677686],
         [121.16115702, 145.54132231],
         [143.97107438, 153.47520661],
         [149.9214876 , 138.59917355],
         [137.52479339, 143.06198347],
         [194.54958678, 298.26859504],
         [253.7231405 , 195.37603306],
         [268.59917355, 196.3677686 ],
         [107.77272727,  99.17768595],
         [182.64876033, 146.78099174],
         [ 11.73966942, 473.06198347],
         [  2.81404959, 372.89669421],
         [  4.79752066, 301.49173554]]), array([[442]], dtype=uint16))]]
