[[(array([[111.41042781, 781.86764706],
         [ 99.27406417, 751.88368984],
         [214.21256684, 777.5842246 ],
         [162.09759358, 751.88368984],
         [269.18315508, 779.72593583],
         [318.44251337, 751.1697861 ],
         [353.42379679, 756.88101604],
         [369.12967914, 714.04679144],
         [295.59759358, 706.19385027],
         [277.75      , 657.64839572],
         [315.5868984 , 640.51470588],
         [355.56550802, 651.22326203],
         [385.54946524, 626.23663102],
         [469.07620321, 738.31951872],
         [436.23663102, 686.9184492 ],
         [549.03342246, 740.46122995],
         [514.76604278, 700.48262032],
         [484.78208556, 651.22326203],
         [134.25534759, 661.93181818],
         [ 54.29812834, 599.82219251],
         [108.55481283, 593.39705882],
         [149.2473262 , 619.09759358],
         [184.22860963, 622.6671123 ],
         [234.20187166, 556.98796791],
         [272.03877005, 569.12433155],
         [187.0842246 , 549.13502674],
         [152.81684492, 566.26871658],
         [167.80882353, 527.71791444],
         [208.5013369 , 512.01203209],
         [184.94251337, 488.45320856],
         [144.25      , 504.15909091],
         [ 90.70721925, 534.14304813],
         [108.55481283, 452.75802139],
         [137.11096257, 457.04144385],
         [ 89.99331551, 426.34358289],
         [ 45.73128342, 460.61096257],
         [359.84893048, 541.9959893 ],
         [351.28208556, 461.32486631],
         [252.76336898, 421.34625668],
         [233.48796791, 734.75      ],
         [460.50935829, 784.00935829],
         [451.94251337, 717.61631016],
         [658.97459893, 679.06550802],
         [626.84893048, 708.3355615 ],
         [674.68048128, 652.65106952],
         [613.9986631 , 627.6644385 ],
         [629.70454545, 617.6697861 ],
         [551.17513369, 574.12165775],
         [499.06016043, 619.81149733],
         [448.37299465, 598.39438503],
         [473.35962567, 548.42112299],
         [521.19117647, 549.13502674],
         [446.23128342, 509.87032086],
         [460.50935829, 481.31417112],
         [421.24465241, 469.89171123],
         [384.8355615 , 461.32486631],
         [337.71791444, 416.34893048],
         [343.42914439, 446.3328877 ],
         [388.40508021, 427.05748663],
         [445.51737968, 442.76336898],
         [496.9184492 , 462.03877005],
         [496.9184492 , 440.62165775],
         [541.18048128, 472.7473262 ],
         [552.60294118, 508.44251337],
         [550.46122995, 422.77406417],
         [589.72593583, 413.49331551],
         [597.57887701, 461.32486631],
         [611.14304813, 429.9131016 ],
         [623.27941176, 391.36229947],
         [633.27406417, 363.52005348],
         [573.30614973, 379.22593583],
         [571.1644385 , 346.38636364],
         [663.25802139, 477.03074866],
         [643.26871658, 339.96122995],
         [638.27139037, 326.39705882],
         [628.27673797, 304.97994652],
         [629.70454545, 286.4184492 ],
         [545.46390374, 300.69652406],
         [513.33823529, 310.69117647],
         [485.4959893 , 359.23663102],
         [466.93449198, 362.09224599],
         [508.34090909, 371.37299465],
         [444.80347594, 368.51737968],
         [420.53074866, 382.79545455],
         [477.64304813, 309.97727273],
         [468.36229947, 273.56818182],
         [484.06818182, 247.15374332],
         [464.79278075, 243.5842246 ],
         [488.35160428, 224.30882353],
         [506.9131016 , 271.42647059],
         [588.29812834, 274.9959893 ],
         [549.7473262 , 256.43449198],
         [666.11363636, 235.01737968],
         [613.28475936, 244.29812834],
         [679.67780749, 197.89438503],
         [138.53877005, 395.64572193],
         [172.09224599, 404.21256684],
         [216.35427807, 401.35695187],
         [252.76336898, 390.64839572],
         [239.19919786, 361.37834225],
         [310.58957219, 388.50668449],
         [317.01470588, 368.51737968],
         [346.28475936, 390.64839572],
         [379.12433155, 330.68048128],
         [404.82486631, 313.54679144],
         [343.42914439, 310.69117647],
         [376.98262032, 271.42647059],
         [366.27406417, 252.86497326],
         [426.24197861, 285.70454545],
         [419.10294118, 215.74197861],
         [389.11898396, 233.58957219],
         [359.13502674, 228.59224599],
         [391.97459893, 172.19385027],
         [380.55213904, 169.33823529],
         [420.53074866, 170.76604278],
         [422.67245989, 160.05748663],
         [449.0868984 , 192.18315508],
         [454.0842246 , 224.30882353],
         [473.35962567, 192.18315508],
         [492.63502674, 162.9131016 ],
         [524.76069519, 185.75802139],
         [551.17513369, 181.47459893],
         [592.5815508 , 172.90775401],
         [606.85962567, 181.47459893],
         [609.0013369 , 162.19919786],
         [641.12700535, 186.47192513],
         [646.12433155, 170.05213904],
         [461.22326203, 414.92112299],
         [105.69919786, 726.89705882],
         [221.35160428, 201.46390374],
         [177.80347594, 215.74197861],
         [124.97459893, 217.1697861 ],
         [130.68582888, 217.1697861 ],
         [127.8302139 , 350.6697861 ],
         [140.68048128, 335.67780749],
         [159.95588235, 317.8302139 ],
         [199.93449198, 299.26871658],
         [250.62165775, 284.27673797],
         [272.03877005, 278.56550802],
         [262.75802139, 269.28475936],
         [191.36764706, 256.43449198],
         [205.64572193, 262.85962567],
         [324.86764706, 294.27139037],
         [307.73395722, 327.11096257],
         [342.71524064, 265.0013369 ],
         [246.33823529, 210.74465241],
         [282.03342246, 199.32219251],
         [264.18582888, 169.33823529],
         [256.3328877 , 130.78743316],
         [251.3355615 , 160.05748663],
         [289.17245989, 124.36229947],
         [328.43716578, 177.19117647],
         [308.44786096, 183.61631016],
         [257.76069519, 236.44518717],
         [302.02272727, 227.1644385 ],
         [ 12.89171123, 235.01737968],
         [ 34.30882353, 224.30882353],
         [ 76.42914439, 201.46390374],
         [ 80.71256684, 227.87834225],
         [ 31.45320856, 180.04679144],
         [ 50.01470588, 162.9131016 ],
         [ 77.14304813, 157.20187166],
         [ 70.71791444, 138.64037433],
         [ 13.60561497, 185.75802139],
         [ 27.88368984, 137.92647059],
         [ 12.89171123, 124.36229947],
         [ 52.15641711, 125.79010695],
         [ 71.43181818, 217.88368984],
         [289.11163102, 165.23328877],
         [293.39505348, 155.95254011],
         [325.52072193, 100.625     ],
         [330.875     ,  89.55949198],
         [341.94050802,  79.92179144],
         [367.28409091,  93.1290107 ],
         [370.13970588,  75.63836898],
         [343.72526738, 109.19184492],
         [321.23729947, 113.47526738],
         [266.26671123,  72.06885027],
         [236.63970588,  93.48596257],
         [237.35360963,  84.91911765],
         [389.41510695, 115.61697861],
         [377.99264706, 133.82152406],
         [445.81350267, 100.98195187],
         [457.23596257, 105.97927807],
         [442.9578877 ,  84.91911765],
         [430.82152406,  81.7065508 ],
         [435.10494652, 140.9605615 ],
         [396.55414439, 145.9578877 ],
         [314.81216578, 278.74398396],
         [221.64772727, 280.17179144],
         [280.90173797, 108.83489305],
         [ 52.65946303, 113.37832573],
         [ 39.76302019, 104.61847776],
         [ 40.73633663,  91.96536403],
         [ 28.81321023,  92.20869314],
         [ 21.99999514,  76.8789592 ],
         [ 38.78970374,  77.85227564],
         [ 49.00952637,  78.33893386],
         [ 53.38945036,  87.82876916],
         [ 77.47903226,  84.42216162],
         [ 70.90914629,  82.47552874],
         [ 73.09910828,  67.14579479],
         [ 87.21219667,  71.52571878],
         [104.48856349,  69.5790859 ],
         [137.58132248,  68.11911123],
         [163.13087905,  62.5225417 ],
         [122.25158854, 110.70170552],
         [138.31130981, 219.22648866],
         [ 15.43010917,  97.80526268],
         [  2.77699544,  64.9558328 ],
         [ 65.06924764,  65.68582013],
         [ 43.65628595,  53.27603551],
         [ 33.43646332,  54.97933928],
         [ 70.17915896, 154.50094535],
         [ 88.67217133, 120.43486992],
         [133.2013985 ,  81.25888318],
         [146.82782867,  67.3891239 ],
         [ 23.94662802, 100.96854111],
         [146.671533  ,  98.07497318],
         [474.57692308, 104.33333333],
         [501.2008547 ,  83.79487179],
         [597.80769231,  83.03418803],
         [571.94444444,  90.64102564],
         [560.53418803,  59.45299145],
         [536.95299145,  65.53846154],
         [534.67094017,  54.88888889],
         [593.24358974,  57.93162393],
         [650.29487179,  56.41025641],
         [446.43162393,  54.12820513],
         [444.91025641,  76.94871795],
         [505.0042735 ,  66.2991453 ],
         [479.14102564,  64.77777778],
         [ 89.77989488,  59.96977661],
         [ 79.2542707 ,  57.86465177],
         [ 66.62352168,  54.70696452],
         [ 56.0978975 ,  41.02365309],
         [ 69.78120894,  31.55059133],
         [ 89.77989488,  26.28777924],
         [ 85.5696452 ,  18.91984231],
         [101.35808147,  17.86727989],
         [ 75.04402102,  14.70959264],
         [ 55.04533509,  17.86727989],
         [ 41.36202365,  26.28777924],
         [ 27.67871222,  32.60315375],
         [ 11.89027595,  32.60315375],
         [ 15.04796321,  44.18134034],
         [  7.68002628,  48.39159001],
         [127.67214192,   5.23653088],
         [105.56833114,  23.13009198],
         [101.35808147,  50.49671485],
         [113.98883049,  50.49671485],
         [138.1977661 ,  48.39159001],
         [159.24901445,  48.39159001],
         [225.56044678,  31.55059133],
         [193.98357424,  25.23521682],
         [181.35282523,   6.2890933 ],
         [288.71419185,  31.55059133],
         [330.81668857,  29.44546649],
         [337.13206307,  21.02496715],
         [348.71024967,  30.49802891],
         [347.65768725,  24.1826544 ],
         [373.9717477 ,  13.65703022],
         [398.18068331,  17.86727989],
         [393.97043364,  30.49802891],
         [386.60249671,  44.18134034],
         [399.23324573,  51.54927727],
         [386.60249671,  66.28515112],
         [408.70630749,  37.86596583],
         [419.23193167,  35.760841  ],
         [415.021682  ,  14.70959264],
         [425.54730618,  11.55190539],
         [433.96780552,   6.2890933 ],
         [448.70367937,   7.34165572],
         [449.75624179,  18.91984231],
         [430.81011827,  36.81340342],
         [462.3869908 ,  26.28777924],
         [500.27923784,  31.55059133],
         [505.54204993,  28.39290407],
         [487.64848883,  28.39290407],
         [518.17279895,  34.70827858],
         [541.32917214,  28.39290407],
         [536.06636005,  35.760841  ],
         [544.4868594 ,  47.3390276 ],
         [561.32785808,  23.13009198],
         [551.85479632,  14.70959264],
         [565.53810775,   5.23653088],
         [573.9586071 ,  16.81471748],
         [590.79960578,  13.65703022],
         [590.79960578,  33.65571616],
         [570.80091984,  44.18134034],
         [610.79829172,  44.18134034],
         [616.06110381,  22.07752957],
         [646.58541393,  17.86727989],
         [661.32128778,  10.49934297],
         [666.58409987,  27.34034166],
         [590.79960578, 251.53613666]]), array([[296]], dtype=uint16))]]
