[[(array([[ 360.69465565,  210.76451791],
         [ 520.07757576,  191.01796143],
         [ 582.13818182,  205.12264463],
         [ 649.84066116,  237.56341598],
         [ 716.13267218,  258.72044077],
         [ 728.82688705,  207.94358127],
         [ 704.84892562,  207.94358127],
         [ 786.65608815,  206.53311295],
         [ 828.97013774,  230.51107438],
         [ 868.46325069,  230.51107438],
         [ 961.55415978,  250.25763085],
         [1001.04727273,  246.0262259 ],
         [1020.7938292 ,  217.8168595 ],
         [ 895.26214876,  195.24936639],
         [ 941.80760331,  165.62953168],
         [ 913.59823691,  168.45046832],
         [ 900.90402204,  136.00969697],
         [ 871.28418733,  161.39812672],
         [ 855.76903581,  126.13641873],
         [ 796.52936639,  162.80859504],
         [ 782.4246832 ,  182.55515152],
         [ 771.14093664,  176.91327824],
         [ 783.83515152,  161.39812672],
         [ 749.98391185,  185.37608815],
         [ 716.13267218,  181.1446832 ],
         [ 947.44947658,   73.94909091],
         [ 927.70292011,   96.51658402],
         [ 955.9122865 ,   86.64330579],
         [ 968.60650138,   85.23283747],
         [1022.20429752,   82.41190083],
         [ 851.53763085,   69.71768595],
         [ 802.17123967,   72.53862259],
         [ 757.03625344,  137.42016529],
         [ 716.13267218,  136.00969697],
         [ 742.93157025,   62.66534435],
         [ 778.19327824,   85.23283747],
         [ 601.53212121,  164.21906336],
         [ 571.20705234,  150.11438017],
         [ 528.89300275,  144.47250689],
         [ 606.46876033,  121.90501377],
         [ 608.58446281,  100.04275482],
         [ 622.68914601,   90.16947658],
         [ 641.73046832,  103.56892562],
         [ 633.97289256,  106.38986226],
         [ 659.36132231,  130.36782369],
         [ 638.90953168,  133.18876033],
         [ 676.28694215,  136.00969697],
         [ 686.86545455,  174.0923416 ],
         [ 663.59272727,  170.5661708 ],
         [ 669.23460055,  109.91603306],
         [ 682.63404959,   73.94909091],
         [ 687.57068871,   70.42292011],
         [ 698.85443526,  140.94633609],
         [ 744.69465565,   65.48628099],
         [ 482.34754821,  153.49818182],
         [ 493.63129477,  123.17311295],
         [ 473.17950413,  128.81498623],
         [ 452.7277135 ,  148.5615427 ],
         [ 434.39162534,  125.28881543],
         [ 447.08584022,  130.22545455],
         [ 458.36958678,  133.75162534],
         [ 527.48253444,  100.60561983],
         [ 495.74699725,   96.37421488],
         [ 552.87096419,  106.95272727],
         [ 581.08033058,   95.66898072],
         [ 578.25939394,   54.76539945],
         [ 562.03900826,   77.33289256],
         [ 542.29245179,   42.77641873],
         [ 541.58721763,   70.98578512],
         [ 519.01972452,   25.14556474],
         [ 531.00870523,   25.14556474],
         [ 548.63955923,   30.08220386],
         [ 602.94258953,   51.23922865],
         [ 595.18501377,   54.76539945],
         [ 633.97289256,   25.14556474],
         [ 628.33101928,   21.61939394],
         [ 656.54038567,   28.67173554],
         [ 652.30898072,   52.64969697],
         [ 470.35856749,   66.75438017],
         [ 465.42192837,   59.70203857],
         [ 450.61201102,   88.61663912],
         [ 436.50732782,   92.14280992],
         [ 458.36958678,   87.2061708 ],
         [ 428.04451791,   96.37421488],
         [ 415.35030303,  121.76264463],
         [ 370.92055096,  128.81498623],
         [ 497.15746556,   31.49267218],
         [ 483.75801653,   27.96650138],
         [ 478.11614325,   30.08220386],
         [ 471.76903581,   30.08220386],
         [ 465.42192837,   28.67173554],
         [ 447.08584022,   22.3246281 ],
         [ 452.7277135 ,   18.7984573 ],
         [ 418.87647383,   13.15658402],
         [ 426.63404959,   15.2722865 ],
         [ 403.36132231,   11.7461157 ],
         [ 388.55140496,   11.7461157 ],
         [ 374.44672176,    8.92517906],
         [ 361.04727273,    5.39900826],
         [ 366.68914601,   59.70203857],
         [ 380.08859504,   51.94446281],
         [ 336.36407713,   36.42931129],
         [ 342.00595041,   51.23922865],
         [ 405.47702479,   93.55327824],
         [ 292.63955923,  137.9830303 ],
         [ 361.04727273,  142.91966942],
         [ 261.6092562 ,  109.06842975],
         [ 248.20980716,  108.36319559],
         [ 238.33652893,  102.01608815],
         [ 246.79933884,   92.84804408],
         [ 286.29245179,   75.92242424],
         [ 292.63955923,  100.60561983],
         [ 303.21807163,   95.66898072],
         [ 308.15471074,   79.44859504],
         [ 282.06104683,   62.52297521],
         [ 289.81862259,   62.52297521],
         [ 292.63955923,   47.71305785],
         [ 303.21807163,   44.89212121],
         [ 297.57619835,   39.95548209],
         [ 287.70292011,   36.42931129],
         [ 324.37509642,   36.42931129],
         [ 222.82137741,   61.11250689],
         [ 212.94809917,   71.69101928],
         [ 201.66435262,   78.74336088],
         [ 160.76077135,   68.87008264],
         [ 147.36132231,   77.33289256],
         [ 181.91779614,   63.22820937],
         [ 198.84341598,   57.58633609],
         [ 207.3062259 ,   46.30258953],
         [ 179.0968595 ,   51.94446281],
         [ 157.23460055,   56.88110193],
         [ 120.56242424,   67.45961433],
         [  97.99493113,    6.80947658],
         [  61.32275482,   23.73509642],
         [  65.55415978,   13.15658402],
         [  81.06931129,   16.68275482],
         [ 117.03625344,   10.33564738],
         [ 112.09961433,    6.80947658],
         [ 126.20429752,    8.92517906],
         [ 222.82137741,   31.49267218],
         [ 251.0307438 ,   17.38798898],
         [ 229.87371901,   23.73509642],
         [ 226.34754821,   16.68275482],
         [ 239.74699725,    8.2199449 ],
         [ 178.39162534,   13.15658402],
         [ 169.92881543,   13.15658402],
         [ 150.18225895,    5.39900826],
         [ 188.26490358,    6.80947658],
         [ 141.01421488,   38.54501377],
         [  40.87096419,   37.13454545],
         [  25.35581267,   35.01884298],
         [   2.78831956,   35.01884298],
         [  11.95636364,   28.67173554],
         [  43.69190083,   20.20892562],
         [  26.06104683,   21.61939394],
         [  33.11338843,   22.3246281 ],
         [  37.34479339,    8.92517906],
         [  88.82688705,   30.08220386],
         [ 157.23460055,  104.13179063],
         [ 238.51283747,   40.94214876],
         [ 272.01146006,   15.90633609],
         [ 300.92606061,   30.01101928],
         [ 309.7414876 ,   47.99449036],
         [ 318.5569146 ,   45.87878788],
         [ 212.77179063,   11.32231405],
         [ 190.5569146 ,   46.58402204],
         [ 399.3062259 ,    6.03305785],
         [ 403.53763085,    5.32782369],
         [ 409.17950413,    7.79614325],
         [ 479.35030303,   37.06336088],
         [ 502.97564738,   36.7107438 ],
         [ 246.97564738,   64.78104683],
         [ 259.66986226,   66.54413223],
         [ 172.57344353,  111.67911846],
         [ 301.63129477,  130.36782369],
         [ 291.05278237,  125.43118457],
         [ 316.44121212,  133.89399449],
         [ 115.80209366,   16.96418733],
         [ 233.39988981,   31.49267218],
         [ 201.66435262,   21.61939394],
         [ 149.30071625,   46.93663912],
         [ 156.70567493,   44.11570248],
         [ 165.52110193,   39.17906336],
         [ 148.59548209,   36.35812672],
         [ 133.08033058,   52.93112948],
         [ 156.35305785,   15.90633609],
         [ 155.64782369,    6.38567493],
         [ 214.18225895,   25.77961433]]), array([[188]], dtype=uint8))]]
