[[(array([[  25.99681609,  280.90289066],
         [  49.01929898,  234.85792487],
         [   6.97824326,  234.85792487],
         [  14.9860634 ,  100.72693758],
         [  64.03396174,  134.76017316],
         [  91.0603547 ,  138.76408323],
         [ 121.08968021,  123.74942047],
         [ 113.08186008,  148.7738584 ],
         [ 104.07306242,  165.79047619],
         [  56.0261416 ,  162.78754364],
         [  38.00854629,  183.8080715 ],
         [  55.02516408,  197.82175674],
         [ 154.12193828,  164.78949867],
         [ 170.13757855,  187.81198157],
         [ 147.11509566,  225.84912722],
         [ 168.13562352,  258.88138528],
         [ 129.09750035,  275.89800307],
         [ 225.19134199,  266.88920542],
         [ 251.21675744,  222.84619467],
         [ 286.25097053,  263.88627287],
         [ 195.16201648,  206.83055439],
         [ 223.18938696,  180.80513895],
         [ 293.25781315,  171.79634129],
         [ 310.27443095,  155.78070102],
         [ 354.3174417 ,  176.80122888],
         [ 339.30277894,  205.82957687],
         [ 336.29984639,  312.93417121],
         [ 384.34676721,  385.00455244],
         [ 454.41519341,  352.97327189],
         [ 402.36436252,  261.88431783],
         [ 429.39075548,  209.83348694],
         [ 488.44842899,  206.83055439],
         [ 517.47677699,  280.90289066],
         [ 588.5461807 ,  328.94981148],
         [ 722.67716799,  181.80611646],
         [ 688.64393241,  439.05733836],
         [ 869.82086301,  263.88627287],
         [ 860.81206535,  479.09643904],
         [ 435.39662058,  103.72987013],
         [ 421.38293534,  116.74257785],
         [ 388.35067728,  120.74648792],
         [ 332.29593632,  115.74160034],
         [ 308.27247591,  124.75039799],
         [ 792.74559419,   74.70152213],
         [ 827.77980729,   33.66144393],
         [ 817.77003212,   54.68197179],
         [ 849.80131267,   64.69174696],
         [ 835.78762743,   89.71618489],
         [ 872.82379556,   95.72204999],
         [ 808.76123446,  136.76212819],
         [ 775.7289764 ,  165.79047619],
         [ 760.71431364,  181.80611646],
         [ 885.83650328,  205.82957687],
         [ 923.87364893,  151.77679095],
         [ 983.93229996,  127.75333054],
         [1006.95478285,   58.68588186],
         [1018.96651306,   32.66046642],
         [ 957.90688451,   34.66242145],
         [ 929.87951403,   54.68197179],
         [ 946.89613183,   76.70347717],
         [ 926.87658148,   32.66046642],
         [ 956.905907  ,    8.637006  ],
         [ 876.82770563,   25.6536238 ],
         [ 898.849211  ,    5.63407345],
         [ 805.75830191,   29.65753386],
         [ 791.74461667,   18.64678118],
         [ 777.73093143,   18.64678118],
         [ 776.72995392,   44.67219662],
         [ 758.71235861,   57.68490434],
         [ 761.71529116,   87.71422986],
         [ 737.69183075,  110.73671275],
         [ 698.65370758,   89.71618489],
         [ 706.66152772,   65.69272448],
         [ 684.64002234,   64.69174696],
         [ 659.61558442,   78.7054322 ],
         [ 676.63220221,  118.74453289],
         [ 658.6146069 ,  127.75333054],
         [ 639.59603407,   99.72596006],
         [ 614.57159615,  117.74355537],
         [ 625.58234883,  205.82957687],
         [ 654.61069683,  183.8080715 ],
         [ 566.52467532,  187.81198157],
         [ 555.51392264,  153.77874599],
         [ 514.47384444,  174.79927384],
         [ 482.44256389,  162.78754364],
         [ 505.46504678,  127.75333054],
         [ 548.50708002,  124.75039799],
         [ 195.16201648,  149.77483592],
         [ 178.14539869,  141.76701578],
         [ 145.11314062,  122.74844295],
         [ 164.13171345,  106.73280268],
         [ 184.15126379,  106.73280268],
         [ 174.14148862,   97.72400503],
         [ 171.13855607,  122.74844295],
         [ 198.16494903,  114.74062282],
         [ 212.17863427,  130.75626309],
         [ 232.19818461,  131.75724061],
         [ 251.21675744,  143.76897081],
         [ 283.24803798,  141.76701578],
         [ 249.2148024 ,  118.74453289],
         [ 229.19525206,   97.72400503],
         [ 216.18254434,  106.73280268],
         [ 213.17961179,   93.72009496],
         [ 255.2206675 ,   95.72204999],
         [ 268.23337523,   97.72400503],
         [ 277.24217288,   97.72400503],
         [ 295.25976819,   89.71618489],
         [ 314.27834101,  106.73280268],
         [ 274.23924033,  120.74648792],
         [ 376.69070799,  119.37584344],
         [ 399.7053631 ,   99.03731101],
         [ 403.45193487,   85.65669758],
         [ 389.00087235,   83.51579943],
         [ 373.47936077,   87.79759573],
         [ 376.15548345,  102.78388278],
         [ 324.77392785,   93.1498411 ],
         [ 330.66139777,   73.88175775],
         [ 376.69070799,   70.67041053],
         [ 394.88834227,   68.52951238],
         [ 401.84626125,   72.81130868],
         [ 408.80418024,   57.28979709],
         [ 394.88834227,   56.21934801],
         [ 439.31197888,   65.85338969],
         [ 430.21316174,   54.6136744 ],
         [ 447.34034694,   54.6136744 ],
         [ 458.04483769,   51.93755171],
         [ 470.35500205,   47.12053088],
         [ 471.96067566,   68.52951238],
         [ 457.50961315,   73.88175775],
         [ 475.17202289,   53.54322533],
         [ 496.58100439,   85.12147304],
         [ 465.53798121,   92.07939203],
         [ 511.56729144,   69.59996145],
         [ 544.75121276,   77.62832951],
         [ 558.66705074,   88.8680448 ],
         [ 550.10345814,   99.03731101],
         [ 559.73749981,   68.52951238],
         [ 595.06231929,   66.38861423],
         [ 604.69636096,   65.31816515],
         [ 610.04860634,   51.40232718],
         [ 574.72378686,   49.79665356],
         [ 566.6954188 ,   52.47277625],
         [ 536.7228447 ,   44.44440819],
         [ 520.13088404,   52.47277625],
         [ 513.17296505,   46.0500818 ],
         [ 501.93324976,   51.93755171],
         [ 483.73561549,   56.21934801],
         [ 484.80606456,   42.30351004],
         [ 504.07414791,   35.88081559],
         [ 495.51055531,   42.30351004],
         [ 585.96350215,   28.38767206],
         [ 569.90676603,   28.38767206],
         [ 630.9223633 ,   38.55693828],
         [ 657.68359018,   38.55693828],
         [ 662.50061101,   23.57065123],
         [ 687.65616428,   25.17632484],
         [ 727.26278005,   26.24677391],
         [ 724.05143282,    8.58436418],
         [ 712.276493  ,   12.86616048],
         [ 749.20698609,   11.26048686],
         [ 390.07132143,   54.6136744 ],
         [ 389.53609689,   68.52951238],
         [ 380.97250429,   59.96591978],
         [ 386.8599742 ,   44.44440819],
         [ 401.31103672,   40.69783643],
         [ 465.53798121,   21.96497761],
         [ 408.80418024,  171.29262357],
         [ 424.86091637,  155.23588745],
         [ 678.24227895,   10.44119774],
         [ 698.45263145,   13.61144911],
         [ 650.50257942,   18.7631076 ],
         [ 636.23644824,   13.61144911],
         [ 660.01333355,   59.58009403],
         [ 702.81172709,   50.86190276],
         [ 852.60610451,    2.91185073],
         [ 286.39396732,  113.87714221],
         [ 299.69266862,  102.62439496],
         [ 308.89946183,   90.34867068],
         [ 306.85350778,   80.11890045],
         [ 319.12923206,   73.98103832],
         [ 243.42893236,   84.21080855],
         [ 128.85550578,   96.48653282],
         [ 100.21214914,  125.12988947],
         [ 476.6676936 ,  117.9690503 ],
         [ 513.49486642,  107.73928007],
         [ 414.2660952 ,   40.22279656],
         [ 423.98437691,   41.82986046],
         [ 421.93842287,   53.08260771],
         [ 413.24311817,   48.47921111],
         [ 374.3699913 ,   38.76092939],
         [ 371.81254874,   35.69199832],
         [ 379.99636493,   29.04264767],
         [ 372.83552576,   26.99669363],
         [ 408.63972157,   35.18050981],
         [ 423.4728884 ,   35.18050981],
         [ 423.98437691,   28.53115916],
         [ 429.09926203,   37.22646386],
         [ 438.30605524,   32.62306726],
         [ 438.81754375,   36.71497535],
         [ 445.97838291,   42.85283749],
         [ 451.09326802,   41.82986046],
         [ 453.65071058,   29.04264767],
         [ 444.44391737,   30.0656247 ],
         [ 442.90945184,   24.95073958],
         [ 463.88048081,   33.13455577],
         [ 480.24811318,   29.55413619],
         [ 477.17918211,   39.78390642],
         [ 469.50685444,   41.82986046],
         [ 463.3689923 ,   42.85283749],
         [ 497.63872257,   22.90478554],
         [ 489.45490638,   26.48520512],
         [ 511.96040089,   18.30138893],
         [ 519.63272856,   17.27841191],
         [ 511.44891238,   26.99669363],
         [ 519.12124005,   40.80688344],
         [ 525.7705907 ,   40.80688344],
         [ 766.1701911 ,    9.53348587],
         [ 830.61774355,   16.69432503],
         [ 812.20415713,   10.55646289],
         [ 832.66369759,    4.41860075],
         [ 985.08727402,   12.60241694],
         [ 994.29406722,   22.83218717],
         [1001.45490638,   12.60241694],
         [ 728.32004125,   85.23378557],
         [ 123.74062067,  201.85316619]]), array([[225]], dtype=uint8))]]
