[[(array([[ 161.13396198,  594.47747343],
         [  98.11106122,  575.42403832],
         [ 169.92785511,  537.31716809],
         [  67.33243526,  440.58434366],
         [  20.43167191,  475.75991618],
         [  17.5003742 ,  421.53090855],
         [  38.01945816,  393.6835803 ],
         [ 105.43930549,  401.01182458],
         [ 165.53090855,  395.14922916],
         [ 142.08052687,  449.37823679],
         [ 244.67594671,  478.69121389],
         [ 315.02709175,  682.41640473],
         [ 342.87442   ,  617.92785511],
         [  26.41640473,  317.83625206],
         [  65.98892381,  291.45457267],
         [ 115.08816046,  287.0576261 ],
         [ 125.34770244,  342.01945816],
         [ 164.92022152,  325.16449633],
         [ 159.79045053,  286.32480168],
         [ 201.5614429 ,  299.51564137],
         [ 197.16449633,  375.72938183],
         [  66.72174824,  259.94312229],
         [  13.95838946,  276.06525969],
         [  19.08816046,  237.95838946],
         [  71.85151923,  225.5003742 ],
         [  38.14159557,  253.34770244],
         [  96.76754977,  222.56907649],
         [  50.59961084,  198.38587038],
         [  15.42403832,  199.11869481],
         [   5.16449633,  167.60724442],
         [  35.21029786,  110.44693908],
         [  65.25609939,  167.60724442],
         [  76.2484658 ,  190.32480168],
         [ 116.55380931,  176.40113755],
         [ 115.82098488,  152.95075587],
         [  79.91258794,  133.16449633],
         [   3.69884748,  115.57671007],
         [  97.5003742 ,  120.70648107],
         [  63.79045053,  119.97365664],
         [ 134.87442   ,  256.27900015],
         [ 140.00419099,  219.63777878],
         [ 132.67594671,  232.82861847],
         [ 169.31716809,  210.84388565],
         [ 178.84388565,  258.47747343],
         [ 195.69884748,  240.88968717],
         [ 216.21793145,  246.01945816],
         [ 174.44693908,  180.06525969],
         [ 179.57671007,  140.49274061],
         [ 216.21793145,  167.60724442],
         [ 134.87442   ,  102.38587038],
         [ 238.9354887 ,  210.84388565],
         [ 277.04235893,  210.11106122],
         [ 294.63014519,  266.53854213],
         [ 261.65304595,  267.27136656],
         [ 291.69884748,  229.89732076],
         [ 315.88205358,  330.29426733],
         [ 260.92022152,  344.95075587],
         [ 248.46220626,  405.77518336],
         [ 260.92022152,  292.92022152],
         [ 167.11869481,  119.24083221],
         [ 173.71411465,   97.25609939],
         [ 208.15686275,  125.10342763],
         [ 225.744649  ,  145.6225116 ],
         [ 257.98892381,  130.23319862],
         [ 241.86678641,  130.23319862],
         [ 303.42403832,  142.69121389],
         [ 279.97365664,  143.42403832],
         [ 279.97365664,  171.27136656],
         [ 310.75228259,  193.25609939],
         [ 326.87442   ,  169.07289328],
         [ 347.39350397,  191.79045053],
         [ 297.5614429 ,  119.97365664],
         [ 333.46983984,  132.43167191],
         [ 378.90495435,  158.08052687],
         [ 363.51564137,  161.01182458],
         [ 386.23319862,  195.45457267],
         [ 362.04999252,  225.5003742 ],
         [ 331.27136656,  273.13396198],
         [ 354.72174824,  297.31716809],
         [ 365.71411465,  267.27136656],
         [ 395.75991618,  287.79045053],
         [ 391.36296962,  334.69121389],
         [ 407.48510702,  377.92785511],
         [ 438.26373297,  377.92785511],
         [ 363.51564137,  135.36296962],
         [ 450.72174824,  188.85915282],
         [ 421.40877114,  213.77518336],
         [ 433.86678641,  235.75991618],
         [ 465.37823679,  255.54617572],
         [ 487.36296962,  298.04999252],
         [ 507.14922916,  330.29426733],
         [ 493.95838946,  184.46220626],
         [ 507.88205358,  208.64541236],
         [ 486.63014519,  166.14159557],
         [ 503.48510702,  166.14159557],
         [ 448.52327496,  147.82098488],
         [ 435.33243526,  164.67594671],
         [ 373.77518336,  114.11106122],
         [  34.53854213,   60.06525969],
         [  70.44693908,   59.33243526],
         [  66.04999252,   46.50800778],
         [ 108.1873971 ,   46.50800778],
         [ 120.27900015,   62.63014519],
         [ 125.40877114,   43.94312229],
         [ 137.13396198,   43.94312229],
         [ 149.59197725,   56.76754977],
         [ 163.88205358,   50.53854213],
         [ 144.46220626,   66.29426733],
         [ 134.20266427,   76.1873971 ],
         [  81.07289328,   51.63777878],
         [  58.72174824,   45.04235893],
         [  90.96602305,   43.94312229],
         [  74.84388565,   28.92022152],
         [  18.78281694,   70.32480168],
         [  41.86678641,   10.96602305],
         [  51.39350397,   17.92785511],
         [   8.88968717,   19.02709175],
         [  12.92022152,   31.11869481],
         [  33.07289328,   43.94312229],
         [  22.08052687,   35.88205358],
         [  91.33243526,   25.6225116 ],
         [  83.27136656,   15.36296962],
         [  59.45457267,   23.0576261 ],
         [ 118.81335129,   14.63014519],
         [ 149.59197725,   28.92022152],
         [ 129.07289328,    9.5003742 ],
         [ 141.89732076,    8.76754977],
         [ 175.97365664,   16.46220626],
         [ 161.31716809,   17.92785511],
         [ 157.65304595,    7.66831313],
         [ 195.75991618,   24.88968717],
         [ 206.38587038,   62.63014519],
         [ 211.14922916,   18.66067954],
         [ 230.20266427,   11.33243526],
         [ 240.09579404,   19.39350397],
         [ 253.65304595,   25.6225116 ],
         [ 217.744649  ,   56.76754977],
         [ 231.66831313,   47.97365664],
         [ 184.76754977,  112.82861847],
         [ 202.35533603,  105.5003742 ],
         [ 159.85151923,   96.34006885],
         [ 253.65304595,   51.63777878],
         [ 187.69884748,   84.2484658 ],
         [ 248.52327496,  104.03472534],
         [ 258.41640473,  108.79808412],
         [ 273.43930549,  109.16449633],
         [ 280.40113755,   61.89732076],
         [ 269.40877114,   43.94312229],
         [ 256.95075587,    7.66831313],
         [ 276.3706032 ,   11.69884748],
         [ 287.72938183,   36.2484658 ],
         [ 285.89732076,   12.06525969],
         [ 305.31716809,   12.79808412],
         [ 302.75228259,   56.76754977],
         [ 292.85915282,   50.53854213],
         [ 298.72174824,   31.11869481],
         [ 336.82861847,   39.91258794],
         [ 322.90495435,   30.75228259],
         [ 325.83625206,   46.14159557],
         [ 317.77518336,   89.37823679],
         [ 363.94312229,   22.32480168],
         [ 360.64541236,    5.83625206],
         [ 332.79808412,    3.63777878],
         [ 335.36296962,   17.19503068],
         [ 356.61487801,   35.88205358],
         [ 370.53854213,   32.58434366],
         [ 357.71411465,   53.10342763],
         [ 341.95838946,   88.27900015],
         [ 328.40113755,  109.16449633],
         [ 354.04999252,  120.88968717],
         [ 332.79808412,  102.9354887 ],
         [ 304.21793145,  160.82861847],
         [ 325.46983984,  154.23319862],
         [ 378.59961084,   46.50800778],
         [ 388.49274061,   81.6835803 ],
         [ 390.69121389,   41.01182458],
         [ 382.26373297,   16.46220626],
         [ 393.98892381,   15.36296962],
         [ 372.73701542,   10.59961084],
         [ 420.73701542,   12.79808412],
         [ 404.98129023,   25.98892381],
         [ 413.04235893,   41.37823679],
         [ 438.69121389,    6.9354887 ],
         [ 437.59197725,   40.27900015],
         [ 424.03472534,   46.14159557],
         [ 429.89732076,   57.86678641],
         [ 431.72938183,   85.71411465],
         [ 430.63014519,  132.61487801],
         [ 407.54617572,  132.61487801],
         [ 387.39350397,  134.44693908],
         [ 427.69884748,  104.40113755],
         [ 446.01945816,  120.15686275],
         [ 443.82098488,  104.40113755],
         [ 291.57671007,  455.24083221],
         [ 397.10342763,  497.744649  ],
         [ 441.07289328,  496.27900015],
         [ 586.17212992,  393.6835803 ],
         [ 531.94312229,  242.72174824],
         [ 559.79045053,  274.96602305],
         [ 583.24083221,  311.60724442],
         [ 662.01945816,  317.83625206],
         [ 609.98892381,  322.23319862],
         [ 705.25609939,  371.33243526],
         [ 751.42403832,  460.00419099],
         [ 670.08052687,  555.27136656],
         [ 465.53090855,   22.78281694],
         [ 472.12632839,   14.17212992],
         [ 459.85151923,    4.82861847],
         [ 479.82098488,   17.65304595],
         [ 485.6835803 ,    9.59197725],
         [ 491.91258794,   16.73701542],
         [ 499.0576261 ,   20.58434366],
         [ 523.24083221,   16.73701542],
         [ 514.63014519,   30.29426733],
         [ 536.79808412,   35.79045053],
         [ 547.97365664,   37.43930549],
         [ 537.34770244,   27.17976351],
         [ 493.37823679,   46.04999252],
         [ 484.21793145,   35.79045053],
         [ 456.55380931,   74.63014519],
         [ 467.36296962,   86.17212992],
         [ 523.42403832,   52.27900015],
         [ 451.60724442,   42.01945816],
         [ 454.90495435,   17.10342763],
         [ 494.56907649,  101.10342763],
         [ 480.27900015,   64.09579404],
         [ 537.07289328,  110.9965574 ],
         [ 500.79808412,  127.11869481],
         [ 483.94312229,  138.47747343],
         [ 541.83625206,  145.07289328],
         [ 569.6835803 ,  119.79045053],
         [ 570.41640473,  105.13396198],
         [ 580.67594671,  158.63014519],
         [ 522.78281694,  178.04999252],
         [ 593.13396198,  139.21029786],
         [ 619.51564137,  165.59197725],
         [ 597.53090855,  190.50800778],
         [ 567.48510702,  178.04999252],
         [ 350.56907649,  182.08052687],
         [ 592.40113755,  226.23319862],
         [ 574.81335129,  243.08816046],
         [ 523.51564137,  232.82861847],
         [ 597.53090855,  108.98129023],
         [ 618.78281694,  117.77518336],
         [ 636.3706032 ,  119.97365664],
         [ 646.63014519,  176.40113755],
         [ 632.70648107,  204.2484658 ],
         [ 633.43930549,  265.07289328],
         [ 623.91258794,  232.82861847],
         [ 651.02709175,  219.63777878],
         [ 659.08816046,  208.64541236],
         [ 680.34006885,  212.3095345 ],
         [ 671.54617572,  166.14159557],
         [ 720.64541236,  243.08816046],
         [ 738.96602305,  217.43930549],
         [ 760.95075587,  202.78281694],
         [ 763.88205358,  161.01182458],
         [ 694.9965574 ,  119.97365664],
         [ 681.80571771,  108.98129023],
         [ 522.23319862,    6.9354887 ],
         [ 560.34006885,   36.2484658 ],
         [ 587.08816046,   86.81335129],
         [ 585.98892381,   50.53854213],
         [ 601.37823679,   31.48510702],
         [ 592.95075587,   10.23319862],
         [ 581.95838946,    6.9354887 ],
         [ 571.33243526,   13.89732076],
         [ 554.47747343,    9.5003742 ],
         [ 585.98892381,   27.45457267],
         [ 606.14159557,   15.36296962],
         [ 603.57671007,    4.3706032 ],
         [ 615.66831313,   12.79808412],
         [ 620.43167191,    6.9354887 ],
         [ 630.69121389,   12.79808412],
         [ 621.53090855,   25.6225116 ],
         [ 642.78281694,   19.75991618],
         [ 659.27136656,   13.16449633],
         [ 654.14159557,   25.98892381],
         [ 647.17976351,   37.71411465],
         [ 650.84388565,   56.40113755],
         [ 660.3706032 ,   43.57671007],
         [ 619.33243526,   94.14159557],
         [ 612.00419099,   80.95075587],
         [ 680.88968717,   44.3095345 ],
         [ 678.32480168,   28.1873971 ],
         [ 671.72938183,   20.49274061],
         [ 690.41640473,   23.0576261 ],
         [ 706.53854213,   49.43930549],
         [ 723.02709175,   37.34770244],
         [ 717.16449633,   14.26373297],
         [ 706.53854213,   23.79045053],
         [ 678.32480168,    6.20266427],
         [ 648.27900015,    8.76754977],
         [ 726.32480168,   81.31716809],
         [ 722.29426733,   96.70648107],
         [ 742.81335129,   34.78281694],
         [ 734.75228259,   15.72938183],
         [ 725.59197725,   10.96602305],
         [ 765.89732076,   69.59197725],
         [ 769.19503068,  101.46983984],
         [ 784.95075587,  111.36296962],
         [ 805.83625206,   46.14159557],
         [ 759.75991618,    9.77518336],
         [ 787.79045053,   32.3095345 ],
         [ 782.11106122,   70.96602305],
         [ 829.01182458,   14.72174824],
         [ 819.66831313,    8.3095345 ],
         [ 808.49274061,    4.64541236],
         [ 797.6835803 ,    9.95838946],
         [ 789.80571771,    4.64541236],
         [ 777.89732076,   10.32480168],
         [ 779.72938183,   20.21793145],
         [ 770.75228259,   31.39350397],
         [ 798.01945816,   85.71411465],
         [ 805.71411465,  120.15686275],
         [ 805.34770244,   98.90495435],
         [ 841.98892381,   93.40877114],
         [ 872.49274061,   89.28663374],
         [ 865.71411465,  117.6835803 ],
         [ 846.84388565,  142.04999252],
         [ 866.44693908,  138.20266427],
         [ 884.76754977,  119.14922916],
         [ 896.85915282,  125.01182458],
         [ 894.29426733,  143.69884748],
         [ 878.53854213,  152.67594671],
         [ 845.744649  ,  160.1873971 ],
         [ 820.09579404,  120.2484658 ],
         [ 821.01182458,   91.48510702],
         [ 816.43167191,  103.57671007],
         [ 843.91258794,   42.9354887 ],
         [ 862.04999252,   38.53854213],
         [ 853.43930549,   38.72174824],
         [ 877.07289328,   40.00419099],
         [ 892.82861847,   53.92785511],
         [ 884.21793145,   89.83625206],
         [ 778.17212992,  173.83625206],
         [ 814.81335129,  175.30190091],
         [ 839.72938183,  184.09579404],
         [ 797.22556504,  210.47747343],
         [ 784.03472534,  241.25609939],
         [ 804.55380931,  257.37823679],
         [ 792.82861847,  333.59197725],
         [ 841.19503068,  304.27900015],
         [ 505.5614429 ,  622.32480168],
         [ 567.11869481,  679.48510702],
         [ 644.79808412,  622.32480168],
         [ 926.84388565,   32.67594671],
         [ 925.19503068,   18.20266427],
         [ 887.08816046,   20.76754977],
         [ 888.00419099,   16.1873971 ],
         [ 863.82098488,   24.06525969],
         [ 849.89732076,   20.21793145],
         [ 910.35533603,    9.77518336],
         [ 937.10342763,   17.10342763],
         [ 953.40877114,   18.38587038],
         [ 941.6835803 ,   21.5003742 ],
         [ 948.64541236,   28.46220626],
         [ 950.66067954,   43.11869481],
         [ 872.98129023,   23.14922916],
         [ 858.14159557,   17.28663374],
         [ 926.47747343,    6.84388565],
         [ 891.30190091,   28.46220626],
         [ 922.90495435,   91.57671007],
         [ 913.744649  ,   97.80571771],
         [ 910.08052687,   47.97365664],
         [ 904.21793145,   30.01945816],
         [1013.744649  ,   42.9354887 ],
         [1022.35533603,   54.11106122],
         [ 993.04235893,   45.13396198],
         [ 968.49274061,   42.9354887 ],
         [ 991.94312229,   28.27900015],
         [1015.94312229,   10.32480168],
         [1022.90495435,    6.47747343],
         [1007.14922916,    9.77518336],
         [1004.76754977,    3.36296962],
         [ 973.80571771,   20.03472534],
         [ 960.61487801,   26.63014519],
         [ 963.91258794,    5.37823679],
         [ 980.76754977,   88.1873971 ],
         [ 990.47747343,   77.92785511],
         [ 999.82098488,   77.37823679],
         [1010.81335129,   81.59197725],
         [1016.67594671,   91.85151923],
         [1005.5003742 ,   19.48510702],
         [ 991.21029786,   15.45457267],
         [ 981.6835803 ,   27.72938183],
         [ 956.06525969,  102.56907649],
         [ 829.28663374,  102.56907649],
         [ 854.56907649,  102.56907649],
         [ 994.53854213,  110.26373297],
         [ 975.48510702,  118.69121389],
         [ 961.5614429 ,  140.67594671],
         [ 983.54617572,  150.9354887 ],
         [ 931.51564137,  126.38587038],
         [ 926.01945816,  112.82861847],
         [ 942.23319862,  106.14159557],
         [ 880.3095345 ,  165.86678641],
         [ 940.00419099,  145.6225116 ],
         [ 915.08816046,  145.6225116 ],
         [ 918.01945816,  166.14159557],
         [ 894.56907649,  196.92022152],
         [ 813.95838946,  191.79045053],
         [ 811.02709175,  224.76754977],
         [ 827.88205358,  214.50800778],
         [ 852.06525969,  215.24083221],
         [ 878.44693908,  351.54617572],
         [ 860.85915282,  320.03472534],
         [ 997.16449633,  328.82861847],
         [ 986.90495435,  284.85915282],
         [ 961.98892381,  233.5614429 ],
         [ 910.69121389,  215.97365664],
         [ 927.54617572,  251.88205358],
         [ 929.744649  ,  195.45457267],
         [ 981.77518336,  192.52327496],
         [ 584.58434366,  372.79808412],
         [ 522.29426733,  330.29426733],
         [ 555.27136656,  229.89732076],
         [ 687.91258794,  259.94312229],
         [ 708.61487801,  201.86678641],
         [ 691.75991618,  180.2484658 ],
         [ 905.6835803 ,  557.83625206],
         [1002.41640473,  466.96602305],
         [ 942.32480168,  393.6835803 ],
         [ 845.40877114,   10.59961084],
         [ 844.3095345 ,   17.92785511],
         [ 741.34770244,    2.53854213],
         [ 868.49274061,    7.66831313],
         [ 412.92809152,  257.3077119 ],
         [  66.13888073,    9.74727234],
         [  51.81720241,    5.65536424],
         [ 197.07993967,    8.72429531],
         [ 693.22379581,    8.72429531]]), array([[432]], dtype=uint16))]]
