[[(array([[1005.85463659,  544.34814308],
         [ 801.38710412,  657.80268854],
         [ 695.41307815,  644.08840283],
         [ 532.08840283,  563.04944179],
         [ 469.75074049,  501.9585327 ],
         [ 362.52996127,  565.54294828],
         [ 104.45203919,  711.41307815],
         [ 418.63385737,  458.32216906],
         [ 367.51697425,  435.88061062],
         [ 953.49100023,  488.24424698],
         [ 936.03645477,  460.81567555],
         [ 948.50398724,  445.85463659],
         [ 978.42606516,  408.45203919],
         [ 791.41307815,  482.01048075],
         [ 682.94554568,  462.0624288 ],
         [ 662.99749373,  428.40009114],
         [ 675.4650262 ,  418.42606516],
         [ 704.14035088,  414.68580542],
         [ 754.01048075,  408.45203919],
         [ 775.20528594,  405.9585327 ],
         [ 793.90658464,  393.49100023],
         [ 828.81567555,  410.94554568],
         [ 838.78970153,  400.97151971],
         [ 889.90658464,  405.9585327 ],
         [ 887.41307815,  388.50398724],
         [ 544.55593529,  408.45203919],
         [ 514.63385737,  412.19229893],
         [ 255.30918205,  425.90658464],
         [ 240.34814308,  400.97151971],
         [ 114.42606516,  414.68580542],
         [ 173.02346776,  513.17931192],
         [  13.43905218,  548.08840283],
         [  45.85463659,  418.42606516],
         [  65.80268854,  412.19229893],
         [  91.98450672,  394.73775347],
         [ 149.33515607,  397.23125997],
         [ 271.51697425,  498.21827296],
         [ 330.11437685,  408.45203919],
         [ 301.43905218,  384.7637275 ],
         [ 391.20528594,  399.72476646],
         [ 135.62087036,  392.24424698],
         [ 441.07541581,  405.9585327 ],
         [ 463.51697425,  386.01048075],
         [ 545.80268854,  382.27022101],
         [ 562.01048075,  382.27022101],
         [ 525.85463659,  373.54294828],
         [ 588.19229893,  402.21827296],
         [ 598.1663249 ,  419.67281841],
         [ 620.60788334,  423.41307815],
         [ 623.10138984,  390.99749373],
         [ 651.77671451,  379.77671451],
         [ 670.47801321,  399.72476646],
         [ 681.69879244,  397.23125997],
         [ 731.56892231,  397.23125997],
         [ 747.77671451,  368.55593529],
         [ 716.60788334,  366.0624288 ],
         [ 712.8676236 ,  353.59489633],
         [ 610.63385737,  296.24424698],
         [ 933.33515607,  390.68580542],
         [ 919.62087036,  395.04944179],
         [ 902.78970153,  389.43905218],
         [ 870.99749373,  355.77671451],
         [ 855.41307815,  358.89359763],
         [ 844.81567555,  361.38710412],
         [ 857.28320802,  370.11437685],
         [ 824.8676236 ,  370.11437685],
         [ 814.27022101,  381.9585327 ],
         [ 798.0624288 ,  378.84164958],
         [ 795.56892231,  367.62087036],
         [ 799.93255867,  357.64684438],
         [ 783.10138984,  364.50398724],
         [ 768.7637275 ,  358.89359763],
         [ 758.1663249 ,  380.08840283],
         [1016.8676236 ,  467.3611301 ],
         [1019.56892231,  405.9585327 ],
         [ 698.52996127,  406.27022101],
         [ 711.62087036,  398.78970153],
         [ 562.01048075,  254.78970153],
         [ 630.58190932,  327.72476646],
         [ 557.02346776,  300.91957166],
         [ 593.80268854,  316.50398724],
         [ 573.23125997,  395.04944179],
         [ 535.82866257,  385.07541581],
         [ 536.45203919,  371.3611301 ],
         [ 483.4650262 ,  373.23125997],
         [ 479.10138984,  390.68580542],
         [ 485.9585327 ,  397.54294828],
         [ 614.99749373,  418.11437685],
         [ 450.42606516,  377.75074049],
         [ 456.6598314 ,  368.71177945],
         [ 448.24424698,  362.78970153],
         [ 453.23125997,  360.29619503],
         [ 459.77671451,  357.49100023],
         [ 453.23125997,  354.0624288 ],
         [ 431.41307815,  344.71177945],
         [ 429.54294828,  361.54294828],
         [ 441.69879244,  366.52996127],
         [ 435.4650262 ,  371.82866257],
         [ 419.56892231,  373.07541581],
         [ 422.0624288 ,  381.17931192],
         [ 420.50398724,  392.71177945],
         [ 410.84164958,  383.98450672],
         [ 404.60788334,  374.01048075],
         [ 404.60788334,  364.03645477],
         [ 413.33515607,  355.30918205],
         [ 389.64684438,  375.56892231],
         [ 396.19229893,  365.90658464],
         [ 384.97151971,  369.02346776],
         [ 396.19229893,  353.75074049],
         [ 378.42606516,  348.45203919],
         [ 384.97151971,  362.47801321],
         [ 377.80268854,  356.24424698],
         [ 379.04944179,  365.28320802],
         [ 377.49100023,  376.19229893],
         [ 364.40009114,  374.63385737],
         [ 368.7637275 ,  398.01048075],
         [ 353.17931192,  379.62087036],
         [ 359.10138984,  370.27022101],
         [ 366.89359763,  364.03645477],
         [ 367.20528594,  357.17931192],
         [ 371.88061062,  355.30918205],
         [ 357.85463659,  361.23125997],
         [ 353.17931192,  359.67281841],
         [ 353.80268854,  346.27022101],
         [ 395.88061062,  361.23125997],
         [ 427.67281841,  368.71177945],
         [ 346.01048075,  354.99749373],
         [ 343.20528594,  360.60788334],
         [ 340.08840283,  355.93255867],
         [ 329.17931192,  353.75074049],
         [ 329.49100023,  365.90658464],
         [ 328.8676236 ,  377.75074049],
         [ 336.6598314 ,  389.90658464],
         [ 274.63385737,  389.12736386],
         [ 287.72476646,  385.38710412],
         [ 252.19229893,  376.6598314 ],
         [ 267.77671451,  376.6598314 ],
         [ 236.60788334,  384.14035088],
         [ 208.55593529,  379.77671451],
         [ 200.45203919,  404.08840283],
         [ 204.19229893,  482.63385737],
         [ 319.20528594,  346.58190932],
         [ 321.38710412,  354.68580542],
         [ 313.28320802,  357.49100023],
         [ 310.47801321,  348.14035088],
         [ 294.58190932,  350.32216906],
         [ 290.84164958,  355.30918205],
         [ 290.52996127,  363.41307815],
         [ 280.55593529,  359.04944179],
         [ 274.01048075,  356.24424698],
         [ 277.43905218,  353.12736386],
         [ 257.80268854,  355.93255867],
         [ 261.85463659,  364.34814308],
         [ 253.75074049,  361.85463659],
         [ 228.19229893,  357.49100023],
         [ 219.77671451,  359.98450672],
         [ 217.90658464,  364.34814308],
         [ 216.34814308,  357.49100023],
         [ 211.67281841,  361.85463659],
         [ 206.37411711,  364.6598314 ],
         [ 204.81567555,  358.11437685],
         [ 193.90658464,  358.11437685],
         [ 197.02346776,  366.21827296],
         [ 190.78970153,  375.56892231],
         [ 177.07541581,  378.0624288 ],
         [ 180.19229893,  362.47801321],
         [ 175.51697425,  359.67281841],
         [ 167.10138984,  359.04944179],
         [ 166.78970153,  369.9585327 ],
         [ 152.45203919,  369.9585327 ],
         [ 159.62087036,  361.85463659],
         [ 150.27022101,  361.23125997],
         [ 142.78970153,  366.21827296],
         [ 142.78970153,  377.12736386],
         [ 129.07541581,  373.38710412],
         [ 220.71177945,  383.67281841],
         [ 228.19229893,  385.85463659],
         [ 223.20528594,  358.11437685],
         [ 317.85463659,  381.17931192],
         [ 319.41307815,  369.02346776],
         [ 335.30918205,  353.75074049],
         [ 302.89359763,  366.84164958],
         [ 304.7637275 ,  371.82866257],
         [ 244.60788334,  358.42606516],
         [  72.97151971,  392.71177945],
         [  69.85463659,  374.32216906],
         [  80.45203919,  371.51697425],
         [ 106.32216906,  370.89359763],
         [ 103.20528594,  359.04944179],
         [  93.85463659,  348.45203919],
         [  90.11437685,  355.30918205],
         [  77.9585327 ,  350.32216906],
         [  65.49100023,  355.30918205],
         [  59.56892231,  351.25723399],
         [  52.40009114,  356.8676236 ],
         [  49.90658464,  350.32216906],
         [  61.12736386,  367.77671451],
         [  75.15333789,  365.59489633],
         [  52.71177945,  372.14035088],
         [  32.7637275 ,  372.7637275 ],
         [  31.51697425,  389.59489633],
         [  14.0624288 ,  383.98450672],
         [  13.12736386,  370.58190932],
         [  15.62087036,  359.04944179],
         [  18.73775347,  352.50398724],
         [  30.58190932,  348.45203919],
         [ 119.41307815,  368.40009114],
         [   4.40009114,  362.1663249 ],
         [   5.02346776,  343.77671451],
         [   8.45203919,  351.88061062],
         [ 644.29619503,  540.60788334],
         [ 636.81567555,  460.81567555],
         [ 586.94554568,  379.77671451],
         [ 630.58190932,  368.55593529],
         [ 618.73775347,  381.33515607],
         [ 948.50398724,  358.89359763],
         [ 883.04944179,  370.11437685],
         [ 768.97151971,  481.69879244],
         [  92.20828295,  376.08440682],
         [ 120.08440682,  399.61287835]]), array([[220]], dtype=uint8))]]
