[[(array([[ 207.65284715,  538.96953047],
         [ 118.65384615,  476.56793207],
         [  37.83866134,  467.36113886],
         [  70.57392607,  418.25824176],
         [  62.39010989,  367.10939061],
         [ 323.24925075,  561.47502498],
         [ 425.54695305,  694.46203796],
         [ 619.91258741,  654.56593407],
         [ 680.26823177,  616.71578422],
         [ 600.47602398,  524.64785215],
         [ 424.52397602,  473.499001  ],
         [ 426.56993007,  437.69480519],
         [ 455.21328671,  444.85564436],
         [ 226.06643357,  464.29220779],
         [ 242.43406593,  419.28121878],
         [ 157.52697303,  414.16633367],
         [ 109.44705295,  368.13236763],
         [ 131.95254745,  353.81068931],
         [ 201.51498501,  361.99450549],
         [ 234.25024975,  374.27022977],
         [  22.23826174,  388.59190809],
         [  21.72677323,  333.35114885],
         [  16.1003996 ,  352.27622378],
         [  25.30719281,  301.12737263],
         [   6.89360639,  329.25924076],
         [  37.58291708,  309.31118881],
         [  57.53096903,  312.89160839],
         [  86.68581419,  337.44305694],
         [ 112.77172827,  332.83966034],
         [ 103.05344655,  334.88561439],
         [ 109.7027972 ,  319.02947053],
         [  83.10539461,  305.21928072],
         [  76.45604396,  294.98951049],
         [  64.69180819,  294.98951049],
         [  51.39310689,  288.85164835],
         [  23.26123876,  268.9035964 ],
         [  14.05444555,  266.85764236],
         [  17.12337662,  278.62187812],
         [  10.47402597,  233.0994006 ],
         [  36.04845155,  225.93856144],
         [  47.81268731,  231.56493506],
         [  45.76673327,  248.44405594],
         [  54.97352647,  240.77172827],
         [  54.97352647,  227.47302697],
         [  58.04245754,  227.98451548],
         [  86.68581419,  223.38111888],
         [  95.89260739,  226.96153846],
         [ 114.30619381,  233.61088911],
         [ 109.19130869,  252.53596404],
         [ 119.42107892,  262.25424575],
         [ 112.77172827,  261.74275724],
         [ 126.58191808,  298.56993007],
         [ 137.32317682,  296.52397602],
         [ 137.83466533,  283.73676324],
         [ 150.62187812,  276.57592408],
         [ 153.17932068,  266.34615385],
         [ 153.17932068,  303.68481518],
         [ 161.87462537,  306.24225774],
         [ 146.01848152,  343.06943057],
         [ 168.52397602,  360.97152847],
         [ 173.63886114,  337.44305694],
         [ 198.19030969,  334.88561439],
         [ 186.93756244,  318.00649351],
         [ 195.63286713,  303.17332667],
         [ 183.86863137,  304.1963037 ],
         [ 171.08141858,  294.98951049],
         [ 169.03546454,  247.93256743],
         [ 186.93756244,  257.65084915],
         [ 197.16733267,  258.16233766],
         [ 203.81668332,  258.67382617],
         [ 204.83966034,  277.08741259],
         [ 208.93156843,  303.17332667],
         [ 216.09240759,  289.87462537],
         [ 223.76473526,  286.29420579],
         [ 216.6038961 ,  281.17932068],
         [ 217.62687313,  249.46703297],
         [ 210.46603397,  252.53596404],
         [ 242.17832168,  253.04745255],
         [ 246.27022977,  278.62187812],
         [ 229.39110889,  274.52997003],
         [ 226.83366633,  315.44905095],
         [ 233.48301698,  336.93156843],
         [ 254.96553447,  352.27622378],
         [ 274.91358641,  325.16733267],
         [ 247.29320679,  305.73076923],
         [ 250.36213786,  290.8976024 ],
         [ 259.56893107,  296.52397602],
         [ 283.60889111,  310.84565435],
         [ 283.0974026 ,  294.47802198],
         [ 281.56293706,  284.75974026],
         [ 274.91358641,  297.54695305],
         [ 258.54595405,  256.11638362],
         [ 269.28721279,  257.13936064],
         [ 288.72377622,  257.13936064],
         [ 286.16633367,  278.62187812],
         [ 309.69480519,  281.17932068],
         [ 300.9995005 ,  289.36313686],
         [ 308.67182817,  296.01248751],
         [ 301.51098901,  311.86863137],
         [ 301.51098901,  325.16733267],
         [ 313.78671329,  315.44905095],
         [ 317.36713287,  303.17332667],
         [ 332.2002997 ,  298.05844156],
         [ 337.31518482,  290.8976024 ],
         [ 346.52197802,  303.68481518],
         [ 343.96453546,  278.62187812],
         [ 329.13136863,  282.71378621],
         [ 325.03946054,  275.04145854],
         [ 285.65484515,  374.78171828],
         [ 321.97052947,  399.84465534],
         [ 344.98751249,  393.1953047 ],
         [ 342.43006993,  360.97152847],
         [ 371.07342657,  343.58091908],
         [ 363.91258741,  325.67882118],
         [ 362.88961039,  307.26523477],
         [ 359.82067932,  297.03546454],
         [ 372.0964036 ,  295.500999  ],
         [ 361.86663337,  288.34015984],
         [ 370.56193806,  279.13336663],
         [ 362.88961039,  274.52997003],
         [ 359.30919081,  264.81168831],
         [ 355.21728272,  261.23126873],
         [ 352.65984016,  270.94955045],
         [ 381.81468531,  278.62187812],
         [ 386.92957043,  272.48401598],
         [ 379.76873127,  258.16233766],
         [ 380.28021978,  250.49000999],
         [ 388.97552448,  247.42107892],
         [ 402.78571429,  266.34615385],
         [ 399.71678322,  278.11038961],
         [ 386.92957043,  283.73676324],
         [ 397.15934066,  289.87462537],
         [ 397.67082917,  310.84565435],
         [ 388.97552448,  304.1963037 ],
         [ 378.23426573,  319.54095904],
         [ 405.85464535,  337.95454545],
         [ 420.68781219,  337.95454545],
         [ 425.8026973 ,  313.91458541],
         [ 421.1993007 ,  297.54695305],
         [ 409.94655345,  305.21928072],
         [ 409.43506494,  291.92057942],
         [ 411.48101898,  282.2022977 ],
         [ 413.01548452,  275.04145854],
         [ 425.8026973 ,  276.57592408],
         [ 429.38311688,  273.50699301],
         [ 445.75074925,  263.27722278],
         [ 440.63586414,  252.53596404],
         [ 453.42307692,  247.93256743],
         [ 421.1993007 ,  247.93256743],
         [ 416.08441558,  247.93256743],
         [ 868.496004  ,  631.03746254],
         [ 922.71378621,  568.63586414],
         [ 997.39110889,  656.61188811],
         [ 958.51798202,  449.97052947],
         [ 815.3011988 ,  391.66083916],
         [ 948.54395604,  377.85064935],
         [1001.73876124,  439.74075924],
         [1015.54895105,  359.43706294],
         [ 979.23326673,  352.78771229],
         [ 963.88861139,  357.9025974 ],
         [ 916.32017982,  365.57492507],
         [ 895.86063936,  370.68981019],
         [ 848.29220779,  395.75274725],
         [ 894.83766234,  341.02347652],
         [ 902.50999001,  328.74775225],
         [ 885.11938062,  325.16733267],
         [ 866.70579421,  327.72477522],
         [ 837.55094905,  351.25324675],
         [ 786.4020979 ,  354.32217782],
         [ 793.56293706,  339.48901099],
         [ 762.36213786,  344.6038961 ],
         [ 729.62687313,  345.62687313],
         [ 738.83366633,  320.05244755],
         [ 756.73576424,  331.30519481],
         [ 752.13236763,  311.35714286],
         [ 778.72977023,  310.33416583],
         [ 703.54095904,  318.51798202],
         [ 681.54695305,  325.67882118],
         [ 650.34615385,  336.42007992],
         [ 637.55894106,  369.15534466],
         [ 619.14535465,  375.8046953 ],
         [ 632.95554446,  342.55794206],
         [ 640.62787213,  318.00649351],
         [ 594.08241758,  349.71878122],
         [ 593.57092907,  321.07542458],
         [ 593.05944056,  334.88561439],
         [ 573.11138861,  314.93756244],
         [ 561.85864136,  312.89160839],
         [ 547.53696304,  313.4030969 ],
         [ 530.65784216,  302.15034965],
         [ 557.76673327,  290.8976024 ],
         [ 547.53696304,  291.40909091],
         [ 572.08841159,  305.73076923],
         [ 584.36413586,  307.26523477],
         [ 595.10539461,  308.28821179],
         [ 587.43306693,  297.03546454],
         [ 585.38711289,  289.36313686],
         [ 575.66883117,  284.75974026],
         [ 583.85264735,  276.57592408],
         [ 582.31818182,  268.39210789],
         [ 572.5999001 ,  267.36913087],
         [ 567.9965035 ,  275.04145854],
         [ 564.41608392,  266.34615385],
         [ 567.48501499,  260.20829171],
         [ 558.27822178,  261.74275724],
         [ 553.67482517,  278.11038961],
         [ 544.97952048,  271.46103896],
         [ 540.88761239,  265.83466533],
         [ 531.68081918,  268.9035964 ],
         [ 533.72677323,  260.20829171],
         [ 550.60589411,  257.13936064],
         [ 545.49100899,  261.74275724],
         [ 539.86463536,  276.57592408],
         [ 539.35314685,  297.54695305],
         [ 529.63486513,  286.29420579],
         [ 609.42707293,  296.52397602],
         [ 617.61088911,  292.43206793],
         [ 601.75474525,  304.1963037 ],
         [ 600.22027972,  297.54695305],
         [ 604.82367632,  283.22527473],
         [ 604.31218781,  273.50699301],
         [ 603.8006993 ,  278.62187812],
         [ 600.73176823,  265.32317682],
         [ 593.57092907,  274.52997003],
         [ 588.45604396,  263.78871129],
         [ 582.31818182,  260.71978022],
         [ 592.03646354,  256.11638362],
         [ 616.58791209,  278.11038961],
         [ 626.81768232,  278.62187812],
         [ 626.30619381,  270.43806194],
         [ 623.74875125,  256.62787213],
         [ 617.0994006 ,  261.23126873],
         [ 622.72577423,  262.76573427],
         [ 643.18531469,  269.41508492],
         [ 637.55894106,  263.27722278],
         [ 633.46703297,  259.6968032 ],
         [ 650.34615385,  281.17932068],
         [ 649.32317682,  305.73076923],
         [ 625.28321678,  313.4030969 ],
         [ 681.54695305,  303.17332667],
         [ 674.38611389,  274.52997003],
         [ 764.91958042,  297.54695305],
         [ 754.17832168,  296.01248751],
         [ 719.3971029 ,  314.42607393],
         [ 721.44305694,  297.54695305],
         [ 706.60989011,  288.34015984],
         [ 713.25924076,  302.15034965],
         [ 688.1963037 ,  272.9955045 ],
         [ 684.61588412,  262.76573427],
         [ 689.73076923,  255.6048951 ],
         [ 659.04145854,  259.18531469],
         [ 654.94955045,  264.81168831],
         [ 649.83466533,  254.07042957],
         [ 819.64885115,  332.32817183],
         [ 838.57392607,  331.81668332],
         [ 836.01648352,  314.93756244],
         [ 826.80969031,  309.82267732],
         [ 804.3041958 ,  299.08141858],
         [ 821.69480519,  291.92057942],
         [ 782.82167832,  293.45504496],
         [ 775.66083916,  297.54695305],
         [ 727.06943057,  269.92657343],
         [ 709.16733267,  264.81168831],
         [ 704.56393606,  259.18531469],
         [ 716.83966034,  252.53596404],
         [ 729.11538462,  250.49000999],
         [ 739.85664336,  256.11638362],
         [ 920.92357642,  332.83966034],
         [ 934.22227772,  323.63286713],
         [ 961.33116883,  333.35114885],
         [ 985.37112887,  324.14435564],
         [ 968.49200799,  319.54095904],
         [ 977.18731269,  303.68481518],
         [ 972.58391608,  290.8976024 ],
         [ 946.498002  ,  315.44905095],
         [ 926.03846154,  316.47202797],
         [ 917.85464535,  307.26523477],
         [ 915.2972028 ,  293.45504496],
         [ 887.16533467,  309.31118881],
         [ 876.93556444,  308.7997003 ],
         [ 862.61388611,  309.31118881],
         [ 852.38411588,  311.35714286],
         [ 853.40709291,  301.12737263],
         [ 869.26323676,  292.94355644],
         [ 745.99450549,  272.9955045 ],
         [ 736.27622378,  298.05844156],
         [ 767.98851149,  287.31718282],
         [ 769.52297702,  267.36913087],
         [ 818.11438561,  268.39210789],
         [ 818.11438561,  283.73676324],
         [ 810.44205794,  270.43806194],
         [ 837.55094905,  272.48401598],
         [ 845.22327672,  259.6968032 ],
         [ 833.45904096,  259.18531469],
         [ 889.21128871,  282.71378621],
         [ 878.98151848,  282.2022977 ],
         [ 899.95254745,  285.27122877],
         [ 909.67082917,  276.06443556],
         [ 917.85464535,  282.71378621],
         [ 917.85464535,  272.48401598],
         [ 938.31418581,  272.9955045 ],
         [ 945.98651349,  270.43806194],
         [ 950.58991009,  277.08741259],
         [ 976.16433566,  275.55294705],
         [ 967.46903097,  301.63886114],
         [ 998.66983017,  281.69080919],
         [ 993.55494505,  276.57592408],
         [1007.87662338,  281.17932068],
         [ 997.64685315,  294.47802198],
         [ 992.53196803,  307.26523477],
         [1011.45704296,  315.96053946],
         [1020.15234765,  328.23626374]]), array([[312]], dtype=uint16))]]
