[[(array([[ 537.06306494,  514.41371429],
         [ 265.27085714,  625.37475325],
         [ 306.41371429,  579.24488312],
         [ 170.51761039,  549.32280519],
         [   7.19293506,  605.4267013 ],
         [  42.10202597,  561.79033766],
         [  53.32280519,  486.98514286],
         [ 116.90722078,  458.30981818],
         [  53.32280519,  429.63449351],
         [   9.68644156,  455.81631169],
         [  20.90722078,  425.89423377],
         [  14.67345455,  379.76436364],
         [ 664.2318961 ,  523.14098701],
         [ 716.59553247,  518.15397403],
         [ 760.2318961 ,  506.93319481],
         [ 786.41371429,  513.16696104],
         [ 765.21890909,  463.29683117],
         [ 741.5305974 ,  452.07605195],
         [ 712.85527273,  452.07605195],
         [ 719.08903896,  425.89423377],
         [ 716.59553247,  408.43968831],
         [ 681.68644156,  417.16696104],
         [ 659.24488312,  432.128     ],
         [ 640.54358442,  467.03709091],
         [ 606.88124675,  432.128     ],
         [ 631.81631169,  425.89423377],
         [ 628.07605195,  399.71241558],
         [ 571.97215584,  434.62150649],
         [ 467.24488312,  493.21890909],
         [ 459.76436364,  587.97215584],
         [ 330.10202597,  535.60851948],
         [ 387.45267532,  509.4267013 ],
         [ 282.7254026 ,  495.71241558],
         [ 232.85527273,  495.71241558],
         [ 171.76436364,  425.89423377],
         [ 110.67345455,  408.43968831],
         [  85.73838961,  373.5305974 ],
         [  43.34877922,  368.54358442],
         [  63.29683117,  348.59553247],
         [ 131.86825974,  348.59553247],
         [ 166.77735065,  371.03709091],
         [ 206.67345455,  399.71241558],
         [ 187.97215584,  388.49163636],
         [ 264.0241039 ,  414.67345455],
         [ 241.58254545,  397.21890909],
         [ 264.0241039 ,  388.49163636],
         [ 251.55657143,  364.80332468],
         [ 215.40072727,  368.54358442],
         [ 192.95916883,  362.30981818],
         [ 169.27085714,  342.36176623],
         [ 182.98514286,  348.59553247],
         [ 197.94618182,  331.14098701],
         [ 180.49163636,  323.66046753],
         [ 205.4267013 ,  347.34877922],
         [ 229.11501299,  347.34877922],
         [ 278.98514286,  351.08903896],
         [ 259.03709091,  348.59553247],
         [ 310.15397403,  356.07605195],
         [ 305.16696104,  399.71241558],
         [ 343.81631169,  409.68644156],
         [ 363.76436364,  418.41371429],
         [ 316.38774026,  447.08903896],
         [ 355.03709091,  479.50462338],
         [ 398.67345455,  434.62150649],
         [ 448.54358442,  455.81631169],
         [ 434.8292987 ,  419.66046753],
         [ 463.50462338,  405.94618182],
         [ 477.21890909,  427.14098701],
         [ 503.40072727,  420.90722078],
         [ 547.03709091,  405.94618182],
         [ 534.56955844,  383.50462338],
         [ 514.62150649,  374.77735065],
         [ 474.7254026 ,  374.77735065],
         [ 446.05007792,  373.5305974 ],
         [ 431.08903896,  383.50462338],
         [ 417.37475325,  402.20592208],
         [ 408.64748052,  388.49163636],
         [ 392.43968831,  366.05007792],
         [ 355.03709091,  373.5305974 ],
         [ 333.84228571,  384.75137662],
         [ 247.81631169,  332.38774026],
         [ 224.128     ,  337.37475325],
         [ 186.41371429,  336.59553247],
         [ 240.64748052,  327.86825974],
         [ 286.77735065,  335.66046753],
         [ 281.79033766,  333.16696104],
         [ 297.99812987,  340.33579221],
         [ 317.01111688,  337.84228571],
         [ 330.41371429,  341.27085714],
         [ 287.71241558,  377.73838961],
         [ 244.69942857,  341.89423377],
         [ 828.80332468,  561.79033766],
         [ 878.67345455,  548.07605195],
         [ 944.75137662,  545.58254545],
         [ 932.28384416,  496.95916883],
         [1017.06306494,  501.94618182],
         [1015.81631169,  472.0241039 ],
         [ 993.37475325,  470.77735065],
         [ 992.128     ,  425.89423377],
         [ 988.38774026,  397.21890909],
         [ 999.60851948,  371.03709091],
         [ 978.41371429,  388.49163636],
         [ 933.5305974 ,  423.40072727],
         [ 888.64748052,  463.29683117],
         [ 922.30981818,  453.32280519],
         [ 840.0241039 ,  467.03709091],
         [ 817.58254545,  425.89423377],
         [ 780.17994805,  417.16696104],
         [ 760.2318961 ,  408.43968831],
         [ 739.03709091,  397.21890909],
         [ 795.14098701,  377.27085714],
         [ 878.67345455,  382.25787013],
         [ 856.2318961 ,  379.76436364],
         [ 581.94618182,  403.45267532],
         [ 580.69942857,  388.49163636],
         [ 559.50462338,  379.76436364],
         [ 527.08903896,  359.81631169],
         [ 605.63449351,  534.36176623],
         [ 596.90722078,  371.03709091],
         [ 489.37475325,  342.20592208],
         [ 489.99812987,  331.29683117],
         [ 481.89423377,  328.17994805],
         [ 481.27085714,  335.66046753],
         [ 474.41371429,  337.84228571],
         [ 463.81631169,  335.66046753],
         [ 459.14098701,  345.63449351],
         [ 454.46566234,  333.47864935],
         [ 458.8292987 ,  327.24488312],
         [ 462.88124675,  324.75137662],
         [ 489.37475325,  324.75137662],
         [ 502.46566234,  332.85527273],
         [ 516.49163636,  334.10202597],
         [ 522.10202597,  332.2318961 ],
         [ 532.69942857,  339.40072727],
         [ 528.95916883,  349.37475325],
         [ 501.84228571,  368.38774026],
         [ 546.7254026 ,  347.19293506],
         [ 554.20592208,  339.08903896],
         [ 547.66046753,  335.66046753],
         [ 535.19293506,  332.85527273],
         [ 577.27085714,  348.75137662],
         [ 571.97215584,  362.77735065],
         [ 617.16696104,  379.29683117],
         [ 627.76436364,  373.99812987],
         [ 641.47864935,  388.95916883],
         [ 662.98514286,  388.64748052],
         [ 667.66046753,  373.37475325],
         [ 679.50462338,  383.03709091],
         [ 664.85527273,  359.03709091],
         [ 649.89423377,  362.46566234],
         [ 635.55657143,  363.08903896],
         [ 617.79033766,  356.54358442],
         [ 612.49163636,  345.94618182],
         [ 597.84228571,  345.94618182],
         [ 589.73838961,  340.0241039 ],
         [ 581.01111688,  337.21890909],
         [ 569.16696104,  341.27085714],
         [ 561.68644156,  340.0241039 ],
         [ 604.69942857,  337.84228571],
         [ 618.7254026 ,  334.10202597],
         [ 616.2318961 ,  335.66046753],
         [ 630.56955844,  335.66046753],
         [ 624.64748052,  341.27085714],
         [ 647.08903896,  343.14098701],
         [ 653.32280519,  336.59553247],
         [ 678.88124675,  340.0241039 ],
         [ 661.73838961,  345.94618182],
         [ 679.50462338,  356.2318961 ],
         [ 657.06306494,  410.77735065],
         [ 518.98514286,  400.17994805],
         [ 604.07605195,  398.62150649],
         [ 470.98514286,  332.2318961 ],
         [ 696.64748052,  396.128     ],
         [ 706.62150649,  377.73838961],
         [ 720.95916883,  375.86825974],
         [ 731.24488312,  379.92020779],
         [ 745.27085714,  378.36176623],
         [ 757.11501299,  385.21890909],
         [ 777.99812987,  389.27085714],
         [ 797.63449351,  396.128     ],
         [ 823.19293506,  393.94618182],
         [ 829.4267013 ,  384.59553247],
         [ 813.84228571,  368.38774026],
         [ 827.86825974,  365.27085714],
         [ 839.08903896,  365.58254545],
         [ 839.08903896,  389.58254545],
         [ 788.59553247,  360.28384416],
         [ 784.54358442,  367.76436364],
         [ 773.32280519,  374.30981818],
         [ 770.20592208,  364.95916883],
         [ 774.25787013,  359.66046753],
         [ 765.5305974 ,  371.19293506],
         [ 754.93319481,  369.32280519],
         [ 744.0241039 ,  366.8292987 ],
         [ 734.36176623,  364.64748052],
         [ 717.21890909,  361.21890909],
         [ 708.17994805,  355.29683117],
         [ 697.27085714,  357.47864935],
         [ 725.01111688,  357.47864935],
         [ 719.71241558,  348.43968831],
         [ 725.01111688,  345.32280519],
         [ 714.10202597,  345.63449351],
         [ 708.49163636,  346.56955844],
         [ 706.93319481,  343.14098701],
         [ 697.89423377,  346.88124675],
         [ 688.2318961 ,  344.38774026],
         [ 767.08903896,  349.68644156],
         [ 768.64748052,  347.50462338],
         [ 759.60851948,  349.99812987],
         [ 753.99812987,  350.93319481],
         [ 739.03709091,  346.88124675],
         [ 787.66046753,  353.11501299],
         [ 796.38774026,  351.55657143],
         [ 802.30981818,  355.92020779],
         [ 807.60851948,  355.92020779],
         [ 815.08903896,  353.73838961],
         [ 824.128     ,  358.10202597],
         [ 834.10202597,  351.55657143],
         [ 829.73838961,  349.99812987],
         [ 848.43968831,  358.10202597],
         [ 850.30981818,  362.77735065],
         [ 847.50462338,  375.55657143],
         [ 869.94618182,  377.73838961],
         [ 893.32280519,  388.95916883],
         [ 912.0241039 ,  377.73838961],
         [ 900.80332468,  364.95916883],
         [ 906.10202597,  365.58254545],
         [ 918.56955844,  364.0241039 ],
         [ 902.05007792,  355.29683117],
         [ 897.06306494,  355.29683117],
         [ 887.71241558,  353.11501299],
         [ 870.56955844,  354.36176623],
         [ 854.36176623,  354.67345455],
         [ 857.16696104,  359.03709091],
         [ 840.64748052,  354.36176623],
         [ 839.08903896,  349.68644156],
         [ 803.24488312,  348.43968831],
         [ 850.30981818,  350.93319481],
         [ 913.27085714,  354.36176623],
         [ 908.90722078,  353.11501299],
         [ 921.99812987,  376.17994805],
         [ 890.8292987 ,  418.25787013],
         [ 878.05007792,  434.46566234],
         [ 874.7254026 ,  366.51761039],
         [ 865.68644156,  360.59553247],
         [ 893.4267013 ,  369.63449351],
         [ 927.08903896,  355.92020779],
         [ 921.47864935,  352.17994805],
         [ 917.4267013 ,  352.17994805],
         [ 913.68644156,  351.24488312],
         [ 946.41371429,  372.43968831],
         [ 933.01111688,  368.69942857],
         [ 969.47864935,  378.98514286],
         [ 975.08903896,  369.01111688],
         [ 986.93319481,  371.50462338],
         [ 981.01111688,  373.68644156],
         [ 990.05007792,  360.28384416],
         [ 982.88124675,  357.79033766],
         [ 973.84228571,  358.10202597],
         [ 967.60851948,  361.5305974 ],
         [ 962.30981818,  359.97215584],
         [ 952.64748052,  358.10202597],
         [ 944.2318961 ,  360.59553247],
         [ 934.88124675,  360.28384416],
         [ 942.05007792,  353.4267013 ],
         [ 936.75137662,  351.24488312],
         [ 931.45267532,  351.55657143],
         [ 914.62150649,  360.28384416],
         [ 949.84228571,  352.80332468],
         [ 966.36176623,  352.80332468],
         [ 971.03709091,  354.36176623],
         [ 993.16696104,  355.60851948],
         [ 993.47864935,  382.10202597],
         [ 947.66046753,  353.73838961],
         [ 956.69942857,  364.33579221],
         [ 959.81631169,  413.58254545],
         [ 968.2318961 ,  399.55657143],
         [ 900.17994805,  387.40072727],
         [1019.24488312,  394.93028571],
         [1021.4267013 ,  365.63158442]]), array([[280]], dtype=uint16))]]
