[[(array([[ 127.63349976,  346.89122145],
         [ 182.47602574,  341.97995047],
         [ 245.50400335,  322.33486653],
         [ 685.88130152,  362.44357956],
         [ 595.02278833,  367.35485055],
         [ 578.65188505,  323.97195686],
         [ 523.80935907,  322.33486653],
         [ 514.80536227,  336.25013432],
         [ 483.70064604,  314.96796006],
         [ 498.43445899,  274.85924703],
         [ 473.87810407,  265.03670506],
         [ 447.68465883,  270.76652121],
         [ 437.86211686,  284.681789  ],
         [   6.4888155 ,  233.11344367],
         [  14.67426714,  276.49633736],
         [  26.13389944,  287.95596965],
         [  11.40008649,  255.2141631 ],
         [   4.03318001,  295.32287613],
         [  51.50879952,  323.97195686],
         [  22.04117362,  331.33886334],
         [  61.33134148,  335.43158915],
         [  77.70224476,  316.60505039],
         [  52.32734468,  296.95996645],
         [ 100.62150935,  306.78250842],
         [ 110.44405132,  270.76652121],
         [  97.34732869,  255.2141631 ],
         [  62.96843181,  243.7545308 ],
         [  45.77898337,  246.21016629],
         [  35.13789624,  243.7545308 ],
         [  29.40808009,  233.11344367],
         [  58.05716083,  220.01672105],
         [  80.15788025,  229.83926302],
         [ 116.17386746,  227.38362752],
         [ 168.56075795,  205.2829081 ],
         [ 152.18985467,  206.91999843],
         [ 150.55276435,  230.65780818],
         [ 166.10512246,  227.38362752],
         [ 159.55676115,  236.38762433],
         [ 148.09712885,  249.48434695],
         [ 166.10512246,  274.04070186],
         [ 126.81495459,  257.66979859],
         [ 133.3633159 ,  240.48035015],
         [ 157.91967082,  306.78250842],
         [ 216.03637746,  278.95197285],
         [ 205.39529033,  282.2261535 ],
         [ 221.7661936 ,  259.30688892],
         [ 234.86291622,  255.2141631 ],
         [ 228.31455491,  239.66180498],
         [ 213.58074196,  246.21016629],
         [ 205.39529033,  244.57307597],
         [ 195.57274836,  238.02471465],
         [ 184.93166123,  238.02471465],
         [ 205.39529033,  221.65381138],
         [ 186.56875156,  219.19817589],
         [ 181.65748057,  215.92399523],
         [ 185.75020639,  202.00872744],
         [ 203.7582    ,  201.19018228],
         [ 234.04437106,  202.00872744],
         [ 225.04037426,  224.10944687],
         [ 240.59273237,  224.92799203],
         [ 253.68945499,  224.92799203],
         [ 251.2338195 ,  238.84325982],
         [ 256.14509048,  263.39961473],
         [ 246.32254852,  259.30688892],
         [ 264.33054212,  293.6857858 ],
         [ 279.06435507,  305.14541809],
         [ 288.06835188,  286.31887932],
         [ 270.06035827,  265.03670506],
         [ 272.51599376,  250.30289211],
         [ 297.89089384,  260.94397924],
         [ 288.88689704,  257.66979859],
         [ 292.1610777 ,  242.11744047],
         [ 285.61271638,  229.83926302],
         [ 270.06035827,  233.11344367],
         [ 274.15308409,  211.01272425],
         [ 259.41927114,  213.46835974],
         [ 265.96763245,  196.2789113 ],
         [ 273.33453893,  184.819279  ],
         [ 299.52798417,  219.19817589],
         [ 288.88689704,  210.19417908],
         [ 319.99161327,  212.64981457],
         [ 317.53597778,  220.01672105],
         [ 326.53997458,  222.47235654],
         [ 317.53597778,  224.92799203],
         [ 310.1690713 ,  255.2141631 ],
         [ 326.53997458,  247.84725662],
         [ 327.76779232,  202.21336374],
         [ 332.67906331,  198.5299105 ],
         [ 345.77578593,  199.34845566],
         [ 353.1426924 ,  205.89681697],
         [ 344.1386956 ,  215.31008636],
         [ 328.17706491,  212.0359057 ],
         [ 338.40887945,  241.5035316 ],
         [ 335.95324396,  259.10225262],
         [ 323.6750665 ,  274.24533816],
         [ 230.77019041,  210.80808796],
         [ 218.49201295,  210.39881537],
         [ 243.04836786,  210.39881537],
         [ 359.69105371,  239.45716869],
         [ 356.41687306,  258.69298004],
         [ 378.1083199 ,  234.13662513],
         [ 387.1123167 ,  238.63862353],
         [ 382.6103183 ,  227.9975364 ],
         [ 357.23541822,  218.99353959],
         [ 371.96923117,  210.80808796],
         [ 378.92686507,  209.17099763],
         [ 363.37450695,  197.30209275],
         [ 361.32814404,  187.0702782 ],
         [ 349.04996658,  190.34445886],
         [ 339.22742462,  184.61464271],
         [ 331.04197298,  180.52191689],
         [ 297.48162126,  185.84246046],
         [ 350.27778433,  186.66100562],
         [ 401.84612965,  207.5339073 ],
         [ 389.15867961,  203.44118148],
         [ 398.98122158,  256.64661713],
         [ 413.71503453,  205.89681697],
         [ 405.93885547,  210.39881537],
         [ 401.43685707,  200.16700083],
         [ 394.88849576,  197.30209275],
         [ 416.17067002,  190.75373144],
         [ 419.85412326,  200.57627341],
         [ 439.08993461,  195.25572984],
         [ 433.76939104,  193.61863951],
         [ 422.71903133,  187.47955079],
         [ 430.90448297,  184.20537013],
         [ 510.71263645,  182.97755238],
         [ 533.63190104,  212.0359057 ],
         [ 150.96203693,  280.79369947],
         [ 136.22822398,  228.40680898],
         [ 287.24980671,  364.08066989],
         [ 340.45524236,  328.06468268],
         [ 329.81415523,  316.60505039],
         [ 379.74541023,  326.42759235],
         [ 432.13230072,  350.1654021 ],
         [ 424.76539424,  332.1574085 ],
         [ 652.3209498 ,  301.05269227],
         [ 674.42166922,  319.87923104],
         [ 629.40168521,  328.06468268],
         [ 690.7925725 ,  335.43158915],
         [ 698.97802414,  305.14541809],
         [ 713.71183709,  313.33086973],
         [ 740.7238275 ,  345.25413112],
         [ 748.90927913,  319.87923104],
         [ 804.57035028,  339.52431497],
         [ 788.199447  ,  341.97995047],
         [ 838.94924716,  361.6250344 ],
         [ 816.84852774,  350.1654021 ],
         [ 907.70704092,  359.16939891],
         [ 958.45684108,  341.1614053 ],
         [ 860.23142142,  326.42759235],
         [ 834.85652134,  296.95996645],
         [ 821.75979872,  316.60505039],
         [ 804.57035028,  272.40361154],
         [ 822.57834388,  273.2221567 ],
         [ 855.32015044,  282.2261535 ],
         [ 874.14668921,  265.03670506],
         [ 843.04197298,  260.94397924],
         [ 446.0475685 ,  208.55708876],
         [ 374.83413925,  202.82727261],
         [ 586.01879152,  269.12943088],
         [ 615.48641742,  257.66979859],
         [ 930.62630551,  280.58906318],
         [ 937.99321199,  268.31088572],
         [ 953.5455701 ,  274.85924703],
         [1005.11391543,  293.6857858 ],
         [1020.66627354,  282.2261535 ],
         [1010.84373157,  262.58106957],
         [1001.02118961,  273.2221567 ],
         [1001.02118961,  253.57707277],
         [ 973.19065403,  255.2141631 ],
         [ 958.45684108,  245.39162113],
         [ 939.63030232,  251.12143728],
         [ 932.26339584,  242.11744047],
         [ 906.88849576,  259.30688892],
         [ 925.71503453,  337.06867948],
         [ 971.55356371,  295.32287613],
         [ 977.28337985,  287.95596965],
         [ 987.92446698,  276.49633736],
         [ 737.44964684,  253.57707277],
         [ 694.88529832,  272.40361154],
         [ 651.50240463,  282.2261535 ],
         [ 640.8613175 ,  247.84725662],
         [ 653.95804013,  249.48434695],
         [ 608.93805611,  231.47635334],
         [ 634.31295619,  231.47635334],
         [ -86.00678801,  348.52831178],
         [ 656.41367562,  203.13422704],
         [ 636.56395539,  192.49313991],
         [ 622.64868761,  205.58986254],
         [ 632.88050216,  206.20377141],
         [ 613.8493271 ,  211.31967868],
         [ 599.93405931,  205.79449883],
         [ 597.27378753,  193.51632137],
         [ 588.26979072,  198.63222864],
         [ 614.87250855,  189.62823184],
         [ 617.53278033,  189.62823184],
         [ 603.82214884,  194.94877541],
         [ 649.04676914,  192.08386733],
         [ 643.1123167 ,  189.62823184],
         [ 637.99640943,  184.71696086],
         [ 629.19704892,  196.99513832],
         [ 622.23941503,  197.60904719],
         [ 620.19305212,  194.53950282],
         [ 649.45604172,  231.3740352 ],
         [ 666.03158129,  231.98794407],
         [ 681.58393941,  228.50912712],
         [ 672.37530631,  202.72495446],
         [ 666.03158129,  206.20377141],
         [ 664.59912726,  199.86004639],
         [ 659.89249256,  192.49313991],
         [ 653.13949496,  195.35804799],
         [ 655.59513045,  189.01432297],
         [ 671.55676115,  186.96796006],
         [ 672.78457889,  194.74413911],
         [ 663.37130951,  192.9024125 ],
         [ 706.14029432,  233.42039811],
         [ 717.39529033,  237.71776022],
         [ 689.36011846,  236.08066989],
         [ 742.36091782,  227.48594567],
         [ 736.0171928 ,  230.55549003],
         [ 729.67346778,  232.80648923],
         [ 760.77818401,  235.67139731],
         [ 763.43845579,  246.92639331],
         [ 753.82055012,  247.74493848],
         [ 743.79337186,  250.40521026],
         [ 765.07554612,  208.45477061],
         [ 749.11391543,  220.32367549],
         [ 748.29537026,  207.02231657],
         [ 757.29936706,  204.77131737],
         [ 737.44964684,  194.33486653],
         [ 736.83573797,  188.60505039],
         [ 726.19465084,  204.1574085 ],
         [ 726.80855971,  218.48194887],
         [ 711.05156531,  198.42759235],
         [ 714.12110967,  189.62823184],
         [ 709.20983869,  189.62823184],
         [ 701.22902334,  192.08386733],
         [ 684.44884748,  194.33486653],
         [ 678.30975875,  194.13023024],
         [ 680.56075795,  188.1957778 ],
         [ 693.24820799,  190.446777  ],
         [ 694.88529832,  199.6554101 ],
         [ 689.76939104,  204.1574085 ],
         [ 695.08993461,  210.50113352],
         [ 706.5495669 ,  214.38922305],
         [ 709.82374756,  219.9144029 ],
         [ 765.28018241,  199.6554101 ],
         [ 757.29936706,  199.86004639],
         [ 753.20664124,  188.1957778 ],
         [ 743.79337186,  188.40041409],
         [ 719.64628953,  191.26532217],
         [ 679.5375765 ,  208.45477061],
         [ 684.24421119,  203.54349963],
         [ 622.8533239 ,  189.83286813],
         [ 614.46323597,  239.15021425],
         [ 627.76459488,  255.62343568],
         [ 628.17386746,  228.20217269],
         [ 821.35052614,  210.19417908],
         [ 836.08433909,  210.19417908],
         [ 863.09632949,  213.05908716],
         [ 885.6063215 ,  206.10145326],
         [ 879.46723277,  246.21016629],
         [ 862.27778433,  239.66180498],
         [ 858.18505851,  246.21016629],
         [ 844.26979072,  234.750534  ],
         [ 834.03797618,  243.34525822],
         [ 799.24980671,  247.02871146],
         [ 808.25380351,  256.44198084],
         [ 813.1650745 ,  229.83926302],
         [ 827.08034228,  232.70417109],
         [ 800.06835188,  220.42599363],
         [ 789.01799216,  226.15580978],
         [ 780.83254052,  229.83926302],
         [ 744.40728073,  200.7809097 ],
         [ 752.18345979,  202.00872744],
         [ 756.68545819,  194.23254839],
         [ 748.50000655,  195.46036613],
         [ 726.80855971,  198.73454679],
         [ 725.58074196,  191.36764031],
         [ 789.42726475,  197.09745646],
         [ 781.24181311,  190.54909515],
         [ 775.10272438,  192.18618548],
         [ 771.00999856,  192.59545806],
         [ 766.09872758,  190.13982257],
         [ 802.52398737,  193.00473064],
         [ 809.48162126,  198.32527421],
         [ 824.21543421,  199.14381937],
         [ 795.97562606,  208.96636134],
         [ 784.10672118,  217.15181298],
         [ 844.67906331,  218.7889033 ],
         [ 856.1386956 ,  213.46835974],
         [ 874.55596179,  235.56907916],
         [ 791.06435507,  278.95197285],
         [ 692.83893541,  250.71216469],
         [ 701.02438705,  256.85125342],
         [ 691.61111766,  230.2485356 ],
         [ 707.16347578,  204.87363552],
         [ 753.41127754,  230.2485356 ],
         [ 773.46563405,  197.91600162],
         [ 754.63909528,  215.10545007],
         [ 730.90128553,  212.24054199],
         [ 338.81815204,  248.2565292 ],
         [ 284.73733916,  189.52570926],
         [ 905.1729036 ,  232.49074423],
         [ 916.42565085,  232.49074423]]), array([[306]], dtype=uint16))]]
