[[(array([[  45.75419364,   54.02811585],
         [  44.11710331,   74.08247237],
         [   5.64548061,   70.80829171],
         [   5.64548061,   56.89302393],
         [  82.99799859,   67.12483848],
         [ 112.87489707,   76.94738044],
         [ 117.78616806,   59.757932  ],
         [ 107.96362609,  128.92499835],
         [  92.0019954 ,   99.45737245],
         [  55.5767356 ,  109.689187  ],
         [  52.30255495,  130.97136126],
         [  10.14747901,  116.64682089],
         [  24.0627468 ,  102.32228052],
         [  22.01638389,   83.49574175],
         [  62.94364208,   97.82028212],
         [ 123.51598421,   74.90101753],
         [ 158.71342625,   90.86264823],
         [ 165.67106014,  109.27991441],
         [ 198.82213928,  107.2335515 ],
         [ 195.13868604,   64.2599304 ],
         [ 169.35451338,   66.71556589],
         [ 213.55595223,   57.71156909],
         [ 188.18105215,   38.47575774],
         [ 114.5119874 ,  177.21916302],
         [ 109.19144384,  151.02571777],
         [  80.95163568,  179.67479851],
         [  97.32253896,  146.93299195],
         [  56.39528077,  171.48934687],
         [  23.65347421,  165.35025814],
         [  42.88928556,  214.46296797],
         [  80.5423631 ,  232.47096158],
         [  90.77417765,  251.70677293],
         [ 149.30015687,  247.20477453],
         [ 187.36250699,  217.32787605],
         [ 170.17305855,  218.96496637],
         [ 203.32413768,  223.87623736],
         [ 198.4128667 ,  177.21916302],
         [ 163.21542465,  167.39662105],
         [ 148.07233912,  131.78990642],
         [  38.79655974,  287.31348756],
         [   8.51038868,  324.55729251],
         [ 255.30175559,   49.11684487],
         [ 223.78776678,   40.52212065],
         [ 271.67265887,   59.757932  ],
         [ 265.12429755,  102.7315531 ],
         [ 274.94683952,  115.00973056],
         [ 224.19703936,  116.64682089],
         [ 224.60631194,   87.17919499],
         [ 306.46082833,  132.199179  ],
         [ 317.92046062,  106.41500634],
         [ 335.10990907,   85.13283208],
         [ 324.46882193,   46.2519368 ],
         [ 359.66626398,   56.89302393],
         [ 402.63988508,   59.34865942],
         [ 434.15387389,   42.15921098],
         [ 407.55115607,  173.1264372 ],
         [ 390.36170763,  143.6588113 ],
         [ 360.07553656,  151.02571777],
         [ 313.41846222,  152.6628081 ],
         [ 334.2913639 ,  130.15281609],
         [ 394.86370603,   99.45737245],
         [ 383.40407373,  118.6931838 ],
         [ 448.88768684,  139.97535806],
         [ 475.08113209,  203.00333568],
         [ 435.79096422,  235.33586965],
         [ 458.71022881,  258.25513424],
         [ 500.04675958,  265.21276813],
         [ 504.54875799,  187.04170498],
         [ 499.637487  ,  137.92899515],
         [ 484.90367405,  152.25353552],
         [ 439.06514488,   76.94738044],
         [ 464.84931754,   59.34865942],
         [ 500.86530475,   63.44138524],
         [ 470.98840627,   37.65721258],
         [ 427.60551258,  272.57967461],
         [ 458.30095623,  309.0049344 ],
         [ 459.93804656,  338.88183288],
         [ 429.24260291,  328.24074575],
         [ 422.28496902,  322.5109296 ],
         [ 422.28496902,  309.82347956],
         [ 400.59352217,  317.59965862],
         [ 390.77098021,  327.012928  ],
         [ 374.40007693,  276.26312784],
         [ 351.48081234,  302.86584567],
         [ 367.03317046,  238.20077772],
         [ 350.66226718,  200.95697277],
         [ 332.65427357,  255.39022616],
         [ 321.19464128,  230.42459867],
         [ 296.22901378,  227.96896318],
         [ 283.54156374,  244.74913903],
         [ 270.03556854,  247.20477453],
         [ 310.14428157,  306.54929891],
         [ 293.36410571,  304.502936  ],
         [ 282.313746  ,  302.86584567],
         [ 322.83173161,  323.73874735],
         [ 486.1314918 ,  323.32947477],
         [ 123.92525679,  231.65241641],
         [ 117.37689548,  309.0049344 ],
         [  71.5383663 ,  303.27511825],
         [  27.74620003,  278.30949075],
         [   5.23620803,  252.93459067],
         [   4.41766286,  233.28950674],
         [ 239.34012489,  108.05209667],
         [ 396.09152377,  202.18479051],
         [ 367.85171562,  208.73315182],
         [ 103.87090027,  329.87783608],
         [  80.95163568,  316.78111346],
         [  53.53037269,  328.24074575],
         [ 166.48960531,  319.23674895],
         [ 172.21942146,  303.68439083],
         [ 184.08832633,  332.74274415],
         [ 208.23540867,  316.37184087],
         [ 199.64068444,  323.32947477],
         [ 233.20103616,  323.32947477],
         [ 241.79576038,  301.63802792],
         [ 257.3481185 ,  207.91460666],
         [ 236.8844894 ,  212.41660506],
         [ 232.382491  ,  180.08407109],
         [ 253.66466526,  165.35025814],
         [ 537.29056454,  260.79924031],
         [ 550.79655974,  248.52106285],
         [ 545.47601618,  206.77525949],
         [ 589.26818245,  234.19652248],
         [ 593.77018085,  261.20851289],
         [ 588.44963728,  290.26686621],
         [ 595.81654376,  313.18613079],
         [ 581.49200339,  319.73449211],
         [ 543.42965327,  311.13976788],
         [ 522.96602417,  321.78085502],
         [ 513.55275479,  310.32122272],
         [ 559.80055655,  169.94072712],
         [ 543.02038069,  129.83201409],
         [ 583.5383663 ,  110.59620274],
         [ 607.68544863,  143.74728187],
         [ 608.09472122,  176.48908843],
         [ 614.23380994,  225.60179826],
         [ 640.42725519,  244.42833703],
         [ 650.24979715,  270.21250969],
         [ 649.43125199,  281.2628694 ],
         [ 627.33053257,  295.99668235],
         [ 637.9716197 ,  318.50667436],
         [ 710.82213928,  304.59140657],
         [ 721.87249899,   73.35239778],
         [ 584.76618405,   67.62258163],
         [ 636.33452937,  121.23728987],
         [ 678.89887789,  122.05583503],
         [ 656.38888588,  156.43473191],
         [ 675.62469723,  174.03345294],
         [ 645.33852617,  223.55543535],
         [ 669.48560851,  221.09979986],
         [ 714.09631994,  267.34760162],
         [ 695.67905375,  264.89196613],
         [ 714.9148651 ,  201.04544334],
         [ 763.20902977,  214.14216597],
         [ 683.81014887,  174.44272552],
         [ 703.45523281,  134.74328507],
         [ 710.00359412,  118.37238179],
         [ 742.74540067,  126.14856085],
         [ 740.69903776,  138.42673831],
         [ 755.02357813,  124.9207431 ],
         [ 743.15467325,   82.35639458],
         [ 754.20503297,   74.58021553],
         [ 765.25539268,   92.17893655],
         [ 793.49520083,   70.48748971],
         [ 785.30974919,  102.00147852],
         [ 791.44883792,  120.4187447 ],
         [ 808.22901378,   84.81203008],
         [ 836.05954935,   82.35639458],
         [ 844.24500099,   90.54184622],
         [ 871.2569914 ,   79.08221393],
         [ 871.2569914 ,   95.45311721],
         [ 911.36570443,   90.54184622],
         [ 909.31934152,   76.21730585],
         [ 961.70623201,   84.81203008],
         [ 936.74060451,   67.62258163],
         [1011.22821442,  108.95911241],
         [1012.04675958,  138.42673831],
         [ 986.6718595 ,  151.52346093],
         [ 972.34731914,  159.29963999],
         [ 989.94604016,  199.40835302],
         [ 976.84931754,  189.99508363],
         [1017.77657573,  192.85999171],
         [ 993.22022082,  262.02705805],
         [ 962.11550459,  214.14216597],
         [ 945.33532873,  219.87198211],
         [ 927.32733512,  165.02945613],
         [ 919.14188349,  130.65055925],
         [ 867.16426558,  175.67054326],
         [ 846.2913639 ,  150.70491577],
         [ 826.23700739,  136.78964798],
         [ 781.62629596,  146.20291737],
         [ 811.50319444,  151.52346093],
         [ 775.07793464,  162.57382064],
         [ 783.67265887,  195.3156272 ],
         [ 821.73500899,  195.72489978],
         [ 906.45443345,  196.54344494],
         [ 906.86370603,  179.3539965 ],
         [ 937.55914967,  226.82961601],
         [1000.17785471,  247.2932451 ],
         [ 988.71822241,  136.3803754 ],
         [ 963.75259492,  104.86638659],
         [ 970.30095623,  153.97909642],
         [1012.04675958,  331.60339698],
         [1010.00039668,  315.64176629],
         [ 933.46642385,  301.7264985 ],
         [ 966.61750299,  350.83920833],
         [ 956.38568844,  308.68413239],
         [ 926.09951738,  257.11578707],
         [ 891.7206205 ,  241.15415637],
         [ 895.40407373,  283.7185049 ],
         [ 869.21062849,  236.24288539],
         [ 855.2953607 ,  212.91434822],
         [ 834.42245903,  264.48269354],
         [ 852.83972521,  322.59940018],
         [ 845.06354616,  323.00867276],
         [ 863.48081234,  347.56502768],
         [ 831.96682353,  357.38756964],
         [ 807.41046862,  330.37557924],
         [ 802.90847022,  299.68013559],
         [ 779.98920563,  273.89596293],
         [ 801.27137989,  241.15415637],
         [ 818.05155575,  245.65615478],
         [ 751.34012489,  293.95031944],
         [ 751.34012489,  277.17014358],
         [ 672.75978916,  338.97030346],
         [ 617.91726318,  334.46830506],
         [ 618.32653576,  354.52266157],
         [ 732.92285871,  341.42593895],
         [ 764.02757493,  341.01666637],
         [ 728.83013289,  319.73449211],
         [ 972.34731914,  311.54904047],
         [ 969.07313848,  267.7568742 ],
         [  58.44164368,  630.37238179],
         [  35.93165167,  610.31802528],
         [  91.18345023,  613.59220593],
         [  73.99400179,  543.19732184],
         [  50.66546462,  540.74168635],
         [  25.29056454,  571.84640258],
         [   4.82693544,  562.02386061],
         [  34.70383393,  524.78005565],
         [  35.52237909,  492.85679426],
         [  25.69983712,  433.92154247],
         [  65.39927757,  429.82881665],
         [  86.27217925,  422.87118275],
         [ 100.59671962,  460.52426029],
         [  94.45763089,  442.92553927],
         [   6.05475319,  539.92314119],
         [ 141.52397781,  606.63457204],
         [ 189.81814248,  597.63057524],
         [ 204.55195543,  628.32601888],
         [ 237.29376198,  614.4107511 ],
         [ 247.11630395,  634.8743802 ],
         [ 276.58392985,  623.4147479 ],
         [ 277.40247501,  594.35639458],
         [ 249.16266686,  556.29404446],
         [ 236.06594424,  589.03585102],
         [ 236.06594424,  526.0078734 ],
         [ 190.63668764,  526.82641856],
         [ 127.19943744,  520.27805725],
         [ 142.34252297,  526.82641856],
         [  93.22981314,  526.82641856],
         [ 112.87489707,  553.42913639],
         [ 159.53197142,  444.5626296 ],
         [ 124.74380195,  424.50827308],
         [ 137.43125199,  415.91354886],
         [ 124.33452937,  398.31482784],
         [ 164.85251498,  378.6697439 ],
         [ 150.52797461,  368.02865677],
         [ 166.89887789,  406.90955206],
         [ 179.58632793,  427.37318115],
         [ 213.55595223,  406.90955206],
         [ 210.69104416,  456.84080705],
         [ 193.09232313,  492.85679426],
         [ 267.98920563,  446.19971992],
         [ 224.19703936,  403.22609882],
         [ 196.77577637,  388.08301329],
         [ 266.3521153 ,  377.03265358],
         [ 290.90847022,  413.86718595],
         [ 311.78137189,  452.74808123],
         [ 331.83572841,  426.96390857],
         [ 330.19863808,  384.39956005],
         [ 360.89408173,  369.6657471 ],
         [ 306.46082833,  371.30283743],
         [ 375.21862209,  431.46590697],
         [ 375.21862209,  452.74808123],
         [ 363.34971722,  476.89516357],
         [ 360.07553656,  498.58661041],
         [ 360.89408173,  523.14296533],
         [ 306.05155575,  530.5098718 ],
         [ 288.04356214,  530.5098718 ],
         [ 330.60791066,  617.27565917],
         [ 353.93644783,  612.36438819],
         [ 380.12989308,  611.54584302],
         [ 414.09951738,  602.13257364],
         [ 433.74460131,  586.58021553],
         [ 486.1314918 ,  604.58820913],
         [ 468.12349819,  639.3763786 ],
         [ 509.86930155,  591.49148651],
         [ 437.42805455,  470.34680226],
         [ 417.37369803,  455.61298931],
         [ 397.31934152,  451.52026349],
         [ 412.46242705,  374.57701808],
         [ 443.97641586,  411.41155046],
         [ 480.40167565,  411.82082304],
         [ 472.21622401,  393.81282944],
         [ 506.18584831,  386.03665038],
         [ 507.41366606,  372.53065518],
         [ 505.77657573,  453.97589898],
         [ 498.00039668,  481.39716197],
         [ 482.85731114,  473.62098291],
         [ 466.07713528,  455.61298931],
         [ 455.84532074,  433.92154247],
         [ 463.21222721,  540.33241377],
         [ 480.81094823,  546.88077508],
         [ 502.50239508,  530.5098718 ],
         [ 425.55914967,  534.60259762],
         [ 430.47042066,  550.56422832],
         [ 371.53516886,  550.56422832],
         [ 191.45523281,  449.064628  ],
         [ 163.62469723,  559.15895254],
         [ 537.69983712,  623.50321848],
         [ 556.52637589,  588.71504901],
         [ 547.93165167,  537.96524885],
         [ 549.568742  ,  513.40889394],
         [ 536.47201938,  490.48962935],
         [ 525.83093225,  468.79818251],
         [ 545.88528876,  451.60873407],
         [ 551.20583233,  394.31057259],
         [ 568.39528077,  420.50401784],
         [ 587.22181954,  383.26021288],
         [ 622.82853417,  428.68946948],
         [ 637.9716197 ,  384.89730321],
         [ 644.92925359,  456.11073247],
         [ 595.40727118,  464.29618411],
         [ 592.95163568,  510.95325845],
         [ 591.72381794,  580.93886996],
         [ 579.0363679 ,  635.37212335],
         [ 619.96362609,  638.23703143],
         [ 628.14907773,  616.136312  ],
         [ 610.55035671,  570.70705541],
         [ 647.79416166,  569.47923766],
         [ 677.26178756,  568.25141992],
         [ 678.89887789,  543.695065  ],
         [ 655.9796133 ,  535.10034078],
         [ 672.35051658,  474.93727124],
         [ 678.48960531,  377.12112415],
         [ 703.45523281,  410.68147587],
         [ 738.65267485,  380.39530481],
         [ 739.47122002,  414.77420169],
         [ 699.77177957,  454.47364214],
         [ 711.23141186,  480.66708738],
         [ 722.28177158,  485.16908578],
         [ 702.22741506,  467.57036476],
         [ 719.4168635 ,  541.64870209],
         [ 689.13069244,  642.32975725],
         [ 654.34252297,  595.26341032],
         [ 759.11630395,  590.35213934],
         [ 779.98920563,  646.42248307],
         [ 804.95483313,  588.30577643],
         [ 796.76938149,  550.24342631],
         [ 773.44084432,  509.7254407 ],
         [ 793.49520083,  498.26580841],
         [ 785.30974919,  477.80217931],
         [ 777.12429755,  421.322563  ],
         [ 764.43684751,  421.322563  ],
         [ 764.02757493,  412.72783878],
         [ 826.23700739,  417.22983718],
         [ 811.50319444,  388.99002903],
         [ 858.56954136,  379.98603223],
         [ 872.89408173,  413.54638395],
         [ 898.26898181,  381.21384997],
         [ 925.6902448 ,  418.45765493],
         [ 939.19624   ,  431.55437755],
         [ 934.28496902,  458.15709538],
         [ 933.05715127,  495.40090033],
         [ 891.7206205 ,  480.2578148 ],
         [ 881.89807853,  530.59834238],
         [ 858.56954136,  526.50561656],
         [ 850.7933623 ,  560.88451344],
         [ 829.51118804,  532.64470529],
         [ 825.8277348 ,  518.32016492],
         [ 835.65027677,  488.03399386],
         [ 840.15227517,  461.84054861],
         [ 872.48480915,  636.19066852],
         [ 833.19464128,  630.05157979],
         [ 929.37369803,  587.48723127],
         [ 899.49679955,  614.90849426],
         [ 938.37769484,  646.42248307],
         [ 956.38568844,  625.54958139],
         [ 970.30095623,  641.1019395 ],
         [1009.59112409,  646.83175565],
         [1006.72621602,  628.00521688],
         [ 975.21222721,  592.39850225],
         [ 961.70623201,  565.79578443],
         [ 945.74460131,  558.01960537],
         [ 924.46242705,  542.46724725],
         [ 978.89568045,  498.26580841],
         [1001.81494504,  510.54398586],
         [ 986.6718595 ,  537.96524885],
         [1016.1394854 ,  558.83815053],
         [1023.50639188,  569.47923766],
         [ 980.94204336,  440.14910177],
         [ 987.08113209,  407.40729522],
         [ 967.02677557,  402.08675165],
         [1016.54875799,  408.63511296],
         [1003.04276278,  467.97963734],
         [ 951.06514488,  481.07635996],
         [ 974.39368205,  391.44566452],
         [  19.56074839,  352.47629866],
         [  57.21382593,  345.92793735],
         [ 114.5119874 ,  346.74648251],
         [ 193.50159572,  340.1981212 ],
         [ 222.55994903,  347.1557551 ],
         [ 403.04915767,  335.6961228 ],
         [ 288.45283472,  369.25647452],
         [ 778.55675159,  339.37957604],
         [  12.90751354,   21.13171039],
         [  80.42399706,   14.99384826],
         [ 146.91750355,   24.20064146],
         [ 262.51390715,    6.81003207],
         [ 269.67474631,   24.20064146],
         [ 429.25916189,   21.13171039],
         [ 460.9714496 ,    6.81003207],
         [ 504.95946159,   18.06277933],
         [ 544.85556549,   40.56827383],
         [ 625.6707503 ,   52.84399811],
         [ 616.4639571 ,   14.99384826],
         [ 575.54487618,   21.13171039],
         [ 699.32509596,   56.9359062 ],
         [ 664.54387718,   52.84399811],
         [ 680.91150954,   24.20064146],
         [ 651.24517588,   10.90194017],
         [ 732.06036069,    6.81003207],
         [ 793.43898207,    7.8330091 ],
         [ 776.04837268,   43.6372049 ],
         [ 825.15126978,    6.81003207],
         [ 863.00141963,   24.20064146],
         [ 882.43798307,    6.81003207],
         [ 898.80561544,   52.84399811],
         [ 964.27614491,   42.61422788],
         [ 713.64677428,   19.08575635],
         [ 312.63978127,    6.81003207],
         [ 227.73268836,   26.75808402]]), array([[443]], dtype=uint16))]]
