[[(array([[279.48976839, 855.48976839],
         [477.30795021, 765.72353463],
         [733.30795021, 749.100158  ],
         [967.6975606 , 815.5936645 ],
         [857.98327489, 795.64561255],
         [856.32093722, 715.85340476],
         [874.60665151, 669.30795021],
         [946.08717099, 727.48976839],
         [691.74950865, 690.91833982],
         [545.46379437, 685.93132683],
         [510.55470346, 669.30795021],
         [459.02223592, 665.98327489],
         [449.04820995, 714.19106709],
         [415.8014567 , 795.64561255],
         [392.52872943, 692.58067748],
         [277.82743073, 680.94431385],
         [306.08717099, 687.5936645 ],
         [327.6975606 , 657.67158657],
         [201.35989826, 744.11314502],
         [184.73652164, 692.58067748],
         [139.85340476, 714.19106709],
         [181.41184631, 843.85340476],
         [126.55470346, 842.19106709],
         [ 66.71054761, 727.48976839],
         [214.65859956, 684.26898917],
         [412.47678138, 652.68457359],
         [200.52872943, 677.20405411],
         [257.04820995, 646.45080735],
         [280.32093722, 649.77548268],
         [302.76249566, 651.43782034],
         [303.5936645 , 638.13911904],
         [352.63262553, 643.95730086],
         [394.19106709, 640.63262553],
         [433.25600216, 644.78846969],
         [488.94431385, 648.11314502],
         [645.20405411, 714.19106709],
         [592.00924891, 662.65859956],
         [615.28197618, 654.34691125],
         [660.16509307, 648.11314502],
         [636.89236579, 638.13911904],
         [587.85340476, 634.81444372],
         [562.91833982, 643.95730086],
         [539.64561255, 653.100158  ],
         [472.32093722, 639.8014567 ],
         [456.52872943, 641.46379437],
         [507.23002813, 649.77548268],
         [498.91833982, 630.65859956],
         [482.2949632 , 628.16509307],
         [440.73652164, 652.26898917],
         [512.21704112, 629.82743073],
         [337.67158657, 658.91833982],
         [765.72353463, 663.07418398],
         [757.41184631, 645.61963852],
         [815.5936645 , 649.77548268],
         [828.06119696, 610.71054761],
         [795.64561255, 604.89236579],
         [726.65859956, 659.74950865],
         [686.34691125, 630.03522294],
         [675.12613203, 618.81444372],
         [692.16509307, 610.08717099],
         [740.37288527, 635.85340476],
         [756.58067748, 634.19106709],
         [715.43782034, 593.04820995],
         [680.11314502, 607.17808008],
         [662.65859956, 602.60665151],
         [667.23002813, 601.35989826],
         [648.11314502, 608.84041774],
         [636.47678138, 607.17808008],
         [633.15210605, 600.11314502],
         [621.93132683, 598.86639177],
         [626.91833982, 608.84041774],
         [611.95730086, 617.56769047],
         [607.8014567 , 630.03522294],
         [611.12613203, 637.93132683],
         [584.94431385, 611.74950865],
         [577.46379437, 603.43782034],
         [567.07418398, 604.26898917],
         [543.8014567 , 607.5936645 ],
         [529.67158657, 618.3988593 ],
         [568.32093722, 623.38587229],
         [599.90535281, 610.91833982],
         [608.21704112, 594.2949632 ],
         [604.89236579, 585.98327489],
         [593.25600216, 590.13911904],
         [584.11314502, 594.2949632 ],
         [575.8014567 , 593.04820995],
         [564.9962619 , 600.11314502],
         [552.94431385, 601.77548268],
         [656.42483333, 627.54171644],
         [648.11314502, 620.47678138],
         [665.98327489, 618.3988593 ],
         [720.84041774, 633.35989826],
         [732.89236579, 629.20405411],
         [701.72353463, 579.33392424],
         [711.28197618, 575.5936645 ],
         [697.56769047, 571.02223592],
         [683.43782034, 584.32093722],
         [673.04820995, 594.2949632 ],
         [727.90535281, 552.32093722],
         [712.94431385, 556.06119696],
         [604.89236579, 561.04820995],
         [624.84041774, 567.6975606 ],
         [644.78846969, 570.60665151],
         [634.3988593 , 579.33392424],
         [624.42483333, 588.06119696],
         [663.48976839, 574.76249566],
         [714.3988593 , 607.48976839],
         [703.38587229, 606.45080735],
         [700.26898917, 599.17808008],
         [729.15210605, 612.68457359],
         [748.89236579, 611.23002813],
         [724.78846969, 586.08717099],
         [729.15210605, 592.73652164],
         [729.35989826, 575.28197618],
         [735.38587229, 577.15210605],
         [734.97028787, 548.06119696],
         [740.16509307, 549.51574242],
         [730.60665151, 543.28197618],
         [717.100158  , 575.07418398],
         [721.67158657, 566.34691125],
         [776.52872943, 595.23002813],
         [761.35989826, 599.5936645 ],
         [679.28197618, 573.20405411],
         [666.3988593 , 563.43782034],
         [690.08717099, 558.86639177],
         [697.56769047, 558.45080735],
         [679.28197618, 562.19106709],
         [670.34691125, 558.65859956],
         [674.91833982, 567.8014567 ],
         [660.37288527, 666.71054761],
         [676.9962619 , 759.38587229],
         [690.5027554 , 548.06119696],
         [681.98327489, 550.34691125],
         [673.87937878, 548.89236579],
         [666.3988593 , 542.86639177],
         [662.65859956, 536.21704112],
         [669.93132683, 532.06119696],
         [658.08717099, 537.04820995],
         [651.23002813, 538.5027554 ],
         [654.76249566, 547.02223592],
         [658.08717099, 554.91833982],
         [644.58067748, 545.56769047],
         [638.34691125, 548.06119696],
         [629.41184631, 542.65859956],
         [629.41184631, 570.91833982],
         [714.3988593 , 543.6975606 ],
         [700.68457359, 544.32093722],
         [706.2949632 , 542.65859956],
         [694.45080735, 552.42483333],
         [696.32093722, 540.37288527],
         [689.87937878, 537.87937878],
         [687.17808008, 541.20405411],
         [681.35989826, 538.71054761],
         [678.86639177, 542.24301515],
         [642.71054761, 561.56769047],
         [790.65859956, 660.78846969],
         [893.72353463, 655.38587229],
         [909.93132683, 650.81444372],
         [ 23.76500433, 673.68878882],
         [ 61.44174546, 679.07118041],
         [221.56789526, 662.92400564]]), array([[161]], dtype=uint8))]]
