[[(array([[259.38356164, 616.84931507],
         [420.61643836, 612.45205479],
         [398.63013699, 578.73972603],
         [233.        , 555.28767123],
         [ 57.10958904, 530.36986301],
         [ 84.95890411, 599.26027397],
         [ 87.89041096, 693.06849315],
         [476.31506849, 649.09589041],
         [617.02739726, 622.71232877],
         [678.5890411 , 679.87671233],
         [820.76712329, 631.50684932],
         [844.21917808, 575.80821918],
         [766.53424658, 518.64383562],
         [663.93150685, 525.97260274],
         [611.16438356, 514.24657534],
         [517.35616438, 550.89041096],
         [486.57534247, 561.15068493],
         [389.83561644, 427.76712329],
         [341.46575342, 479.06849315],
         [298.95890411, 461.47945205],
         [269.64383562, 464.4109589 ],
         [234.46575342, 483.46575342],
         [167.04109589, 480.53424658],
         [ 26.32876712, 423.36986301],
         [ 96.68493151, 385.26027397],
         [ 58.57534247, 353.01369863],
         [ 42.45205479, 353.01369863],
         [ 26.32876712, 329.56164384],
         [ 46.84931507, 314.90410959],
         [ 98.15068493, 348.61643836],
         [ 83.49315068, 322.23287671],
         [ 21.93150685, 134.61643836],
         [ 48.31506849, 130.21917808],
         [ 70.30136986, 156.60273973],
         [ 77.63013699, 124.35616438],
         [ 90.82191781, 125.82191781],
         [114.2739726 , 103.83561644],
         [104.01369863, 140.47945205],
         [118.67123288, 163.93150685],
         [139.19178082, 177.12328767],
         [143.5890411 , 130.21917808],
         [ 32.19178082, 222.56164384],
         [ 65.90410959, 256.2739726 ],
         [ 58.57534247, 291.45205479],
         [ 32.19178082, 284.12328767],
         [ 49.78082192, 263.60273973],
         [105.47945205, 246.01369863],
         [ 95.21917808, 263.60273973],
         [ 93.75342466, 294.38356164],
         [187.56164384, 212.30136986],
         [140.65753425, 197.64383562],
         [156.78082192, 228.42465753],
         [ 95.21917808, 235.75342466],
         [127.46575342, 263.60273973],
         [109.87671233, 284.12328767],
         [ 92.28767123, 279.7260274 ],
         [149.45205479, 370.60273973],
         [136.26027397, 386.7260274 ],
         [145.05479452, 311.97260274],
         [121.60273973, 325.16438356],
         [171.43835616, 328.09589041],
         [197.82191781, 331.02739726],
         [228.60273973, 369.1369863 ],
         [262.31506849, 373.53424658],
         [300.42465753, 369.1369863 ],
         [254.98630137, 328.09589041],
         [241.79452055, 310.50684932],
         [218.34246575, 307.57534247],
         [187.56164384, 161.        ],
         [181.69863014, 140.47945205],
         [186.09589041, 119.95890411],
         [203.68493151, 124.35616438],
         [178.76712329, 108.23287671],
         [193.42465753,  95.04109589],
         [152.38356164,  73.05479452],
         [230.06849315, 111.16438356],
         [244.7260274 , 109.69863014],
         [288.69863014, 121.42465753],
         [271.10958904, 130.21917808],
         [313.61643836,  97.97260274],
         [250.5890411 , 222.56164384],
         [222.73972603, 253.34246575],
         [194.89041096, 270.93150685],
         [171.43835616, 263.60273973],
         [158.24657534, 256.2739726 ],
         [278.43835616, 276.79452055],
         [291.63013699, 232.82191781],
         [275.50684932, 250.4109589 ],
         [271.10958904, 235.75342466],
         [315.08219178, 259.20547945],
         [300.42465753, 240.15068493],
         [369.31506849, 247.47945205],
         [361.98630137, 281.19178082],
         [322.4109589 , 307.57534247],
         [274.04109589, 301.71232877],
         [296.02739726, 335.42465753],
         [315.08219178, 339.82191781],
         [351.7260274 , 314.90410959],
         [369.31506849, 309.04109589],
         [394.23287671, 301.71232877],
         [398.63013699, 278.26027397],
         [411.82191781, 256.2739726 ],
         [423.54794521, 153.67123288],
         [448.46575342, 147.80821918],
         [442.60273973, 185.91780822],
         [476.31506849, 143.4109589 ],
         [518.82191781, 119.95890411],
         [515.89041096, 143.4109589 ],
         [543.73972603, 143.4109589 ],
         [558.39726027, 137.54794521],
         [597.97260274,  64.26027397],
         [646.34246575,  93.57534247],
         [586.24657534, 118.49315068],
         [580.38356164, 137.54794521],
         [405.95890411, 235.75342466],
         [479.24657534, 218.16438356],
         [328.2739726 , 278.26027397],
         [411.82191781, 304.64383562],
         [419.15068493, 273.8630137 ],
         [454.32876712, 263.60273973],
         [471.91780822, 278.26027397],
         [449.93150685, 297.31506849],
         [351.7260274 , 344.21917808],
         [332.67123288, 358.87671233],
         [337.06849315, 383.79452055],
         [394.23287671, 379.39726027],
         [410.35616438, 348.61643836],
         [385.43835616, 354.47945205],
         [441.1369863 , 372.06849315],
         [476.31506849, 332.49315068],
         [480.71232877, 366.20547945],
         [512.95890411, 298.78082192],
         [523.21917808, 268.        ],
         [534.94520548, 225.49315068],
         [546.67123288, 202.04109589],
         [581.84931507, 228.42465753],
         [599.43835616, 253.34246575],
         [559.8630137 , 270.93150685],
         [539.34246575, 253.34246575],
         [586.24657534, 300.24657534],
         [551.06849315, 301.71232877],
         [599.43835616, 287.05479452],
         [612.63013699, 309.04109589],
         [640.47945205, 298.78082192],
         [621.42465753, 278.26027397],
         [622.89041096, 243.08219178],
         [647.80821918, 268.        ],
         [672.7260274 , 228.42465753],
         [649.2739726 , 225.49315068],
         [622.89041096, 143.4109589 ],
         [599.43835616, 143.4109589 ],
         [658.06849315, 150.73972603],
         [647.80821918, 118.49315068],
         [669.79452055, 114.09589041],
         [699.10958904, 130.21917808],
         [719.63013699, 108.23287671],
         [724.02739726, 130.21917808],
         [693.24657534, 109.69863014],
         [750.4109589 , 130.21917808],
         [778.26027397,  73.05479452],
         [835.42465753,  59.8630137 ],
         [825.16438356,  11.49315068],
         [800.24657534,  10.02739726],
         [784.12328767,  15.89041096],
         [817.83561644, 137.54794521],
         [839.82191781, 140.47945205],
         [858.87671233, 147.80821918],
         [863.2739726 , 207.90410959],
         [804.64383562, 194.71232877],
         [775.32876712, 185.91780822],
         [718.16438356, 181.52054795],
         [678.5890411 , 188.84931507],
         [738.68493151, 222.56164384],
         [791.45205479, 222.56164384],
         [833.95890411, 260.67123288],
         [768.        , 269.46575342],
         [738.68493151, 246.01369863],
         [709.36986301, 250.4109589 ],
         [699.10958904, 266.53424658],
         [674.19178082, 301.71232877],
         [682.98630137, 329.56164384],
         [619.95890411, 361.80821918],
         [590.64383562, 360.34246575],
         [555.46575342, 355.94520548],
         [518.82191781, 358.87671233],
         [488.04109589, 402.84931507],
         [514.42465753, 410.17808219],
         [599.43835616, 402.84931507],
         [567.19178082, 426.30136986],
         [650.73972603, 433.63013699],
         [646.34246575, 380.8630137 ],
         [697.64383562, 407.24657534],
         [694.71232877, 379.39726027],
         [743.08219178, 361.80821918],
         [737.21917808, 328.09589041],
         [719.63013699, 317.83561644],
         [779.7260274 , 331.02739726],
         [806.10958904, 309.04109589],
         [775.32876712, 430.69863014],
         [756.2739726 , 399.91780822],
         [804.64383562, 383.79452055],
         [817.83561644, 389.65753425],
         [848.61643836, 395.52054795],
         [842.75342466, 423.36986301],
         [839.82191781, 317.83561644],
         [879.39726027, 309.04109589],
         [891.12328767, 273.8630137 ],
         [873.53424658, 246.01369863],
         [970.2739726 , 304.64383562],
         [964.4109589 , 273.8630137 ],
         [987.8630137 , 288.52054795],
         [980.53424658, 240.15068493],
         [998.12328767, 202.04109589],
         [980.53424658, 202.04109589],
         [908.71232877, 325.16438356],
         [943.89041096, 344.21917808],
         [986.39726027, 399.91780822],
         [924.83561644, 430.69863014],
         [905.78082192, 410.17808219],
         [918.97260274, 380.8630137 ],
         [870.60273973, 509.84931507],
         [-38.16438356, 348.61643836],
         [979.06849315, 738.50684932],
         [807.57534247,  99.43835616],
         [211.01369863, 328.09589041],
         [467.79794521, 295.40753425],
         [ 95.63527397,  87.34589041],
         [138.14212329, 152.57191781],
         [245.875     , 280.09246575],
         [222.42294521, 273.49657534],
         [146.20376712, 277.1609589 ],
         [357.27226027, 249.31164384],
         [123.48458904, 213.03424658],
         [  2.55993151, 227.69178082],
         [ 18.68321918, 213.76712329],
         [352.875     , 279.7260274 ],
         [782.97431507, 145.24315068],
         [764.65239726, 123.25684932],
         [802.02910959, 280.82534247],
         [734.60445205, 284.48972603],
         [843.07020548, 111.53082192],
         [975.72089041,  29.44863014],
         [977.91952055, 112.99657534],
         [951.5359589 , 206.80479452],
         [909.02910959, 260.30479452],
         [994.04280822, 255.17465753],
         [756.59075342, 273.42123288],
         [865.78938356, 318.85958904],
         [608.32191781, 122.89041096]]), array([[249]], dtype=uint8))]]
