[[(array([[  53.1618705 ,   75.68345324],
         [  45.10431655,   62.44604317],
         [  22.08273381,   63.5971223 ],
         [   6.54316547,   39.42446043],
         [  28.98920863,   33.66906475],
         [  41.65107914,   31.94244604],
         [  52.58633094,   31.36690647],
         [  66.39928058,   37.12230216],
         [ 149.27697842,   37.12230216],
         [ 138.34172662,   53.23741007],
         [ 120.5       ,   71.65467626],
         [ 151.00359712,   67.62589928],
         [  94.60071942,   70.50359712],
         [  75.0323741 ,   67.62589928],
         [  83.08992806,   53.23741007],
         [  92.29856115,   52.08633094],
         [ 101.50719424,   53.81294964],
         [  63.52158273,   57.26618705],
         [  15.75179856,   83.74100719],
         [   3.66546763,   77.41007194],
         [  11.72302158,   67.62589928],
         [  24.38489209,  120.        ],
         [  28.41366906,  141.8705036 ],
         [  19.20503597,  168.92086331],
         [   4.81654676,  211.51079137],
         [  26.68705036,  220.71942446],
         [   5.39208633,  229.35251799],
         [  60.06834532,  174.10071942],
         [  45.67985612,  170.07194245],
         [  43.37769784,  152.8057554 ],
         [  66.97482014,  148.20143885],
         [  80.78776978,  148.77697842],
         [  75.0323741 ,  167.1942446 ],
         [  95.17625899,  162.01438849],
         [ 103.80935252,  136.11510791],
         [  96.32733813,  137.84172662],
         [ 112.44244604,  142.44604317],
         [ 137.19064748,  128.05755396],
         [ 125.67985612,  128.05755396],
         [ 130.85971223,  138.99280576],
         [ 127.40647482,  156.25899281],
         [ 139.49280576,  147.05035971],
         [ 140.06834532,  159.13669065],
         [ 149.85251799,  169.49640288],
         [ 129.13309353,  179.28057554],
         [ 117.62230216,  170.64748201],
         [ 110.71582734,  179.28057554],
         [ 115.32014388,  192.51798561],
         [  87.11870504,  194.24460432],
         [  92.87410072,  200.57553957],
         [  71.57913669,  189.64028777],
         [  61.79496403,  192.51798561],
         [  52.01079137,  197.12230216],
         [  50.85971223,  207.48201439],
         [  26.11151079,  193.09352518],
         [  22.08273381,  198.84892086],
         [  30.71582734,  207.48201439],
         [  24.96043165,  243.16546763],
         [  10.57194245,  257.55395683],
         [  35.32014388,  251.22302158],
         [  54.31294964,  253.52517986],
         [  37.04676259,  228.77697842],
         [  64.0971223 ,  225.89928058],
         [  76.18345324,  228.77697842],
         [  93.44964029,  237.41007194],
         [  77.91007194,  247.1942446 ],
         [ 113.01798561,  218.41726619],
         [ 113.01798561,  239.71223022],
         [ 126.25539568,  246.04316547],
         [ 102.08273381,  263.88489209],
         [  86.54316547,  271.36690647],
         [  41.07553957,  277.69784173],
         [  26.11151079,  274.82014388],
         [   8.26978417,  280.57553957],
         [  15.75179856,  305.89928058],
         [   9.99640288,  326.04316547],
         [  60.64388489,  303.5971223 ],
         [  53.73741007,  326.04316547],
         [  16.32733813,  364.02877698],
         [   2.51438849,  354.24460432],
         [   4.81654676,  395.68345324],
         [  48.55755396,  361.72661871],
         [  60.64388489,  388.77697842],
         [  48.55755396,  406.61870504],
         [  30.14028777,  439.42446043],
         [   3.08992806,  437.12230216],
         [  60.06834532,  438.84892086],
         [  57.76618705,  463.5971223 ],
         [  81.36330935,  443.45323741],
         [ 107.26258993,  419.28057554],
         [ 108.98920863,  396.83453237],
         [ 123.95323741,  343.88489209],
         [ 107.8381295 ,  343.30935252],
         [ 102.65827338,  355.39568345],
         [  83.66546763,  323.16546763],
         [  93.44964029,  294.96402878],
         [ 102.08273381,  277.69784173],
         [ 113.59352518,  297.84172662],
         [ 133.73741007,  300.14388489],
         [ 141.79496403,  317.98561151],
         [ 134.88848921,  373.81294964],
         [ 142.3705036 ,  391.65467626],
         [ 131.4352518 ,  457.84172662],
         [ 142.94604317,  430.79136691],
         [ 171.14748201,  389.92805755],
         [ 163.66546763,  370.35971223],
         [ 183.23381295,  350.21582734],
         [ 172.29856115,  339.85611511],
         [ 164.24100719,  331.79856115],
         [ 174.60071942,  285.75539568],
         [ 183.23381295,  263.88489209],
         [ 179.78057554,  241.43884892],
         [ 152.15467626,  235.68345324],
         [ 189.5647482 ,  429.0647482 ],
         [ 234.45683453,  430.79136691],
         [ 212.58633094,  387.62589928],
         [ 195.32014388,  379.56834532],
         [ 286.25539568,  352.51798561],
         [ 241.36330935,  347.91366906],
         [ 240.78776978,  312.8057554 ],
         [ 205.67985612,  326.04316547],
         [ 216.03956835,  282.87769784],
         [ 224.67266187,  312.8057554 ],
         [ 201.07553957,  282.87769784],
         [ 190.14028777,  211.51079137],
         [ 140.64388489,  217.26618705],
         [ 149.85251799,  217.84172662],
         [ 162.51438849,  206.90647482],
         [ 153.88129496,  188.48920863],
         [ 160.21223022,  192.51798561],
         [ 172.29856115,  158.56115108],
         [ 165.9676259 ,  137.84172662],
         [ 161.36330935,  122.87769784],
         [ 157.33453237,  116.54676259],
         [ 179.20503597,  124.02877698],
         [ 203.95323741,  103.88489209],
         [ 182.65827338,  147.05035971],
         [ 210.28417266,  165.4676259 ],
         [ 200.5       ,  192.51798561],
         [ 176.9028777 ,  190.21582734],
         [ 233.3057554 ,  174.67625899],
         [ 262.08273381,  391.65467626],
         [ 263.80935252,  430.79136691],
         [ 290.85971223,  442.87769784],
         [ 297.19064748,  381.29496403],
         [ 305.82374101,  358.27338129],
         [ 318.48561151,  339.85611511],
         [ 292.01079137,  327.1942446 ],
         [ 272.44244604,  309.92805755],
         [ 315.0323741 ,  317.98561151],
         [ 346.11151079,  335.82733813],
         [ 375.46402878,  335.82733813],
         [ 397.91007194,  387.62589928],
         [ 390.42805755,  361.72661871],
         [ 339.20503597,  429.0647482 ],
         [ 420.35611511,  339.85611511],
         [ 404.24100719,  335.25179856],
         [ 407.6942446 ,  301.8705036 ],
         [ 427.26258993,  292.6618705 ],
         [ 443.37769784,  323.74100719],
         [ 436.47122302,  389.92805755],
         [ 469.27697842,  342.15827338],
         [ 498.05395683,  330.07194245],
         [ 510.14028777,  367.48201439],
         [ 528.55755396,  372.6618705 ],
         [ 559.63669065,  376.69064748],
         [ 503.80935252,  411.22302158],
         [ 514.74460432,  429.0647482 ],
         [ 443.95323741,  430.79136691],
         [ 455.46402878,  470.50359712],
         [ 300.64388489,  474.5323741 ],
         [ 520.5       ,  471.07913669],
         [ 578.05395683,  425.03597122],
         [ 572.29856115,  471.07913669],
         [ 606.25539568,  476.83453237],
         [ 619.49280576,  414.67625899],
         [ 682.80215827,  419.28057554],
         [ 699.49280576,  451.51079137],
         [ 641.36330935,  367.48201439],
         [ 610.28417266,  376.11510791],
         [ 610.28417266,  331.22302158],
         [ 596.47122302,  312.23021583],
         [ 586.68705036,  298.99280576],
         [ 639.63669065,  294.96402878],
         [ 676.47122302,  288.05755396],
         [ 709.27697842,  284.60431655],
         [ 717.33453237,  277.69784173],
         [ 546.97482014,  328.34532374],
         [ 557.33453237,  288.05755396],
         [ 532.01079137,  296.69064748],
         [ 487.6942446 ,  290.9352518 ],
         [ 476.18345324,  275.97122302],
         [ 439.92446043,  271.36690647],
         [ 431.86690647,  265.03597122],
         [ 432.44244604,  243.16546763],
         [ 387.55035971,  246.04316547],
         [ 367.98201439,  277.69784173],
         [ 374.88848921,  291.51079137],
         [ 346.11151079,  277.69784173],
         [ 335.17625899,  303.02158273],
         [ 317.91007194,  274.82014388],
         [ 324.24100719,  251.22302158],
         [ 356.47122302,  250.07194245],
         [ 373.73741007,  231.07913669],
         [ 375.46402878,  209.78417266],
         [ 393.88129496,  211.51079137],
         [ 429.5647482 ,  216.69064748],
         [ 436.47122302,  198.84892086],
         [ 456.61510791,  204.60431655],
         [ 503.80935252,  199.42446043],
         [ 538.34172662,  234.5323741 ],
         [ 575.17625899,  226.47482014],
         [ 560.21223022,  239.13669065],
         [ 589.5647482 ,  259.28057554],
         [ 564.81654676,  255.82733813],
         [ 518.19784173,  267.3381295 ],
         [ 488.26978417,  253.52517986],
         [ 506.68705036,  233.38129496],
         [ 217.19064748,  213.81294964],
         [ 229.85251799,  233.95683453],
         [ 255.17625899,  263.30935252],
         [ 237.33453237,  202.30215827],
         [ 255.17625899,  225.89928058],
         [ 267.8381295 ,  209.78417266],
         [ 271.29136691,  224.74820144],
         [ 281.07553957,  253.52517986],
         [ 278.19784173,  274.82014388],
         [ 317.91007194,  231.07913669],
         [ 301.21942446,  226.47482014],
         [ 299.49280576,  201.15107914],
         [ 324.24100719,  201.72661871],
         [ 328.84532374,  216.69064748],
         [ 357.62230216,  216.69064748],
         [ 349.5647482 ,  203.45323741],
         [ 348.41366906,  188.48920863],
         [ 346.11151079,  172.37410072],
         [ 304.67266187,  174.67625899],
         [ 283.95323741,  176.4028777 ],
         [ 255.75179856,  174.67625899],
         [ 265.53597122,  152.23021583],
         [ 247.6942446 ,  157.98561151],
         [ 243.08992806,  114.24460432],
         [ 264.96043165,  136.69064748],
         [ 269.5647482 ,  122.87769784],
         [ 283.95323741,  126.33093525],
         [ 278.19784173,  138.99280576],
         [ 305.82374101,  138.41726619],
         [ 289.13309353,  156.83453237],
         [ 306.97482014,  156.83453237],
         [ 308.70143885,  121.72661871],
         [ 325.39208633,  130.9352518 ],
         [ 342.08273381,  134.38848921],
         [ 354.74460432,  148.20143885],
         [ 361.07553957,  128.05755396],
         [ 371.4352518 ,  134.96402878],
         [ 381.79496403,  140.14388489],
         [ 382.94604317,  151.07913669],
         [ 401.36330935,  158.56115108],
         [ 230.42805755,   58.41726619],
         [ 184.38489209,   53.23741007],
         [ 177.47841727,   45.17985612],
         [ 197.62230216,   63.5971223 ],
         [ 198.77338129,   47.48201439],
         [ 192.44244604,   35.97122302],
         [ 218.91726619,   31.94244604],
         [ 228.12589928,   35.39568345],
         [ 255.75179856,   33.09352518],
         [ 259.20503597,   49.20863309],
         [ 247.6942446 ,   41.72661871],
         [ 273.59352518,   31.36690647],
         [ 313.88129496,   37.12230216],
         [ 304.67266187,   63.5971223 ],
         [ 271.86690647,  113.66906475],
         [ 263.23381295,  107.91366906],
         [ 232.73021583,   93.52517986],
         [ 218.34172662,   88.34532374],
         [ 229.27697842,  265.61151079],
         [ 380.64388489,  110.21582734],
         [ 378.91726619,   94.67625899],
         [ 361.65107914,   85.4676259 ],
         [ 338.05395683,   81.43884892],
         [ 336.32733813,   98.70503597],
         [ 324.24100719,  109.64028777],
         [ 356.47122302,   39.42446043],
         [ 435.89568345,   67.62589928],
         [ 426.68705036,   69.35251799],
         [ 416.32733813,   73.38129496],
         [ 407.6942446 ,   89.49640288],
         [ 397.33453237,   90.64748201],
         [ 393.88129496,   58.41726619],
         [ 392.15467626,  124.02877698],
         [ 405.9676259 ,  126.33093525],
         [ 415.75179856,  132.08633094],
         [ 405.9676259 ,  138.41726619],
         [ 416.32733813,  103.88489209],
         [ 442.80215827,   89.49640288],
         [ 463.52158273,   55.53956835],
         [ 489.99640288,   61.29496403],
         [ 494.02517986,   68.20143885],
         [ 482.51438849,   83.74100719],
         [ 464.67266187,   77.41007194],
         [ 494.60071942,   93.52517986],
         [ 481.36330935,   97.55395683],
         [ 469.27697842,  115.97122302],
         [ 461.21942446,  115.97122302],
         [ 439.92446043,  121.72661871],
         [ 451.4352518 ,  136.69064748],
         [ 435.32014388,  145.89928058],
         [ 477.91007194,  151.07913669],
         [ 462.94604317,  152.23021583],
         [ 467.55035971,  165.4676259 ],
         [ 459.49280576,  184.46043165],
         [ 437.04676259,  183.30935252],
         [ 492.29856115,  181.58273381],
         [ 505.53597122,  149.92805755],
         [ 497.47841727,  126.33093525],
         [ 514.16906475,  107.91366906],
         [ 506.68705036,  103.88489209],
         [ 534.88848921,   77.41007194],
         [ 547.55035971,   75.68345324],
         [ 555.60791367,   51.51079137],
         [ 575.17625899,   40.        ],
         [ 595.89568345,   46.33093525],
         [ 587.26258993,   56.11510791],
         [ 569.99640288,   63.5971223 ],
         [ 579.78057554,   79.71223022],
         [ 564.81654676,  100.43165468],
         [ 569.42086331,  115.97122302],
         [ 595.32014388,  117.69784173],
         [ 602.22661871,   92.37410072],
         [ 612.01079137,   71.65467626],
         [ 617.76618705,   61.29496403],
         [ 635.60791367,   55.53956835],
         [ 647.11870504,   53.23741007],
         [ 687.98201439,   63.5971223 ],
         [ 718.48561151,   52.08633094],
         [ 673.59352518,   82.01438849],
         [ 652.87410072,   71.65467626],
         [ 643.08992806,   86.61870504],
         [ 643.66546763,  105.61151079],
         [ 682.22661871,  106.18705036],
         [ 672.44244604,   97.55395683],
         [ 648.26978417,  128.05755396],
         [ 625.24820144,  125.75539568],
         [ 601.07553957,  133.81294964],
         [ 568.26978417,  137.84172662],
         [ 603.37769784,  152.23021583],
         [ 588.98920863,  165.4676259 ],
         [ 532.58633094,  152.8057554 ],
         [ 539.49280576,  169.49640288],
         [ 568.26978417,  189.0647482 ],
         [ 597.04676259,  195.39568345],
         [ 635.0323741 ,  188.48920863],
         [ 625.24820144,  167.1942446 ],
         [ 649.42086331,  165.4676259 ],
         [ 673.59352518,  190.79136691],
         [ 694.88848921,  185.03597122],
         [ 713.3057554 ,  176.4028777 ],
         [ 698.91726619,  134.38848921],
         [ 673.59352518,  132.6618705 ],
         [ 699.49280576,  114.82014388],
         [ 716.18345324,  116.54676259],
         [ 683.37769784,   39.42446043],
         [ 714.45683453,   97.55395683],
         [ 666.68705036,   40.        ],
         [ 629.85251799,  228.77697842],
         [ 640.78776978,  227.62589928],
         [ 653.44964029,  250.07194245],
         [ 688.55755396,  217.26618705],
         [ 698.34172662,  239.71223022],
         [ -58.49280576,  285.75539568],
         [ 139.49280576,  273.66906475],
         [ 732.87410072,  384.74820144],
         [ 106.11151079,  193.09352518],
         [ 347.8381295 ,  415.82733813],
         [ 359.34892086,  114.24460432],
         [-106.26258993,  267.91366906],
         [ -65.39928058,  269.64028777],
         [ -51.58633094,  273.66906475],
         [ 477.33453237,  317.98561151],
         [ -26.8381295 ,  157.98561151],
         [ -82.66546763,  267.3381295 ],
         [ 745.53597122,  175.25179856],
         [ 542.94604317,  133.81294964],
         [ 546.97482014,   99.85611511],
         [ 393.3057554 ,   33.66906475],
         [ 386.39928058,   34.24460432],
         [ 376.61510791,   37.12230216],
         [-103.38489209,  160.86330935],
         [-113.16906475,  271.36690647],
         [ 159.06115108,  150.50359712],
         [ 469.27697842,  263.30935252],
         [ 502.65827338,  301.8705036 ],
         [ 527.98201439,  349.64028777],
         [  15.14691358,    9.66604938],
         [  47.08024691,   23.26728395],
         [  44.12345679,   13.80555556],
         [  46.48888889,    4.34382716],
         [  65.41234568,    9.66604938],
         [  76.05679012,   11.44012346],
         [  94.98024691,   28.58950617],
         [  93.79753086,   15.57962963],
         [ 114.49506173,   33.9117284 ],
         [ 102.66790123,    4.93518519],
         [ 119.81728395,   11.44012346],
         [ 129.27901235,   20.90185185],
         [ 139.92345679,   18.53641975],
         [ 155.29876543,   11.44012346],
         [ 187.82345679,   17.94506173],
         [ 183.09259259,   30.36358025],
         [ 200.24197531,    3.16111111],
         [ 212.66049383,   20.90185185],
         [ 216.8       ,   18.53641975],
         [ 229.80987654,   17.94506173],
         [ 226.85308642,    4.93518519],
         [ 233.94938272,    6.11790123],
         [ 261.74320988,   12.03148148],
         [ 270.02222222,    4.93518519],
         [ 280.07530864,   14.39691358],
         [ 289.53703704,   20.90185185],
         [ 311.41728395,    9.66604938],
         [ 309.64320988,   18.53641975],
         [ 292.49382716,    3.75246914],
         [ 329.74938272,   23.85864198],
         [ 341.57654321,   13.80555556],
         [ 355.7691358 ,   13.80555556],
         [ 360.5       ,   25.63271605],
         [ 369.37037037,   14.39691358],
         [ 391.25061728,   12.03148148],
         [ 409.58271605,    7.30061728],
         [ 459.84814815,    9.66604938],
         [ 614.19259259,   22.0845679 ],
         [ 696.39135802,   25.04135802],
         [ 716.49753086,   13.21419753]]), array([[434]], dtype=uint16))]]
