[[(array([[ 155.32917431,  476.51555556],
         [ 149.06617737,  390.92126402],
         [ 292.07127421,  237.47783894],
         [  20.67474006,  230.17100917],
         [  14.41174312,  148.75204893],
         [  40.50756371,  186.33003058],
         [  86.43620795,  161.27804281],
         [ 130.27718654,  139.35755352],
         [ 166.81133537,  167.54103976],
         [   7.10491335,  105.95490316],
         [  34.24456677,  105.95490316],
         [  67.64721713,  104.91107034],
         [ 113.57586137,   94.4727421 ],
         [ 136.54018349,  102.82340469],
         [ 127.14568807,   72.5522528 ],
         [ 162.63600408,   79.85908257],
         [ 196.03865443,   80.90291539],
         [ 212.73997961,   66.28925586],
         [ 222.13447503,   79.85908257],
         [ 210.65231397,  119.52472987],
         [ 245.09879715,  142.48905199],
         [ 512.32      ,  470.25255861],
         [ 687.68391437,  395.09659531],
         [ 794.15486239,  292.80097859],
         [ 891.23131498,  275.05582059],
         [1009.18442406,  322.02829766],
         [ 981.00093782,   72.5522528 ],
         [ 966.38727829,    4.70311927],
         [1006.05292559,    3.65928644],
         [ 924.63396534,   28.71127421],
         [ 911.06413863,    7.83461774],
         [ 858.87249745,   14.09761468],
         [ 887.05598369,    4.70311927],
         [ 825.46984709,   10.96611621],
         [ 831.73284404,   50.63176351],
         [ 880.79298675,   51.67559633],
         [ 918.3709684 ,   58.9824261 ],
         [ 867.22316004,   94.4727421 ],
         [ 833.82050968,   79.85908257],
         [ 779.54120285,   88.20974516],
         [ 750.31388379,   94.4727421 ],
         [ 707.51673802,  136.22605505],
         [ 605.2211213 ,  266.705158  ],
         [ 512.32      ,  206.16285423],
         [ 437.1640367 ,  169.6287054 ],
         [ 349.48207951,  205.11902141],
         [ 479.96118247,  168.58487258],
         [ 492.48717635,  145.62055046],
         [ 530.065158  ,  106.99873598],
         [ 564.51164118,  103.86723751],
         [ 613.57178389,  117.43706422],
         [ 688.7277472 ,   81.94674822],
         [ 613.57178389,   75.68375127],
         [ 657.41276249,   66.28925586],
         [ 732.56872579,   58.9824261 ],
         [ 774.32203874,   45.41259939],
         [ 750.31388379,   26.62360856],
         [ 785.8041998 ,   10.96611621],
         [ 746.1385525 ,   14.09761468],
         [ 713.77973496,   19.3167788 ],
         [ 675.15792049,   10.96611621],
         [ 656.36892966,   25.57977574],
         [ 668.89492355,   31.84277268],
         [ 701.25374108,   33.93043833],
         [ 640.71143731,    9.92228338],
         [ 604.17728848,   21.40444444],
         [ 612.52795107,   10.96611621],
         [ 618.79094801,   21.40444444],
         [ 601.04579001,   43.32493374],
         [ 569.7308053 ,   43.32493374],
         [ 632.36077472,   51.67559633],
         [ 670.98258919,   47.50026504],
         [ 522.75832824,   70.46458716],
         [ 496.66250765,  102.82340469],
         [ 472.6543527 ,   70.46458716],
         [ 443.42703364,   74.63991845],
         [ 398.54222222,   76.7275841 ],
         [ 428.81337411,  111.17406728],
         [ 356.78890928,   88.20974516],
         [ 310.86026504,   67.33308869],
         [ 335.9122528 ,   84.03441386],
         [ 299.37810398,   97.60424057],
         [ 262.84395515,   81.94674822],
         [  25.89390418,   79.85908257],
         [  37.37606524,   74.63991845],
         [  61.38422018,   72.5522528 ],
         [  90.61153925,   80.90291539],
         [  89.56770642,   63.15775739],
         [ 111.48819572,   60.02625892],
         [ 192.90715596,   45.41259939],
         [ 212.73997961,   44.36876656],
         [ 226.30980632,   21.40444444],
         [ 472.6543527 ,   10.96611621],
         [ 511.27616718,   15.1414475 ],
         [ 540.50348624,   26.62360856],
         [ 561.38014271,   15.1414475 ],
         [ 346.87249745,   57.31278287],
         [ 363.57382263,   48.44020387],
         [ 346.35058104,   41.65529052],
         [ 380.27514781,   29.12929664],
         [ 382.88472987,   49.4840367 ],
         [ 372.96831804,   73.49219164],
         [ 415.76546381,   47.39637105],
         [ 435.59828746,   54.70320082],
         [ 440.81745158,   35.39229358],
         [ 420.98462793,   25.47588175],
         [ 409.50246687,   10.86222222],
         [ 432.9887054 ,    7.20880734],
         [ 453.34344546,   18.16905199],
         [ 488.31184506,   14.5156371 ],
         [ 529.54324159,   12.94988787],
         [ 520.67066259,    5.12114169],
         [ 561.38014271,    3.55539246],
         [ 597.91429154,    3.55539246],
         [ 576.51571865,   14.5156371 ],
         [ 534.76240571,   56.26895005],
         [ 497.18442406,   71.40452599],
         [ 516.49533129,   57.31278287],
         [ 473.69818552,   49.4840367 ],
         [ 495.61867482,   47.91828746],
         [  21.45761468,   60.44428135],
         [  11.54120285,   54.70320082],
         [  20.41378186,   45.83062181],
         [  31.3740265 ,   42.69912334],
         [  28.24252803,   34.34846075],
         [  17.8041998 ,   35.39229358],
         [  10.49737003,   36.95804281],
         [  45.98768603,   44.78678899],
         [  38.68085627,   45.83062181],
         [  59.03559633,   30.69504587],
         [  50.16301733,   34.34846075],
         [  42.85618756,   36.4361264 ],
         [  67.90817533,   36.95804281],
         [  75.2150051 ,   46.35253823],
         [  69.47392457,   54.70320082],
         [  51.20685015,   60.44428135],
         [  97.13549439,   51.57170234],
         [ 104.96424057,   45.3087054 ],
         [  89.30674822,   44.78678899],
         [  78.86841998,   39.04570846],
         [  91.91633028,   18.6909684 ],
         [ 104.96424057,   31.7388787 ],
         [ 126.36281346,   30.69504587],
         [ 120.62173293,   23.38821611],
         [ 134.71347604,   20.77863405],
         [ 137.84497452,   42.69912334],
         [ 144.62988787,   51.04978593],
         [ 168.1161264 ,   50.00595311],
         [ 167.59420999,   38.00187564],
         [ 156.11204893,   36.4361264 ],
         [ 145.67372069,   30.17312946],
         [ 155.06821611,   26.51971458],
         [ 168.1161264 ,   19.21288481],
         [ 156.63396534,   20.77863405],
         [ 147.23946993,   18.6909684 ],
         [ 150.89288481,    7.73072375],
         [ 173.85720693,   12.42797146],
         [ 242.75017329,   70.88260958],
         [ 233.35567788,   58.3566157 ],
         [ 228.65843017,   42.17720693],
         [ 246.92550459,   34.34846075],
         [ 263.62682977,   31.7388787 ],
         [ 296.50756371,   33.30462793],
         [ 264.14874618,   53.65936799],
         [ 290.76648318,   48.44020387],
         [ 342.95812436,   25.99779817],
         [ 319.47188583,   15.03755352],
         [ 340.87045872,   12.94988787],
         [ 366.4443629 ,    7.73072375],
         [ 363.83478084,   25.99779817],
         [ 372.70735984,   22.34438328],
         [ 380.0141896 ,    7.73072375],
         [ 382.62377166,   14.5156371 ],
         [ 416.02642202,    5.6430581 ],
         [ 329.91021407,    7.73072375],
         [ 356.00603466,    7.73072375],
         [ 271.97749235,    8.77455657],
         [ 259.45149847,   12.42797146],
         [ 250.05700306,   22.86629969],
         [ 269.88982671,   20.77863405],
         [ 285.54731906,   14.5156371 ],
         [ 296.50756371,    7.20880734],
         [ 301.20481142,    7.20880734],
         [ 312.16505607,    5.12114169],
         [ 214.04477064,   18.16905199],
         [ 203.60644241,    8.77455657],
         [ 198.9091947 ,   21.82246687],
         [ 198.9091947 ,   15.03755352],
         [ 187.42703364,   15.03755352],
         [ 185.33936799,   22.86629969],
         [ 180.12020387,   29.12929664],
         [ 178.03253823,   19.21288481],
         [ 161.85312946,   29.12929664],
         [ 171.24762487,   28.08546381],
         [  75.2150051 ,   21.82246687],
         [  68.43009174,   21.82246687],
         [  53.2945158 ,   20.77863405],
         [  75.3454842 ,   63.78479103],
         [  13.7593476 ,   21.24860347],
         [  22.11001019,   22.8143527 ],
         [  84.73997961,   16.55135576],
         [ 119.18646279,   10.28835882],
         [ 127.27616718,   14.72464832],
         [ 136.14874618,   10.02740061],
         [ 142.93365953,    4.54727829],
         [ 159.1130683 ,    6.37398573],
         [ 183.12122324,    4.54727829],
         [ 170.85618756,    3.76440367],
         [ 167.46373089,    6.37398573],
         [ 183.12122324,    9.76644241],
         [ 191.21092762,    6.37398573],
         [ 223.04782875,    5.59111111],
         [ 211.30470948,    5.59111111],
         [ 238.18340469,    8.20069317],
         [ 250.97035678,    9.76644241],
         [ 252.0141896 ,    5.59111111],
         [ 170.59522936,   60.65329256],
         [ 179.72876656,   55.95604485],
         [  45.07433231,    8.72260958],
         [  59.16607543,   12.37602446],
         [ 110.7053211 ,   12.42797146],
         [  97.13549439,   14.5156371 ],
         [ 102.87657492,   10.86222222],
         [  79.9122528 ,   12.42797146],
         [  68.95200815,    8.77455657],
         [ 205.69410805,   30.17312946],
         [  40.2466055 ,   18.16905199],
         [  45.46576962,   14.5156371 ]]), array([[228]], dtype=uint8))]]
