[[(array([[ 359.5959596 ,  648.51393939],
         [ 283.02868687,  673.42868687],
         [ 270.26747475,  657.62909091],
         [ 255.07555556,  649.12161616],
         [ 206.46141414,  668.56727273],
         [ 159.67030303,  665.52888889],
         [ 173.03919192,  640.00646465],
         [ 221.65333333,  614.4840404 ],
         [ 183.97737374,  607.79959596],
         [ 146.90909091,  619.95313131],
         [  94.04121212,  639.39878788],
         [  66.69575758,  616.91474747],
         [ 106.19474747,  584.70787879],
         [ 130.50181818,  609.01494949],
         [ 140.83232323,  590.1769697 ],
         [ 174.25454545,  584.70787879],
         [ 177.29292929,  572.55434343],
         [ 170.00080808,  550.07030303],
         [ 215.57656566,  581.66949495],
         [ 242.9220202 ,  561.00848485],
         [ 221.65333333,  548.85494949],
         [ 236.23757576,  533.6630303 ],
         [ 258.11393939,  540.34747475],
         [ 260.54464646,  577.41575758],
         [ 273.30585859,  594.43070707],
         [ 275.12888889,  531.23232323],
         [  19.2969697 ,  627.24525253],
         [  63.04969697,  592.60767677],
         [  33.88121212,  590.1769697 ],
         [  44.21171717,  573.1620202 ],
         [   6.53575758,  578.02343434],
         [  24.76606061,  556.75474747],
         [  66.08808081,  551.28565657],
         [  78.84929293,  567.08525253],
         [ 103.15636364,  551.89333333],
         [ 117.74060606,  553.10868687],
         [ 154.20121212,  522.11717172],
         [ 134.14787879,  511.78666667],
         [  82.49535354,  522.72484848],
         [  67.30343434,  526.97858586],
         [  50.89616162,  535.48606061],
         [  35.70424242,  527.58626263],
         [  25.98141414,  520.29414141],
         [   7.14343434,  532.44767677],
         [  27.19676768,  499.63313131],
         [  29.62747475,  480.79515152],
         [  76.41858586,  499.63313131],
         [  77.63393939,  475.32606061],
         [  78.84929293,  460.13414141],
         [  41.7810101 ,  464.38787879],
         [  41.7810101 ,  435.82707071],
         [   8.96646465,  441.29616162],
         [  25.37373737,  416.38141414],
         [  14.43555556,  419.41979798],
         [  20.51232323,  404.83555556],
         [  18.08161616,  387.21292929],
         [  81.28      ,  450.41131313],
         [  57.58060606,  439.47313131],
         [  69.12646465,  423.67353535],
         [  63.65737374,  419.41979798],
         [  53.93454545,  418.20444444],
         [  69.12646465,  404.83555556],
         [  61.83434343,  392.07434343],
         [  49.07313131,  378.70545455],
         [  77.02626263,  385.38989899],
         [  82.49535354,  404.22787879],
         [  86.14141414,  410.91232323],
         [  98.90262626,  424.88888889],
         [  97.07959596,  416.98909091],
         [ 104.37171717,  408.48161616],
         [ 190.05414141,  537.91676768],
         [ 199.7769697 ,  527.58626263],
         [ 215.57656566,  500.24080808],
         [ 180.33131313,  494.1640404 ],
         [ 149.94747475,  480.79515152],
         [ 148.12444444,  465.60323232],
         [ 132.32484848,  457.70343434],
         [ 112.27151515,  466.81858586],
         [ 101.9410101 ,  460.13414141],
         [ 103.15636364,  447.98060606],
         [ 120.17131313,  445.54989899],
         [ 154.80888889,  450.41131313],
         [ 170.00080808,  460.13414141],
         [ 174.25454545,  452.23434343],
         [ 191.87717172,  465.60323232],
         [ 193.09252525,  446.76525253],
         [ 199.16929293,  439.47313131],
         [ 246.56808081,  453.44969697],
         [ 267.22909091,  511.1789899 ],
         [ 264.19070707,  494.1640404 ],
         [ 281.81333333,  495.98707071],
         [ 286.67474747,  528.19393939],
         [ 299.4359596 ,  513.60969697],
         [ 314.02020202,  531.23232323],
         [ 319.48929293,  516.04040404],
         [ 336.50424242,  516.04040404],
         [ 335.28888889,  491.73333333],
         [ 365.06505051,  519.07878788],
         [ 359.5959596 ,  497.20242424],
         [ 371.74949495,  484.44121212],
         [ 394.84121212,  476.54141414],
         [ 420.36363636,  464.38787879],
         [ 419.14828283,  492.94868687],
         [ 411.24848485,  483.22585859],
         [ 405.17171717,  499.63313131],
         [ 399.70262626,  535.48606061],
         [ 221.65333333,  460.13414141],
         [ 230.16080808,  437.04242424],
         [ 218.61494949,  426.10424242],
         [ 241.0989899 ,  426.10424242],
         [ 271.48282828,  428.53494949],
         [ 260.54464646,  421.85050505],
         [ 275.73656566,  412.12767677],
         [ 259.32929293,  400.58181818],
         [ 282.4210101 ,  427.31959596],
         [ 298.22060606,  426.10424242],
         [ 290.32080808,  446.76525253],
         [ 314.02020202,  419.41979798],
         [ 333.46585859,  415.77373737],
         [ 312.19717172,  401.18949495],
         [ 221.04565657,  404.83555556],
         [ 225.90707071,  401.18949495],
         [ 221.04565657,  395.11272727],
         [ 211.93050505,  399.36646465],
         [ 206.46141414,  404.22787879],
         [ 207.06909091,  414.55838384],
         [ 202.81535354,  394.50505051],
         [ 205.85373737,  392.07434343],
         [ 211.93050505,  387.21292929],
         [ 192.48484848,  395.72040404],
         [ 182.7620202 ,  398.15111111],
         [ 168.78545455,  398.15111111],
         [ 168.17777778,  408.48161616],
         [ 159.67030303,  412.73535354],
         [ 156.63191919,  434.0040404 ],
         [ 157.23959596,  421.24282828],
         [ 150.55515152,  417.59676768],
         [ 133.54020202,  417.59676768],
         [ 136.57858586,  406.65858586],
         [ 150.55515152,  402.40484848],
         [ 138.40161616,  395.11272727],
         [ 142.65535354,  381.74383838],
         [  94.04121212,  381.74383838],
         [ 100.72565657,  375.05939394],
         [  91.00282828,  365.33656566],
         [  69.12646465,  368.98262626],
         [ 111.05616162,  359.86747475],
         [ 100.72565657,  358.04444444],
         [ 117.13292929,  369.59030303],
         [ 124.42505051,  374.45171717],
         [ 131.10949495,  370.80565657],
         [ 131.71717172,  362.29818182],
         [ 142.65535354,  362.29818182],
         [ 142.65535354,  368.37494949],
         [ 160.88565657,  374.45171717],
         [ 167.57010101,  364.12121212],
         [ 152.37818182,  365.33656566],
         [ 171.82383838,  376.27474747],
         [ 183.97737374,  373.8440404 ],
         [ 178.50828283,  365.33656566],
         [ 190.05414141,  380.52848485],
         [ 196.73858586,  366.55191919],
         [ 204.03070707,  367.76727273],
         [ 211.93050505,  362.29818182],
         [ 221.04565657,  373.23636364],
         [ 235.02222222,  362.29818182],
         [ 248.39111111,  363.51353535],
         [ 224.0840404 ,  356.82909091],
         [ 228.33777778,  346.49858586],
         [ 207.67676768,  349.5369697 ],
         [ 211.32282828,  336.16808081],
         [ 196.13090909,  336.77575758],
         [ 191.87717172,  343.46020202],
         [ 182.15434343,  335.56040404],
         [ 173.64686869,  345.89090909],
         [ 101.33333333,  395.72040404],
         [ 118.9559596 ,  393.28969697],
         [ 603.8820202 ,  665.52888889],
         [ 501.18464646,  600.50747475],
         [ 624.5430303 ,  584.10020202],
         [ 767.34707071,  587.13858586],
         [ 898.60525253,  640.61414141],
         [ 713.26383838,  550.6779798 ],
         [ 714.47919192,  524.54787879],
         [ 455.60888889,  473.5030303 ],
         [ 451.96282828,  456.48808081],
         [ 478.09292929,  453.44969697],
         [ 489.63878788,  437.04242424],
         [ 220.4379798 ,  345.89090909],
         [ 225.29939394,  332.5220202 ],
         [ 225.29939394,  327.05292929],
         [ 533.99919192,  461.34949495],
         [ 523.66868687,  437.04242424],
         [ 523.66868687,  420.63515152],
         [ 510.90747475,  405.44323232],
         [ 495.10787879,  393.89737374],
         [ 486.60040404,  387.82060606],
         [ 477.48525253,  376.27474747],
         [ 453.78585859,  366.55191919],
         [ 425.83272727,  388.42828283],
         [ 443.45535354,  395.72040404],
         [ 462.29333333,  415.16606061],
         [ 411.85616162,  410.30464646],
         [ 402.13333333,  404.83555556],
         [ 396.05656566,  395.72040404],
         [ 368.10343434,  418.81212121],
         [ 375.39555556,  413.3430303 ],
         [ 380.86464646,  435.82707071],
         [ 409.42545455,  465.60323232],
         [ 371.74949495,  400.58181818],
         [ 359.5959596 ,  402.40484848],
         [ 381.47232323,  397.54343434],
         [ 355.94989899,  388.42828283],
         [ 343.18868687,  386.60525253],
         [ 326.17373737,  384.78222222],
         [ 310.37414141,  387.82060606],
         [ 301.2589899 ,  376.27474747],
         [ 306.72808081,  362.29818182],
         [ 314.02020202,  355.00606061],
         [ 324.95838384,  344.67555556],
         [ 331.64282828,  354.39838384],
         [ 338.93494949,  367.76727273],
         [ 331.03515152,  373.8440404 ],
         [ 348.05010101,  365.33656566],
         [ 366.28040404,  379.92080808],
         [ 375.39555556,  369.59030303],
         [ 383.9030303 ,  356.82909091],
         [ 393.01818182,  365.33656566],
         [ 406.99474747,  380.52848485],
         [ 418.54060606,  376.27474747],
         [ 413.67919192,  362.90585859],
         [ 420.97131313,  359.86747475],
         [ 443.45535354,  350.14464646],
         [ 451.96282828,  350.14464646],
         [ 470.80080808,  358.65212121],
         [ 473.23151515,  349.5369697 ],
         [ 464.11636364,  343.46020202],
         [ 436.77090909,  330.6989899 ],
         [ 444.0630303 ,  311.25333333],
         [ 514.55353535,  377.49010101],
         [ 513.94585859,  368.37494949],
         [ 498.75393939,  352.57535354],
         [ 490.24646465,  338.59878788],
         [ 481.13131313,  349.5369697 ],
         [ 475.05454545,  331.30666667],
         [ 489.03111111,  325.22989899],
         [ 531.56848485,  381.74383838],
         [ 529.13777778,  364.12121212],
         [ 534.60686869,  349.5369697 ],
         [ 538.86060606,  404.22787879],
         [ 557.09090909,  419.41979798],
         [ 566.20606061,  440.08080808],
         [ 578.35959596,  477.75676768],
         [ 614.82020202,  483.22585859],
         [ 648.85010101,  474.11070707],
         [ 691.38747475,  460.13414141],
         [ 726.63272727,  469.8569697 ],
         [ 758.23191919,  523.33252525],
         [ 761.27030303,  468.03393939],
         [ 812.31515152,  465.60323232],
         [ 818.99959596,  445.54989899],
         [ 684.09535354,  483.22585859],
         [ 738.17858586,  428.53494949],
         [ 763.09333333,  398.75878788],
         [ 774.63919192,  397.54343434],
         [ 786.79272727,  405.44323232],
         [ 801.3769697 ,  373.23636364],
         [ 874.90585859,  388.42828283],
         [ 869.43676768,  376.27474747],
         [ 883.41333333,  376.88242424],
         [ 918.05090909,  376.27474747],
         [ 747.90141414,  388.42828283],
         [ 772.20848485,  368.98262626],
         [ 743.64767677,  355.61373737],
         [ 719.34060606,  351.36      ],
         [ 749.11676768,  376.27474747],
         [ 692.60282828,  398.75878788],
         [ 678.62626263,  420.63515152],
         [ 679.84161616,  403.62020202],
         [ 656.74989899,  415.16606061],
         [ 665.25737374,  387.21292929],
         [ 643.3810101 ,  384.78222222],
         [ 633.65818182,  407.26626263],
         [ 622.72      ,  403.01252525],
         [ 620.28929293,  389.64363636],
         [ 620.28929293,  377.49010101],
         [ 602.66666667,  379.92080808],
         [ 619.68161616,  362.29818182],
         [ 640.34262626,  364.12121212],
         [ 643.3810101 ,  354.39838384],
         [ 657.96525253,  317.33010101],
         [ 694.42585859,  330.09131313],
         [ 716.90989899,  335.56040404],
         [ 695.64121212,  384.17454545],
         [ 685.31070707,  381.74383838],
         [ 562.56      ,  381.74383838],
         [ 581.3979798 ,  384.17454545],
         [ 564.3830303 ,  365.33656566],
         [ 574.71353535,  359.86747475],
         [ 598.41292929,  354.39838384],
         [ 602.66666667,  365.33656566],
         [ 608.74343434,  335.56040404],
         [ 617.85858586,  319.76080808],
         [ 603.27434343,  314.29171717],
         [ 592.33616162,  321.58383838],
         [ 591.12080808,  310.64565657],
         [ 589.90545455,  300.92282828],
         [ 566.20606061,  311.8610101 ],
         [ 573.49818182,  327.05292929],
         [ 571.67515152,  333.12969697],
         [ 546.76040404,  347.71393939],
         [ 541.29131313,  329.48363636],
         [ 523.66868687,  322.79919192],
         [ 533.99919192,  309.43030303],
         [ 543.7220202 ,  308.82262626],
         [ 551.01414141,  308.21494949],
         [ 545.54505051,  319.15313131],
         [ 513.33818182,  297.27676768],
         [ 513.33818182,  310.64565657],
         [ 289.71313131,  364.12121212],
         [ 295.18222222,  351.96767677],
         [ 288.49777778,  352.57535354],
         [ 291.53616162,  342.24484848],
         [ 288.49777778,  328.26828283],
         [ 472.01616162,  317.33010101],
         [ 459.25494949,  311.25333333],
         [ 462.9010101 ,  305.17656566],
         [ 497.53858586,  313.6840404 ],
         [ 484.77737374,  310.64565657],
         [ 491.46181818,  291.80767677],
         [ 496.32323232,  296.66909091],
         [ 547.36808081,  291.2       ],
         [ 556.48323232,  297.27676768],
         [ 561.34464646,  297.88444444],
         [ 565.59838384,  291.80767677],
         [ 575.32121212,  297.88444444],
         [ 577.75191919,  294.23838384],
         [ 356.55757576,  381.74383838],
         [ 620.8969697 ,  434.0040404 ],
         [ 817.17656566,  369.59030303],
         [ 189.44646465,  355.61373737],
         [ 314.30787879,  372.32484848],
         [ 321.29616162,  354.39838384],
         [ 240.7789899 ,  323.71070707],
         [ 256.57858586,  319.15313131],
         [ 241.38666667,  336.77575758],
         [ 241.99434343,  309.43030303],
         [ 245.64040404,  300.92282828],
         [ 248.67878788,  291.50383838],
         [ 251.10949495,  300.6189899 ],
         [ 230.44848485,  315.50707071],
         [ 230.75232323,  277.22343434],
         [ 221.33333333,  278.43878788],
         [ 188.21494949,  271.75434343],
         [ 186.99959596,  267.50060606],
         [ 195.50707071,  270.5389899 ],
         [ 188.51878788,  282.69252525],
         [ 212.21818182,  268.7159596 ],
         [ 214.64888889,  265.98141414],
         [ 222.85252525,  269.32363636],
         [ 232.27151515,  270.23515152],
         [ 168.76929293,  269.32363636],
         [ 167.25010101,  290.59232323],
         [ 169.98464646,  282.38868687],
         [ 163.90787879,  283.90787879],
         [  57.86828283,  285.42707071],
         [  45.71474747,  289.68080808],
         [  42.98020202,  286.94626263],
         [  30.52282828,  297.58060606],
         [  25.35757576,  290.59232323],
         [  15.33090909,  292.11151515],
         [  80.04848485,  284.51555556],
         [  92.50585859,  280.56565657],
         [ 105.26707071,  287.85777778],
         [ 160.26181818,  318.24161616],
         [ 163.30020202,  313.07636364],
         [ 170.59232323,  320.36848485],
         [ 179.40363636,  324.01454545],
         [ 269.0359596 ,  310.64565657],
         [ 287.87393939,  307.30343434],
         [ 241.99434343,  407.87393939],
         [ 238.04444444,  300.92282828],
         [ 111.64767677,  424.58505051],
         [ 435.40363636,  297.73252525],
         [ 777.06989899,  434.61171717],
         [  67.91111111,  289.3769697 ],
         [ 961.51357975,  637.99667   ],
         [1017.77731602,  633.9047619 ],
         [ 124.71837496,  497.84881785],
         [ 143.13196137,  502.96370296],
         [ 731.34374958,  408.84981685],
         [ 659.73535798,  369.97668998],
         [ 182.77232101,  421.12554113]]), array([[393]], dtype=uint16))]]
