[[(array([[  80.36894118,  486.35482353],
         [ 108.07717647,  469.48894118],
         [  40.61364706,  429.73364706],
         [  47.84188235,  391.18305882],
         [   6.88188235,  380.34070588],
         [  32.18070588,  296.01129412],
         [  49.04658824,  281.55482353],
         [  77.95952941,  327.33364706],
         [  99.64423529,  308.05835294],
         [ 117.71482353,  374.31717647],
         [ 146.62776471,  394.79717647],
         [ 181.56423529,  433.34776471],
         [ 224.93364706,  450.21364706],
         [ 277.94070588,  503.22070588],
         [ 293.60188235,  480.33129412],
         [ 327.33364706,  469.48894118],
         [ 339.38070588,  503.22070588],
         [ 428.52894118,  436.96188235],
         [ 463.46541176,  444.19011765],
         [ 582.73129412,  422.50541176],
         [ 600.80188235,  433.34776471],
         [ 706.816     ,  397.20658824],
         [ 733.31952941,  436.96188235],
         [ 750.18541176,  409.25364706],
         [ 792.35011765,  434.55247059],
         [ 786.32658824,  506.83482353],
         [ 836.92423529,  458.64658824],
         [ 868.24658824,  463.46541176],
         [ 910.41129412,  471.89835294],
         [ 932.096     ,  506.83482353],
         [ 929.68658824,  450.21364706],
         [ 973.056     ,  450.21364706],
         [ 901.97835294,  416.48188235],
         [ 869.45129412,  391.18305882],
         [ 873.06541176,  428.52894118],
         [ 833.31011765,  416.48188235],
         [ 818.85364706,  368.29364706],
         [ 852.58541176,  368.29364706],
         [ 782.71247059,  371.90776471],
         [ 747.776     ,  346.60894118],
         [ 700.79247059,  351.42776471],
         [ 670.67482353,  374.31717647],
         [ 708.02070588,  306.85364706],
         [ 750.18541176,  309.26305882],
         [ 797.16894118,  306.85364706],
         [ 853.79011765,  346.60894118],
         [ 856.19952941,  318.90070588],
         [ 904.38776471,  308.05835294],
         [ 928.48188235,  358.656     ],
         [ 945.34776471,  332.15247059],
         [ 994.74070588,  367.08894118],
         [ 642.96658824,  310.46776471],
         [ 617.66776471,  274.32658824],
         [ 574.29835294,  312.87717647],
         [ 500.81129412,  371.90776471],
         [ 521.29129412,  335.76658824],
         [ 509.24423529,  299.62541176],
         [ 536.95247059,  265.89364706],
         [ 527.31482353,  211.68188235],
         [ 557.43247059,  211.68188235],
         [ 486.35482353,  323.71952941],
         [ 458.64658824,  374.31717647],
         [-177.43811765,  388.77364706],
         [ 479.12658824,  293.60188235],
         [ 479.12658824,  243.00423529],
         [ 455.03247059,  275.53129412],
         [ 445.39482353,  298.42070588],
         [ 439.37129412,  332.15247059],
         [ 427.32423529,  361.06541176],
         [ 410.45835294,  324.92423529],
         [ 383.95482353,  302.03482353],
         [ 409.25364706,  287.57835294],
         [ 414.07247059,  240.59482353],
         [ 374.31717647,  409.25364706],
         [ 333.35717647,  391.18305882],
         [ 296.01129412,  385.15952941],
         [ 268.30305882,  405.63952941],
         [ 221.31952941,  385.15952941],
         [ 273.12188235,  357.45129412],
         [ 300.83011765,  329.74305882],
         [ 305.64894118,  293.60188235],
         [ 267.09835294,  274.32658824],
         [ 261.07482353,  308.05835294],
         [ 253.84658824,  332.15247059],
         [ 212.88658824,  302.03482353],
         [ 221.31952941,  275.53129412],
         [ 170.72188235,  302.03482353],
         [ 145.42305882,  299.62541176],
         [  28.56658824,  234.57129412],
         [  71.936     ,  220.11482353],
         [   6.88188235,   56.27482353],
         [  58.68423529,   24.95247059],
         [  70.73129412,   14.11011765],
         [ 147.83247059,  109.28188235],
         [ 135.78541176,  149.03717647],
         [ 165.90305882,  177.95011765],
         [ 138.19482353,  206.86305882],
         [ 132.17129412,  250.23247059],
         [ 168.31247059,  212.88658824],
         [ 128.256     ,  169.51717647],
         [ 165.60188235,  238.78776471],
         [ 207.16423529,  230.35482353],
         [ 211.98305882,  152.04894118],
         [ 173.43247059,  112.29364706],
         [ 204.15247059,   83.38070588],
         [ 228.84894118,   85.18776471],
         [ 224.03011765,  186.38305882],
         [ 263.78541176,  200.83952941],
         [ 286.07247059,  217.70541176],
         [ 321.00894118,  211.07952941],
         [ 303.54070588,  196.62305882],
         [ 266.19482353,  123.136     ],
         [ 268.60423529,   65.91247059],
         [ 305.95011765,   58.08188235],
         [ 316.19011765,  134.58070588],
         [ 352.33129412,  147.23011765],
         [ 359.55952941,  185.17835294],
         [ 389.07482353,  198.43011765],
         [ 401.72423529,  150.24188235],
         [ 363.17364706,  114.70305882],
         [ 362.57129412,   85.18776471],
         [ 392.08658824,   86.39247059],
         [ 418.59011765,   92.416     ],
         [ 433.64894118,  125.54541176],
         [ 440.87717647,  151.44658824],
         [ 474.00658824,  133.376     ],
         [ 484.84894118,  150.24188235],
         [ 458.34541176,  120.72658824],
         [ 496.896     ,  101.45129412],
         [ 452.32188235,   72.53835294],
         [ 482.43952941,   65.31011765],
         [ 453.52658824,   35.79482353],
         [ 488.46305882,   18.92894118],
         [ 406.54305882,   65.31011765],
         [ 357.15011765,   56.87717647],
         [ 352.93364706,   33.98776471],
         [ 369.49835294,    4.47247059],
         [ 333.35717647,    9.29129412],
         [ 526.11011765,   44.22776471],
         [ 524.90541176,  100.84894118],
         [ 551.40894118,   86.39247059],
         [ 583.936     ,   47.84188235],
         [ 588.75482353,   11.70070588],
         [ 618.87247059,   17.72423529],
         [ 622.48658824,   41.81835294],
         [ 602.00658824,  161.08423529],
         [ 687.54070588,  126.14776471],
         [ 670.67482353,  147.83247059],
         [ 722.47717647,  170.72188235],
         [ 695.97364706,  198.43011765],
         [ 740.54776471,  232.16188235],
         [ 767.05129412,  147.83247059],
         [ 750.18541176,  179.15482353],
         [ 818.85364706,  211.68188235],
         [ 832.10541176,  169.51717647],
         [ 858.60894118,  173.13129412],
         [ 933.30070588,  189.99717647],
         [ 992.33129412,  177.95011765],
         [ 969.44188235,  105.66776471],
         [ 939.32423529,  117.71482353],
         [ 951.37129412,   58.68423529],
         [ 924.86776471,   41.81835294],
         [ 914.02541176,    9.29129412],
         [ 840.53835294,   50.25129412],
         [ 798.37364706,   10.496     ],
         [ 770.66541176,   11.70070588],
         [ 429.73364706,    5.67717647],
         [ 813.73364706,  294.50541176]]), array([[168]], dtype=uint8))]]
