[[(array([[ 76.20573356, 252.85666105],
         [123.33052277, 373.05902192],
         [ 24.98313659, 290.41989882],
         [ 59.81450253, 209.8296796 ],
         [  8.59190556, 188.65767285],
         [  4.49409781, 147.67959528],
         [ 39.32546374, 151.09443508],
         [ 56.39966273, 170.9005059 ],
         [ 80.30354132, 176.36424958],
         [ 91.23102867, 143.58178752],
         [ 75.5227656 , 134.02023609],
         [ 48.88701518, 110.1163575 ],
         [ 46.15514334, 129.92242833],
         [ 30.44688027,  93.04215852],
         [ 54.35075885,  88.94435076],
         [ 63.91231029,  72.55311973],
         [ 16.10455312,  73.23608769],
         [  7.22596965,  78.01686341],
         [  7.90893761,  51.38111298],
         [ 35.22765599,  52.06408094],
         [ 47.52107926,  41.81956155],
         [ 48.20404722,  22.69645868],
         [ 34.54468803,  26.11129848],
         [ 63.91231029,  36.35581788],
         [ 65.27824621,  50.69814503],
         [ 81.66947723,  50.01517707],
         [ 83.71838111,  37.03878583],
         [ 96.69477234,  30.20910624],
         [ 86.45025295,  74.60202361],
         [104.2074199 ,  76.65092749],
         [113.08600337,  95.77403035],
         [ 93.27993255, 107.38448567],
         [129.4772344 , 114.89713322],
         [124.01349073, 142.89881956],
         [160.21079258, 118.99494098],
         [175.91905565, 153.82630691],
         [155.43001686,  96.45699831],
         [139.72175379,  82.79763912],
         [139.03878583,  71.87015177],
         [121.96458685,  62.30860034],
         [118.54974705,  45.91736931],
         [115.13490725,  20.64755481],
         [118.54974705,  30.8920742 ],
         [140.40472175,  17.23271501],
         [159.52782462,  11.08600337],
         [186.16357504,  56.84485666],
         [185.48060708,  90.99325464],
         [214.16526138,  63.67453626],
         [203.23777403,  27.4772344 ],
         [208.01854975,   7.67116358],
         [236.02023609,   8.35413153],
         [231.23946037,  35.67284992],
         [190.94435076,  11.08600337],
         [235.33726813,  84.16357504],
         [226.45868465, 123.09274874],
         [238.75210793, 144.26475548],
         [215.5311973 , 167.4856661 ],
         [215.5311973 , 213.24451939],
         [301.5851602 , 266.51602024],
         [258.55817875, 185.92580101],
         [285.19392917, 155.19224283],
         [274.94940978, 121.04384486],
         [258.55817875,  84.846543  ],
         [252.41146712,  37.03878583],
         [256.50927487,  18.59865093],
         [284.51096121,  28.16020236],
         [289.97470489,  15.18381113],
         [288.60876897,  45.23440135],
         [302.26812816,  69.13827993],
         [311.14671164,  47.96627319],
         [326.17200675,  32.25801012],
         [313.19561551,  17.91568297],
         [339.14839798,  17.91568297],
         [345.29510961,   9.03709949],
         [362.3693086 ,   9.72006745],
         [352.12478921,  30.20910624],
         [347.34401349,  56.84485666],
         [358.27150084,  58.21079258],
         [350.75885329,  77.33389545],
         [371.24789207,  88.94435076],
         [350.07588533, 123.09274874],
         [321.39123103, 127.19055649],
         [344.61214165, 192.75548061],
         [371.24789207, 263.10118044],
         [539.25801012, 280.17537943],
         [590.48060708, 280.17537943],
         [590.48060708, 210.51264755],
         [505.10961214, 189.34064081],
         [485.98650927, 158.60708263],
         [400.61551433, 189.34064081],
         [422.47048904, 152.46037099],
         [385.59021922,  73.23608769],
         [380.12647555,  50.69814503],
         [398.56661046,  48.64924115],
         [384.22428331,  19.96458685],
         [397.20067454,  14.50084317],
         [414.95784148,  32.25801012],
         [425.88532884,  43.86846543],
         [437.49578415,  12.45193929],
         [469.59527825,  11.08600337],
         [492.13322091,  28.16020236],
         [501.69477234,  54.79595278],
         [506.47554806,  33.62394604],
         [487.35244519,  72.55311973],
         [436.81281619,  90.31028668],
         [497.59696459, 146.31365936],
         [558.38111298, 143.58178752],
         [593.89544688, 180.46205734],
         [557.69814503,  49.33220911],
         [530.37942664,   5.6222597 ],
         [582.96795953,   8.35413153]]), array([[111]], dtype=uint8))]]
