[[(array([[  97.04545455,  603.53409091],
         [  42.63636364,  563.375     ],
         [  69.84090909,  461.03409091],
         [ 235.65909091,  521.92045455],
         [ 274.52272727,  692.92045455],
         [ 264.15909091,  779.71590909],
         [ 374.27272727,  726.60227273],
         [ 446.81818182,  624.26136364],
         [ 392.40909091,  527.10227273],
         [ 395.        ,  467.51136364],
         [ 345.77272727,  401.44318182],
         [ 253.79545455,  388.48863636],
         [ 198.09090909,  322.42045455],
         [  80.20454545,  291.32954545],
         [  27.09090909,  350.92045455],
         [  40.04545455,  415.69318182],
         [ 543.97727273,  562.07954545],
         [ 483.09090909,  503.78409091],
         [ 600.97727273,  431.23863636],
         [ 642.43181818,  433.82954545],
         [ 682.59090909,  492.125     ],
         [ 702.02272727,  571.14772727],
         [ 660.56818182,  705.875     ],
         [ 955.93181818,  743.44318182],
         [ 976.65909091,  635.92045455],
         [ 634.65909091,  567.26136364],
         [ 854.88636364,  575.03409091],
         [1012.93181818,  549.125     ],
         [ 967.59090909,  458.44318182],
         [ 892.45454545,  479.17045455],
         [ 786.22727273,  594.46590909],
         [ 777.15909091,  362.57954545],
         [ 830.27272727,  344.44318182],
         [ 703.31818182,  389.78409091],
         [ 997.38636364,  426.05681818],
         [1012.93181818,  353.51136364],
         [ 994.79545455,  322.42045455],
         [1015.52272727,  273.19318182],
         [1018.11363636,  208.42045455],
         [1009.04545455,  137.17045455],
         [ 961.11363636,  203.23863636],
         [ 958.52272727,  163.07954545],
         [ 908.        ,  196.76136364],
         [ 876.90909091,  213.60227273],
         [ 932.61363636,  248.57954545],
         [ 901.52272727,  262.82954545],
         [ 893.75      ,  317.23863636],
         [ 861.36363636,  264.125     ],
         [ 778.45454545,  207.125     ],
         [ 834.15909091,  166.96590909],
         [ 806.95454545,  291.32954545],
         [ 712.38636364,  302.98863636],
         [ 687.77272727,  253.76136364],
         [ 703.31818182,  222.67045455],
         [ 656.68181818,  261.53409091],
         [ 632.06818182,  221.375     ],
         [ 639.84090909,  181.21590909],
         [ 722.75      ,  151.42045455],
         [ 755.13636364,  151.42045455],
         [ 676.11363636,  182.51136364],
         [ 607.45454545,  248.57954545],
         [ 613.93181818,  277.07954545],
         [ 578.95454545,  270.60227273],
         [ 543.97727273,  335.375     ],
         [ 551.75      ,  299.10227273],
         [ 490.86363636,  308.17045455],
         [ 395.        ,  322.42045455],
         [ 441.63636364,  299.10227273],
         [ 295.25      ,  293.92045455],
         [ 317.27272727,  277.07954545],
         [ 225.29545455,  295.21590909],
         [ 159.22727273,  269.30681818],
         [   5.06818182,  252.46590909],
         [ 230.47727273,  235.625     ],
         [ 221.40909091,  194.17045455],
         [ 169.59090909,  212.30681818],
         [ 308.20454545,  182.51136364],
         [ 369.09090909,  181.21590909],
         [ 446.81818182,  231.73863636],
         [ 505.11363636,  243.39772727],
         [ 502.52272727,  181.21590909],
         [ 468.84090909,  194.17045455],
         [1014.22727273,  209.71590909],
         [ 461.06818182,  134.57954545],
         [ 385.93181818,  195.46590909],
         [ 236.95454545,   99.60227273],
         [ 211.04545455,   64.625     ],
         [ 173.47727273,   72.39772727],
         [ 157.93181818,   52.96590909],
         [ 130.72727273,   55.55681818],
         [  94.45454545,  107.375     ],
         [  18.02272727,   82.76136364],
         [  65.95454545,  196.76136364],
         [ 110.        ,  194.17045455],
         [  82.79545455,  137.17045455],
         [ 106.11363636,  155.30681818],
         [ 143.68181818,  117.73863636],
         [ 168.29545455,  143.64772727],
         [ 186.43181818,  157.89772727],
         [ 147.56818182,   10.21590909],
         [ 122.95454545,   21.875     ],
         [  84.09090909,    5.03409091],
         [  29.68181818,    3.73863636],
         [  46.52272727,   76.28409091],
         [   3.77272727,   43.89772727],
         [ 308.20454545,   49.07954545],
         [ 275.81818182,   43.89772727],
         [ 247.31818182,   34.82954545],
         [ 370.38636364,  103.48863636],
         [ 423.5       ,  176.03409091],
         [ 398.88636364,  151.42045455],
         [ 532.31818182,   63.32954545],
         [ 476.61363636,   90.53409091],
         [ 598.38636364,   86.64772727],
         [ 594.5       ,   52.96590909],
         [ 961.11363636,   50.375     ],
         [ 940.38636364,    3.73863636],
         [ 485.68181818,    5.03409091],
         [ 461.06818182,   16.69318182],
         [ 417.02272727,   59.44318182],
         [ 393.70454545,   82.76136364],
         [ 527.13636364,   98.30681818],
         [ 356.13636364,   49.07954545],
         [ 380.75      ,   41.30681818],
         [ 282.29545455,   16.69318182],
         [ 249.90909091,   21.875     ],
         [ 213.63636364,    7.625     ],
         [ 181.25      ,   12.80681818],
         [ 349.65909091,   12.80681818],
         [ 440.34090909,   94.42045455],
         [ 569.88636364,   67.21590909],
         [ 568.59090909,   36.125     ],
         [ 541.38636364,   28.35227273],
         [ 974.06818182,  264.125     ],
         [ 426.09090909,  749.92045455],
         [ 348.36363636,  786.19318182],
         [ 281.        ,  191.57954545]]), array([[137]], dtype=uint8))]]
