[[(array([[  39.64373089,  555.32670744],
         [  75.13404689,  520.88022426],
         [  99.14220183,  569.94036697],
         [ 139.85168196,  525.05555556],
         [ 203.5254842 ,  567.85270133],
         [ 250.49796126,  553.23904179],
         [ 206.65698267,  509.3980632 ],
         [ 271.37461774,  501.04740061],
         [ 326.69775739,  553.23904179],
         [ 376.80173293,  542.80071356],
         [ 404.98521916,  570.9841998 ],
         [ 460.30835882,  494.78440367],
         [ 482.22884811,  474.95158002],
         [ 410.20438328,  464.51325178],
         [ 334.00458716,  461.38175331],
         [ 298.51427115,  453.03109072],
         [ 226.48980632,  433.19826707],
         [ 178.47349643,  482.25840979],
         [ 197.26248726,  401.88328236],
         [ 151.33384302,  411.27777778],
         [ 131.50101937,  365.34913354],
         [ 102.27370031,  346.56014271],
         [  27.117737  ,  381.00662589],
         [  26.07390418,  443.63659531],
         [  33.38073394,  501.04740061],
         [  54.25739042,  358.04230377],
         [ 105.40519878,  278.71100917],
         [  36.51223242,  299.58766565],
         [  49.0382263 ,  242.17686035],
         [  74.09021407,  183.72222222],
         [  96.01070336,  173.28389399],
         [ 137.76401631,  167.02089704],
         [  12.50407747,  129.44291539],
         [  41.73139653,  129.44291539],
         [  87.66004077,  129.44291539],
         [ 122.10652396,  100.21559633],
         [   8.32874618,   59.50611621],
         [  45.90672783,   67.8567788 ],
         [ 136.72018349,   29.23496432],
         [ 104.36136595,   58.46228338],
         [  44.86289501,   19.84046891],
         [  67.82721713,   11.48980632],
         [ 185.7803262 ,   29.23496432],
         [ 208.74464832,   24.0158002 ],
         [ 224.40214067,   53.24311927],
         [ 176.38583078,   75.16360856],
         [ 267.19928644,   55.33078491],
         [ 232.75280326,    4.18297655],
         [ 233.79663609,   92.90876656],
         [ 224.40214067,  122.13608563],
         [ 188.91182467,  140.92507645],
         [ 169.07900102,  186.85372069],
         [ 224.40214067,  173.28389399],
         [ 280.76911315,  167.02089704],
         [ 249.45412844,  206.68654434],
         [ 168.0351682 ,  280.79867482],
         [ 198.30632008,  314.20132518],
         [ 159.68450561,  329.85881753],
         [ 217.09531091,  295.41233435],
         [ 246.32262997,  317.33282365],
         [ 242.14729867,  274.53567788],
         [ 299.55810398,  224.43170234],
         [ 370.53873598,  212.94954128],
         [ 336.0922528 ,  151.36340469],
         [ 370.53873598,  135.70591233],
         [ 297.47043833,  107.5224261 ],
         [ 313.12793068,   49.06778797],
         [ 344.44291539,   22.97196738],
         [ 352.79357798,   69.94444444],
         [ 415.4235474 ,   73.07594292],
         [ 442.56320082,   89.77726809],
         [ 513.54383282,   92.90876656],
         [ 449.87003058,   36.54179409],
         [ 380.97706422,   18.79663609],
         [ 507.28083588,   11.48980632],
         [ 555.29714577,   22.97196738],
         [ 522.93832824,   33.41029562],
         [ 549.03414883,   73.07594292],
         [ 511.45616718,  122.13608563],
         [ 411.24821611,  159.71406728],
         [ 366.36340469,  209.81804281],
         [ 389.32772681,  182.6783894 ],
         [ 420.64271152,  223.38786952],
         [ 490.5795107 ,  203.55504587],
         [ 439.43170234,  179.54689093],
         [ 415.4235474 ,  179.54689093],
         [ 526.06982671,  205.64271152],
         [ 458.22069317,  245.30835882],
         [ 525.02599388,  246.35219164],
         [ 432.12487258,  260.96585117],
         [ 323.56625892,  310.02599388],
         [ 287.03211009,  312.11365953],
         [ 298.51427115,  348.64780836],
         [ 350.70591233,  423.80377166],
         [ 377.84556575,  411.27777778],
         [ 363.23190622,  353.86697248],
         [ 448.82619776,  409.19011213],
         [ 427.94954128,  375.78746177],
         [ 403.94138634,  344.47247706],
         [ 451.95769623,  319.4204893 ],
         [ 502.06167176,  337.1656473 ],
         [ 497.88634047,  299.58766565],
         [ 540.68348624,  284.97400612],
         [ 575.12996942,  232.78236493],
         [ 589.74362895,  206.68654434],
         [ 558.42864424,  336.12181448],
         [ 585.56829766,  282.88634047],
         [ 624.19011213,  278.71100917],
         [ 651.32976555,  297.5       ],
         [ 591.8312946 ,  337.1656473 ],
         [ 569.9108053 ,  345.51630989],
         [ 631.4969419 ,  358.04230377],
         [ 597.05045872,  365.34913354],
         [ 686.82008155,  374.74362895],
         [ 678.46941896,  407.10244648],
         [ 600.18195719,  426.93527013],
         [ 565.73547401,  426.93527013],
         [ 480.14118247,  385.18195719],
         [ 545.90265036,  474.95158002],
         [ 579.30530071,  477.03924567],
         [ 559.47247706,  506.26656473],
         [ 494.754842  ,  567.85270133],
         [ 633.58460754,  517.74872579],
         [ 625.23394495,  480.17074414],
         [ 673.25025484,  414.40927625],
         [ 662.81192661,  478.08307849],
         [ 708.74057085,  455.11875637],
         [ 745.27471967,  423.80377166],
         [ 774.50203874,  457.20642202],
         [ 754.66921509,  491.6529052 ],
         [ 702.4775739 ,  546.97604485],
         [ 731.70489297,  538.62538226],
         [ 814.16768603,  544.8883792 ],
         [ 831.91284404,  570.9841998 ],
         [ 800.59785933,  489.56523955],
         [ 834.00050968,  486.43374108],
         [ 866.35932722,  519.83639144],
         [ 908.11264016,  468.68858308],
         [ 927.94546381,  518.79255861],
         [ 971.78644241,  518.79255861],
         [1019.80275229,  508.35423038],
         [ 987.44393476,  468.68858308],
         [ 959.26044852,  474.95158002],
         [ 977.00560652,  401.88328236],
         [ 990.57543323,  417.54077472],
         [ 888.27981651,  424.84760449],
         [ 898.71814475,  375.78746177],
         [ 847.57033639,  395.62028542],
         [ 795.37869521,  407.10244648],
         [ 728.5733945 ,  366.39296636],
         [ 780.76503568,  321.50815494],
         [ 808.94852192,  287.06167176],
         [ 725.44189602,  328.81498471],
         [ 690.99541284,  306.89449541],
         [ 660.72426096,  249.48369011],
         [ 686.82008155,  240.0891947 ],
         [ 628.36544343,   69.94444444],
         [ 646.11060143,   55.33078491],
         [ 601.22579001,    8.35830785],
         [ 673.25025484,   70.98827727],
         [ 742.1432212 ,   73.07594292],
         [ 731.70489297,   18.79663609],
         [ 801.64169215,   38.62945973],
         [ 837.13200815,   65.76911315],
         [ 830.86901121,   92.90876656],
         [ 851.74566769,  116.91692151],
         [ 757.80071356,  152.40723751],
         [ 818.34301733,  128.39908257],
         [ 846.52650357,  158.67023445],
         [ 800.59785933,  194.16055046],
         [ 820.43068298,  195.20438328],
         [ 775.54587156,  232.78236493],
         [ 893.49898063,  218.1687054 ],
         [ 863.22782875,  260.96585117],
         [ 999.96992864,  239.04536188],
         [ 961.34811417,  227.56320082],
         [ 966.56727829,  206.68654434],
         [1001.01376147,  180.59072375],
         [ 985.35626911,  140.92507645],
         [ 936.2961264 ,  157.62640163],
         [ 874.70998981,  151.36340469],
         [ 904.98114169,  130.48674822],
         [ 883.0606524 ,  101.25942915],
         [ 890.36748216,   62.63761468],
         [ 844.43883792,   31.32262997],
         [ 814.16768603,   18.79663609],
         [ 871.57849134,   14.62130479],
         [ 908.11264016,   11.48980632],
         [ 932.12079511,   49.06778797],
         [ 975.9617737 ,   26.10346585],
         [1010.40825688,   58.46228338],
         [ 367.14627931,  230.22629969],
         [ 350.44495413,  273.02344546],
         [ 323.43577982,  136.69680173],
         [ 629.08307849,  224.84250765],
         [ 653.67082917,   31.52597403],
         [ 664.92357642,   11.06643357],
         [ 632.18831169,    7.9975025 ],
         [ 412.24825175,   16.18131868],
         [ 142.18231768,    6.97452547],
         [ 952.38011988,    9.02047952],
         [1015.8046953 ,  102.11138861],
         [ 961.58691309,  125.63986014],
         [ 934.98951049,  363.99350649],
         [ 952.38011988,  568.58891109],
         [  71.5969031 ,  445.83166833],
         [  12.26423576,  194.17932068],
         [ 732.95154845,  100.66433566],
         [ 709.42307692,  175.85314685],
         [ 713.51498501,  147.20979021],
         [ 625.02747253,  140.04895105],
         [ 663.38911089,  155.39360639],
         [ 791.26123876,   96.57242757],
         [ 788.19230769,   63.32567433],
         [ 942.15034965,  107.31368631],
         [ 914.52997003,   92.99200799]]), array([[216]], dtype=uint8))]]
