[[(array([[  54.28868841,  476.15128383],
         [ 216.24288688,  501.06731437],
         [ 345.21998612,  557.49479528],
         [ 440.48716169,  537.70853574],
         [ 382.59403192,  490.80777238],
         [ 296.12074948,  457.09784872],
         [  96.7925052 ,  419.72380291],
         [  33.03678001,  387.47952811],
         [ 123.17418459,  407.26578765],
         [  57.21998612,  361.09784872],
         [  40.36502429,  355.96807772],
         [  17.64746704,  346.44136017],
         [  35.96807772,  334.71616933],
         [ 116.57876475,  376.48716169],
         [  95.32685635,  329.58639833],
         [ 201.58639833,  391.87647467],
         [ 180.33448994,  353.03678001],
         [ 158.34975711,  339.84594032],
         [ 288.7925052 ,  405.06731437],
         [ 389.9222762 ,  445.37265788],
         [  36.70090215,  317.86120749],
         [ 239.69326856,  350.1054823 ],
         [ 251.4184594 ,  409.46426093],
         [ 478.59403192,  465.89174185],
         [ 452.94517696,  432.91464261],
         [ 422.16655101,  406.53296322],
         [ 345.95281055,  375.75433727],
         [ 411.90700902,  369.15891742],
         [ 378.19708536,  361.09784872],
         [ 326.89937543,  365.49479528],
         [ 277.80013879,  362.56349757],
         [ 197.9222762 ,  325.18945177],
         [ 142.41082582,  314.01387925],
         [ 123.3573907 ,  298.99097849],
         [ 156.70090215,  285.06731437],
         [ 186.38029146,  293.86120749],
         [ 206.16655101,  304.12074948],
         [ 183.81540597,  314.01387925],
         [ 227.4184594 ,  292.02914643],
         [ 254.89937543,  303.75433727],
         [ 232.91464261,  327.93754337],
         [ 264.7925052 ,  327.93754337],
         [ 264.7925052 ,  307.4184594 ],
         [ 327.87647467,  304.6703678 ],
         [ 305.15891742,  306.86884108],
         [ 281.70853574,  321.52532963],
         [ 350.59403192,  308.33448994],
         [ 327.14365024,  333.25052047],
         [ 340.33448994,  344.24288688],
         [ 307.3573907 ,  333.9833449 ],
         [ 386.50242887,  342.0444136 ],
         [ 375.51006246,  330.31922276],
         [ 379.90700902,  314.92990978],
         [ 404.09021513,  309.80013879],
         [ 437.06731437,  312.7314365 ],
         [ 464.91464261,  340.57876475],
         [ 478.83830673,  328.12074948],
         [ 487.63219986,  322.99097849],
         [ 496.42609299,  369.89174185],
         [ 505.95281055,  388.21235253],
         [ 514.74670368,  345.70853574],
         [ 514.01387925,  499.60166551],
         [ 552.85357391,  440.24288688],
         [ 549.18945177,  394.80777238],
         [ 579.2352533 ,  388.21235253],
         [ 620.27342124,  449.76960444],
         [ 597.55586398,  414.59403192],
         [ 623.20471895,  364.76197085],
         [ 577.03678001,  347.17418459],
         [ 603.4184594 ,  342.0444136 ],
         [ 537.46426093,  332.51769604],
         [ 560.18181818,  336.91464261],
         [ 561.64746704,  322.99097849],
         [ 480.12074948,  301.55586398],
         [ 461.43372658,  300.82303956],
         [ 483.4184594 ,  294.96044414],
         [ 493.31158917,  305.95281055],
         [ 492.21235253,  275.54059681],
         [ 503.20471895,  282.13601666],
         [ 510.16655101,  291.66273421],
         [ 500.63983345,  296.7925052 ],
         [ 526.28868841,  296.7925052 ],
         [ 533.9833449 ,  287.99861207],
         [ 528.48716169,  284.70090215],
         [ 549.73907009,  280.6703678 ],
         [ 542.0444136 ,  291.66273421],
         [ 533.9833449 ,  295.69326856],
         [ 542.41082582,  303.38792505],
         [ 550.1054823 ,  303.38792505],
         [ 559.63219986,  301.9222762 ],
         [ 556.33448994,  287.26578765],
         [ 564.02914643,  291.66273421],
         [ 573.55586398,  282.86884108],
         [ 580.88410826,  290.56349757],
         [ 589.67800139,  297.52532963],
         [ 584.18181818,  305.21998612],
         [ 547.90700902,  321.34212353],
         [ 566.22761971,  309.61693269],
         [ 568.42609299,  302.65510062],
         [ 590.59403192,  547.60166551],
         [ 691.72380291,  568.12074948],
         [ 700.51769604,  516.82303956],
         [ 814.83830673,  527.08258154],
         [ 937.95281055,  496.30395559],
         [ 893.9833449 ,  475.78487162],
         [ 848.5482304 ,  458.19708536],
         [ 759.14365024,  465.52532963],
         [ 685.86120749,  430.34975711],
         [ 626.13601666,  410.19708536],
         [ 689.89174185,  391.87647467],
         [ 752.18181818,  399.20471895],
         [ 770.50242887,  424.12074948],
         [ 819.60166551,  419.72380291],
         [ 944.18181818,  408.7314365 ],
         [ 973.49479528,  399.93754337],
         [ 882.62456627,  388.21235253],
         [ 637.86120749,  339.11311589],
         [ 623.20471895,  328.12074948],
         [ 607.08258154,  314.92990978],
         [ 597.37265788,  305.21998612],
         [ 606.53296322,  296.7925052 ],
         [ 599.57113116,  291.296322  ],
         [ 607.99861207,  287.26578765],
         [ 613.86120749,  283.60166551],
         [ 624.48716169,  297.52532963],
         [ 626.31922276,  285.43372658],
         [ 639.51006246,  303.38792505],
         [ 660.76197085,  316.21235253],
         [ 650.86884108,  299.3573907 ],
         [ 649.03678001,  290.56349757],
         [ 665.89174185,  288.7314365 ],
         [ 654.16655101,  352.48716169],
         [ 679.08258154,  322.44136017],
         [ 700.33448994,  293.86120749],
         [ 698.13601666,  285.43372658],
         [ 693.73907009,  309.25052047],
         [ 708.76197085,  312.91464261],
         [ 720.12074948,  298.25815406],
         [ 710.22761971,  296.7925052 ],
         [ 732.21235253,  290.92990978],
         [ 733.67800139,  306.31922276],
         [ 723.78487162,  305.95281055],
         [ 713.52532963,  331.60166551],
         [ 675.78487162,  368.97571131],
         [ 693.37265788,  366.77723803],
         [ 715.54059681,  359.63219986],
         [ 737.52532963,  377.21998612],
         [ 750.71616933,  364.76197085],
         [ 745.58639833,  322.99097849],
         [ 806.65510062,  372.09021513],
         [ 818.38029146,  339.84594032],
         [ 774.41082582,  331.05204719],
         [ 781.73907009,  339.84594032],
         [ 768.5482304 ,  309.80013879],
         [ 792.7314365 ,  319.32685635],
         [ 785.40319223,  304.6703678 ],
         [ 794.19708536,  287.08258154],
         [ 773.67800139,  294.41082582],
         [ 744.36502429,  296.6092991 ],
         [ 767.26578765,  290.92990978],
         [ 737.21998612,  295.32685635],
         [ 811.60166551,  310.71616933],
         [ 810.50242887,  299.72380291],
         [ 810.50242887,  291.66273421],
         [ 817.83067314,  289.09784872],
         [ 826.62456627,  309.61693269],
         [ 816.36502429,  319.87647467],
         [ 835.4184594 ,  319.87647467],
         [ 848.24288688,  323.17418459],
         [ 847.14365024,  306.31922276],
         [ 855.20471895,  303.02151284],
         [ 847.51006246,  295.32685635],
         [ 842.38029146,  303.75433727],
         [ 840.91464261,  292.39555864],
         [ 830.65510062,  301.9222762 ],
         [ 833.95281055,  300.45662734],
         [ 881.21998612,  300.09021513],
         [ 872.7925052 ,  318.41082582],
         [ 864.7314365 ,  329.40319223],
         [ 850.44136017,  342.22761971],
         [ 882.31922276,  353.58639833],
         [ 846.0444136 ,  367.14365024],
         [ 907.3573907 ,  329.76960444],
         [ 889.03678001,  300.82303956],
         [ 916.15128383,  304.48716169],
         [ 920.18181818,  298.25815406],
         [ 909.18945177,  300.09021513],
         [ 906.25815406,  346.62456627],
         [ 915.05204719,  371.17418459],
         [ 944.7314365 ,  355.05204719],
         [ 967.81540597,  367.87647467],
         [ 945.83067314,  324.27342124],
         [ 940.70090215,  300.45662734],
         [ 955.72380291,  292.76197085],
         [ 956.45662734,  305.21998612],
         [ 964.51769604,  308.51769604],
         [ 961.95281055,  327.93754337],
         [ 975.51006246,  309.25052047],
         [ 994.92990978,  314.38029146],
         [1004.09021513,  300.09021513],
         [1013.61693269,  303.02151284],
         [1006.65510062,  326.1054823 ],
         [1019.11311589,  328.6703678 ],
         [ 993.83067314,  338.19708536],
         [ 979.17418459,  344.05968078],
         [ 987.96807772,  362.74670368],
         [1010.31922276,  355.4184594 ],
         [1004.09021513,  389.12838307],
         [1020.63983345,  507.66273421]]), array([[209]], dtype=uint8))]]
