[[(array([[108.58766234, 507.20941558],
         [207.45779221, 499.68668831],
         [223.57792208, 421.23538961],
         [ 94.61688312, 368.5762987 ],
         [ 45.18181818, 397.59253247],
         [144.05194805, 538.375     ],
         [208.53246753, 593.18344156],
         [322.44805195, 538.375     ],
         [292.35714286, 472.81980519],
         [472.9025974 , 597.48214286],
         [612.61038961, 575.98863636],
         [653.44805195, 488.93993506],
         [671.71753247, 428.75811688],
         [785.63311688, 598.55681818],
         [827.54545455, 493.23863636],
         [854.41233766, 402.96590909],
         [899.5487013 , 391.14448052],
         [843.66558442, 347.08279221],
         [684.61363636, 372.875     ],
         [561.02597403, 318.06655844],
         [522.33766234, 354.60551948],
         [507.29220779, 410.48863636],
         [542.75649351, 395.44318182],
         [482.57467532, 355.68019481],
         [261.19155844, 375.02435065],
         [184.88961039, 365.35227273],
         [155.87337662, 353.53084416],
         [135.45454545, 344.93344156],
         [191.33766234, 322.36525974],
         [212.83116883, 315.91720779],
         [225.72727273, 318.06655844],
         [243.99675325, 330.96266234],
         [270.86363636, 329.88798701],
         [326.74675325, 367.50162338],
         [404.12337662, 423.38474026],
         [591.11688312, 405.11525974],
         [771.66233766, 362.12824675],
         [797.45454545, 390.06980519],
         [709.33116883, 327.73863636],
         [751.24350649, 322.36525974],
         [788.85714286, 329.88798701],
         [ 44.87175325, 323.17126623],
         [ 99.68019481, 312.96185065],
         [ 78.18668831, 290.93100649],
         [ 86.24675325, 288.24431818],
         [100.75487013, 281.79626623],
         [ 84.0974026 , 275.88555195],
         [ 61.52922078, 280.72159091],
         [ 72.81331169, 279.64691558],
         [ 40.57305195, 275.88555195],
         [169.37905844, 289.45332792],
         [124.51136364, 278.97524351],
         [108.12256494, 273.33319805],
         [163.73701299, 279.51258117],
         [176.36444805, 278.43790584],
         [186.57386364, 277.09456169],
         [211.82873377, 283.27394481],
         [207.26136364, 296.70738636],
         [171.52840909, 305.84212662],
         [126.92938312, 295.36404221],
         [141.16883117, 281.39326299],
         [203.76866883, 273.06452922],
         [ 50.62743506, 270.64650974],
         [ 60.83685065, 321.69358766],
         [329.92938312, 335.66436688],
         [307.89853896, 338.88839286],
         [324.28733766, 317.93222403],
         [303.59983766, 307.99147727],
         [284.52435065, 299.93141234],
         [254.70211039, 302.34943182],
         [250.40340909, 269.03449675],
         [300.10714286, 286.49797078],
         [320.79464286, 286.22930195],
         [356.25892857, 321.69358766],
         [400.58928571, 337.81371753],
         [382.31980519, 308.52881494],
         [354.37824675, 299.66274351],
         [358.13961039, 287.5726461 ],
         [333.69074675, 277.90056818],
         [347.39285714, 273.06452922],
         [303.0625    , 270.10917208],
         [380.17045455, 286.22930195],
         [368.08035714, 272.79586039],
         [378.28977273, 268.22849026],
         [391.72321429, 281.93060065],
         [402.73863636, 294.28936688],
         [425.03814935, 305.03612013],
         [439.2775974 , 338.08238636],
         [438.20292208, 294.82670455],
         [418.85876623, 275.75121753],
         [403.81331169, 274.94521104],
         [416.17207792, 291.06534091],
         [433.63555195, 270.37784091],
         [439.81493506, 312.5588474 ],
         [272.70292208, 274.94521104],
         [285.59902597, 277.90056818],
         [130.30844156, 420.96672078],
         [127.62175325, 454.81899351],
         [289.89772727, 454.81899351],
         [330.73538961, 408.60795455],
         [521.49025974, 314.57386364],
         [544.05844156, 312.42451299],
         [487.63798701, 319.94724026],
         [493.01136364, 301.67775974],
         [453.24837662, 296.84172078],
         [462.38311688, 314.57386364],
         [470.98051948, 283.40827922],
         [499.99675325, 288.24431818],
         [524.71428571, 293.08035714],
         [556.41720779, 286.09496753],
         [548.89448052, 269.97483766],
         [559.1038961 , 269.97483766],
         [434.9788961 , 278.57224026],
         [319.98863636, 273.19886364],
         [336.10876623, 269.4375    ],
         [482.80194805, 288.24431818],
         [490.32467532, 280.72159091],
         [504.29545455, 273.7362013 ],
         [609.0762987 , 266.8851461 ],
         [587.85146104, 278.70657468],
         [627.88311688, 312.5588474 ],
         [599.67288961, 313.90219156],
         [580.06006494, 323.30560065],
         [636.48051948, 284.88595779],
         [633.52516234, 269.84050325],
         [620.09172078, 277.09456169],
         [610.95698052, 350.4411526 ],
         [666.03409091, 330.15665584],
         [697.73701299, 306.5137987 ],
         [707.94642857, 291.46834416],
         [719.23051948, 292.54301948],
         [697.73701299, 294.15503247],
         [685.91558442, 293.61769481],
         [694.51298701, 273.7362013 ],
         [688.06493506, 266.21347403],
         [682.15422078, 268.90016234],
         [611.76298701, 290.39366883],
         [573.61201299, 287.70698052],
         [675.16883117, 267.82548701],
         [614.44967532, 307.58847403],
         [746.0974026 , 294.28936688],
         [779.14366883, 299.39407468],
         [795.80113636, 296.1700487 ],
         [839.59415584, 307.99147727],
         [853.8336039 , 296.1700487 ],
         [866.46103896, 299.12540584],
         [847.92288961, 281.93060065],
         [813.53327922, 281.93060065],
         [801.44318182, 336.47037338],
         [765.44155844, 281.12459416],
         [781.02435065, 285.42329545],
         [842.01217532, 279.78125   ],
         [831.53409091, 283.81128247],
         [805.74188312, 271.9898539 ],
         [725.4099026 , 279.24391234],
         [714.66314935, 276.28855519],
         [704.45373377, 279.24391234],
         [683.2288961 , 277.90056818],
         [820.78733766, 350.70982143],
         [924.03896104, 418.01136364],
         [925.65097403, 342.24675325],
         [901.47077922, 332.03733766],
         [877.29058442, 305.70779221],
         [890.72402597, 297.11038961],
         [877.82792208, 287.43831169],
         [882.66396104, 274.54220779],
         [906.30681818, 275.61688312],
         [906.84415584, 294.4237013 ],
         [919.74025974, 301.94642857],
         [926.18831169, 284.75162338],
         [808.51136364, 315.91720779],
         [755.31493506, 430.37012987],
         [522.64772727, 274.13920455],
         [479.39204545, 276.01988636],
         [545.48457792, 296.70738636],
         [107.82305195, 295.22970779],
         [239.47077922, 285.02029221],
         [235.70941558, 275.34821429],
         [222.81331169, 273.19886364],
         [522.64772727, 267.82548701],
         [516.19967532, 269.4375    ],
         [292.12987013, 268.90016234],
         [114.80844156, 282.87094156],
         [157.25811688, 274.27353896],
         [135.76461039, 274.27353896],
         [176.06493506, 271.58685065],
         [347.47564935, 287.70698052],
         [429.15097403, 351.65016234],
         [193.79707792, 273.19886364],
         [263.38230519, 275.75121753],
         [ 92.24025974, 272.25852273],
         [115.58441558, 271.91558442],
         [125.19480519, 270.47402597],
         [ 41.58441558, 357.92857143],
         [186.7012987 , 269.51298701],
         [330.85714286, 255.0974026 ],
         [426.        , 266.14935065],
         [252.53246753, 263.74675325],
         [268.87012987, 262.78571429],
         [195.35064935, 264.70779221],
         [186.7012987 , 262.78571429],
         [178.53246753, 264.22727273],
         [175.16883117, 265.18831169],
         [169.88311688, 263.74675325],
         [167.        , 263.74675325],
         [161.23376623, 266.14935065],
         [158.83116883, 266.14935065],
         [ 86.27272727, 269.51298701],
         [ 61.28571429, 270.47402597],
         [ 68.01298701, 266.14935065],
         [364.49350649, 264.70779221],
         [357.28571429, 270.47402597],
         [273.67532468, 268.55194805],
         [282.80519481, 270.47402597],
         [384.19480519, 266.14935065],
         [359.20779221, 262.78571429],
         [332.2987013 , 267.59090909],
         [395.00649351, 265.90909091],
         [385.3961039 , 272.63636364],
         [668.9025974 , 257.74025974],
         [623.73376623, 267.83116883],
         [629.5       , 263.98701299],
         [632.86363636, 259.66233766],
         [715.03246753, 265.90909091],
         [532.43506494, 266.02922078],
         [539.4025974 , 265.78896104],
         [601.87012987, 265.78896104],
         [581.20779221, 264.58766234],
         [572.31818182, 270.83441558],
         [537.        , 276.60064935],
         [529.55194805, 272.99675325],
         [548.53246753, 172.80844156],
         [718.15584416, 267.71103896],
         [722.        , 268.43181818],
         [731.12987013, 273.71753247],
         [748.18831169, 275.63961039],
         [748.18831169, 275.63961039],
         [864.47402597, 285.25      ],
         [806.09090909, 263.62662338],
         [784.70779221, 265.06818182],
         [767.40909091, 271.07467532],
         [755.87662338, 269.87337662],
         [755.87662338, 269.87337662],
         [740.25974026, 269.39285714],
         [736.17532468, 271.55519481],
         [740.25974026, 263.38636364],
         [745.06493506, 260.98376623],
         [741.22077922, 259.30194805],
         [734.49350649, 260.74350649],
         [732.33116883, 258.58116883],
         [702.05844156, 273.95779221],
         [763.32467532, 265.06818182],
         [892.1038961 , 280.20454545],
         [444.01948052, 442.5       ],
         [222.98051948, 343.51298701],
         [218.17532468, 264.22727273],
         [225.86363636, 258.46103896],
         [230.18831169, 264.70779221],
         [288.33116883, 262.78571429],
         [301.30519481, 264.70779221],
         [309.95454545, 265.66883117],
         [321.96753247, 264.70779221],
         [330.13636364, 262.78571429],
         [336.86363636, 261.34415584],
         [341.66883117, 261.34415584],
         [349.83766234, 261.34415584],
         [352.24025974, 265.66883117],
         [370.01948052, 262.30519481],
         [382.99350649, 262.30519481],
         [391.64285714, 260.86363636],
         [402.69480519, 261.82467532],
         [419.99350649, 261.82467532],
         [413.74675325, 264.22727273],
         [411.34415584, 262.78571429],
         [439.21428571, 262.30519481],
         [441.13636364, 266.14935065],
         [446.42207792, 264.22727273],
         [454.59090909, 263.26623377],
         [448.82467532, 267.59090909],
         [428.64285714, 263.74675325],
         [513.69480519, 261.34415584],
         [520.9025974 , 262.78571429],
         [526.66883117, 263.26623377],
         [525.70779221, 258.94155844],
         [524.26623377, 253.65584416],
         [527.62987013, 257.01948052],
         [533.87662338, 256.05844156],
         [532.91558442, 260.38311688],
         [538.2012987 , 256.05844156],
         [541.08441558, 258.94155844],
         [545.88961039, 254.61688312],
         [545.88961039, 260.38311688],
         [551.65584416, 261.82467532],
         [556.94155844, 257.5       ],
         [556.94155844, 262.30519481],
         [562.70779221, 263.74675325],
         [568.95454545, 265.18831169],
         [566.07142857, 277.68181818],
         [574.24025974, 261.82467532],
         [576.64285714, 257.01948052],
         [571.35714286, 257.5       ],
         [560.78571429, 257.98051948],
         [563.18831169, 256.53896104],
         [564.62987013, 258.94155844],
         [569.43506494, 259.42207792],
         [580.48701299, 257.01948052],
         [581.44805195, 259.9025974 ],
         [579.52597403, 263.74675325],
         [585.77272727, 261.82467532],
         [590.57792208, 260.86363636],
         [588.17532468, 254.13636364],
         [589.61688312, 257.5       ],
         [593.94155844, 257.5       ],
         [600.18831169, 256.05844156],
         [604.03246753, 256.05844156],
         [604.03246753, 259.42207792],
         [597.78571429, 259.9025974 ],
         [609.7987013 , 257.01948052],
         [619.40909091, 259.42207792],
         [622.77272727, 257.5       ],
         [622.29220779, 260.86363636],
         [618.44805195, 263.74675325],
         [629.5       , 259.42207792],
         [640.07142857, 257.5       ],
         [639.59090909, 260.38311688],
         [642.47402597, 263.26623377],
         [643.91558442, 257.5       ],
         [649.2012987 , 268.55194805],
         [646.7987013 , 271.91558442],
         [661.69480519, 263.26623377],
         [654.48701299, 255.0974026 ],
         [752.99350649, 259.42207792],
         [756.83766234, 261.34415584],
         [765.96753247, 262.78571429],
         [771.73376623, 259.42207792],
         [775.0974026 , 266.14935065],
         [780.38311688, 259.42207792],
         [789.99350649, 262.30519481],
         [789.99350649, 265.18831169],
         [790.95454545, 269.99350649],
         [795.75974026, 266.62987013],
         [797.2012987 , 261.34415584],
         [802.96753247, 259.9025974 ],
         [801.52597403, 263.74675325],
         [447.86363636, 260.86363636],
         [478.13636364, 264.70779221],
         [477.65584416, 268.55194805],
         [483.42207792, 269.99350649],
         [489.66883117, 269.99350649],
         [498.31818182, 269.51298701],
         [493.03246753, 264.22727273],
         [482.46103896, 259.9025974 ],
         [488.70779221, 265.66883117],
         [490.62987013, 263.26623377],
         [498.7987013 , 263.26623377],
         [499.75974026, 270.47402597],
         [504.08441558, 273.83766234],
         [507.92857143, 276.72077922],
         [512.73376623, 274.31818182],
         [507.92857143, 268.55194805],
         [507.92857143, 264.22727273],
         [511.29220779, 265.18831169],
         [845.49350649, 271.91558442],
         [846.93506494, 265.66883117],
         [837.80519481, 262.78571429],
         [834.92207792, 273.83766234],
         [849.81818182, 272.3961039 ],
         [859.90909091, 272.87662338],
         [834.44155844, 269.99350649],
         [812.81818182, 261.82467532],
         [407.25974026, 435.77272727]]), array([[371]], dtype=uint16))]]
