[[(array([[ 387.48153807,  641.6114082 ],
         [ 471.0140056 ,  364.83218742],
         [ 205.45556404,  419.68933028],
         [ 185.5075121 ,  418.44257703],
         [ 103.22179781,  418.44257703],
         [  33.40361599,  504.46855106],
         [  19.68933028,  443.37764197],
         [  63.32569391,  353.6114082 ],
         [  22.18283677,  292.52049911],
         [  94.49452508,  251.37764197],
         [  80.78023937,  217.7153043 ],
         [ 164.3127069 ,  331.16984976],
         [ 161.81920041,  287.53348612],
         [   5.97504456,  213.97504456],
         [  27.16984976,  134.18283677],
         [  12.2088108 ,   60.62439521],
         [  10.96205755,   12.00101859],
         [  38.39062898,   53.14387573],
         [  78.28673287,   78.07894067],
         [  57.92309651,    7.94907054],
         [  72.88413547,   34.75426534],
         [  92.83218742,   44.10491469],
         [  92.83218742,   69.66335625],
         [ 125.24777184,   42.85816145],
         [ 119.63738223,   19.16984976],
         [ 114.65036924,   10.44257703],
         [  80.36465495,   12.3127069 ],
         [ 138.96205755,    7.94907054],
         [ 162.02699262,   12.3127069 ],
         [ 183.22179781,   26.65036924],
         [ 205.03997963,   10.44257703],
         [ 162.02699262,   34.13088872],
         [ 167.63738223,   49.7153043 ],
         [ 156.416603  ,   79.0140056 ],
         [ 127.11790171,  103.94907054],
         [ 105.92309651,  107.06595365],
         [  59.16984976,  139.48153807],
         [ 122.13088872,  156.93608352],
         [ 159.53348612,  146.96205755],
         [  91.58543417,  181.24777184],
         [ 142.07894067,  178.75426534],
         [ 212.52049911,  193.09192768],
         [ 192.57244716,  173.76725236],
         [ 243.06595365,  140.10491469],
         [ 226.23478482,  102.70231729],
         [ 191.32569391,   65.92309651],
         [ 204.416603  ,   45.35166794],
         [ 219.37764197,   29.76725236],
         [ 261.14387573,   16.67634326],
         [ 297.29971989,   16.67634326],
         [ 332.2088108 ,   12.3127069 ],
         [ 381.45556404,   39.11790171],
         [ 397.03997963,   38.49452508],
         [ 365.24777184,    6.70231729],
         [ 284.83218742,   80.26075885],
         [ 267.37764197,   47.22179781],
         [ 279.84517443,  158.80621339],
         [ 289.19582378,  179.37764197],
         [ 354.02699262,  158.80621339],
         [ 325.35166794,  120.78023937],
         [ 380.2088108 ,  122.02699262],
         [ 425.7153043 ,   80.26075885],
         [ 416.98803158,   56.57244716],
         [ 445.03997963,   34.75426534],
         [ 453.14387573,   11.06595365],
         [ 464.98803158,   48.46855106],
         [ 373.97504456,  218.02699262],
         [ 330.96205755,  261.03997963],
         [ 289.19582378,  269.76725236],
         [ 246.18283677,  229.24777184],
         [ 225.6114082 ,  268.52049911],
         [ 297.92309651,  357.03997963],
         [ 363.37764197,  358.28673287],
         [ 454.39062898,  342.07894067],
         [ 443.16984976,  276.00101859],
         [ 478.70231729,  233.6114082 ],
         [ 421.97504456,  173.76725236],
         [ 345.29971989,   71.53348612],
         [ 362.13088872,   64.67634326],
         [ 246.18283677,  198.70231729],
         [ 519.63738223,   39.11790171],
         [ 528.36465495,   80.26075885],
         [ 583.22179781,   82.13088872],
         [ 583.22179781,   38.49452508],
         [ 624.98803158,   38.49452508],
         [ 647.42959002,   32.26075885],
         [ 680.46855106,   34.75426534],
         [ 726.59842119,   34.13088872],
         [ 676.10491469,   82.75426534],
         [ 731.58543417,   75.89712249],
         [ 744.67634326,   85.24777184],
         [ 699.16984976,  111.42959002],
         [ 586.33868093,  167.53348612],
         [ 506.54647313,  155.06595365],
         [ 530.23478482,  209.29971989],
         [ 556.416603  ,  216.15686275],
         [ 600.67634326,  332.10491469],
         [ 679.84517443,  248.57244716],
         [ 663.0140056 ,  209.29971989],
         [ 689.81920041,  181.24777184],
         [ 726.59842119,  188.72829132],
         [ 766.49452508,  159.42959002],
         [ 775.22179781,  141.97504456],
         [ 775.84517443,  106.44257703],
         [ 788.3127069 ,   87.11790171],
         [ 793.92309651,   44.10491469],
         [ 813.87114846,   32.26075885],
         [ 861.24777184,   63.42959002],
         [ 840.05296664,   88.98803158],
         [ 831.32569391,  120.15686275],
         [ 888.05296664,  119.53348612],
         [ 880.57244716,   84.62439521],
         [ 910.49452508,   57.19582378],
         [ 920.46855106,   60.3127069 ],
         [ 956.62439521,   85.87114846],
         [ 963.48153807,   65.29971989],
         [ 893.03997963,   37.24777184],
         [ 873.09192768,   23.53348612],
         [ 926.70231729,   21.66335625],
         [ 951.63738223,  236.72829132],
         [ 907.37764197,  294.07894067],
         [ 818.23478482,  287.22179781],
         [ 819.48153807,  231.11790171],
         [ 874.96205755,  168.78023937],
         [ 934.80621339,  130.13088872],
         [ 961.6114082 ,  140.10491469],
         [ 917.97504456,  207.42959002],
         [ 931.06595365,  172.52049911],
         [ 714.75426534,  358.9101095 ],
         [ 518.39062898,   10.44257703],
         [ 490.33868093,   17.92309651],
         [ 555.16984976,   10.44257703],
         [ 576.98803158,    6.70231729],
         [ 623.11790171,   11.06595365],
         [ 669.87114846,   16.67634326],
         [ 698.54647313,   16.67634326],
         [ 767.74127833,   15.42959002],
         [ 750.9101095 ,   34.75426534],
         [ 813.87114846,   10.44257703],
         [ 849.40361599,   14.80621339],
         [ 470.39062898,  201.19582378],
         [ 759.0140056 ,  558.07894067],
         [ 929.81920041,  518.18283677],
         [ 947.27374586,  632.88413547],
         [1014.59842119,  645.35166794],
         [ 707.89712249,  429.66335625],
         [ 820.10491469,  383.53348612],
         [ 798.9101095 ,  432.15686275],
         [ 964.72829132,  180.3127069 ],
         [1018.33868093,  236.416603  ],
         [ 997.14387573,  149.14387573],
         [ 998.39062898,   65.6114082 ],
         [1000.88413547,   41.92309651],
         [ 985.92309651,   15.74127833],
         [ 953.92309651,   10.44257703],
         [1010.02699262,   14.80621339],
         [ 906.54647313,   12.3127069 ],
         [ 881.6114082 ,    4.83218742],
         [ 720.15686275,    6.07894067],
         [ 595.48153807,    6.70231729],
         [   8.85216744,  273.67534426],
         [1001.13987973,  352.95606354],
         [ 359.73328632,  295.66935026],
         [ 342.34267693,  183.14187773],
         [ 325.97504456,  202.57844117]]), array([[165]], dtype=uint8))]]
