[[(array([[ 127.38253841,  490.81659117],
         [ 199.41451283,  512.9173106 ],
         [ 202.68869349,  459.71187494],
         [ 161.7614353 ,  440.88533618],
         [  90.54800604,  480.99404921],
         [  24.24584777,  446.61515232],
         [  85.63673506,  425.33297806],
         [ 115.92290612,  419.60316191],
         [  76.63273825,  391.77262634],
         [  26.70148326,  406.50643929],
         [  34.8869349 ,  374.5831779 ],
         [   7.87494449,  384.40571987],
         [ 120.01563194,  377.03881339],
         [ 127.38253841,  354.93809397],
         [  80.72546407,  365.5791811 ],
         [  93.00364153,  334.47446487],
         [  16.87894129,  361.48645528],
         [  12.78621547,  344.29700684],
         [  38.16111555,  310.73665512],
         [  22.60875744,  285.36175504],
         [  12.78621547,  309.09956479],
         [  13.60476064,  265.71667111],
         [  45.52802203,  230.51922906],
         [ 165.03561595,  404.0508038 ],
         [ 232.15631939,  402.41371347],
         [ 266.53521627,  440.88533618],
         [ 281.26902922,  440.88533618],
         [ 286.99884537,  478.53841371],
         [ 244.43449685,  518.64712674],
         [ 305.00683897,  492.4536815 ],
         [ 345.93409717,  454.80060396],
         [ 341.84137135,  412.23625544],
         [ 320.55919709,  395.046807  ],
         [ 345.115552  ,  338.56719069],
         [ 284.54320988,  363.94209077],
         [ 283.72466471,  329.56319389],
         [ 391.77262634,  513.73585576],
         [ 376.22026823,  485.08677502],
         [ 428.60715872,  433.5184297 ],
         [ 415.5104361 ,  423.69588773],
         [ 417.14752642,  377.85735856],
         [ 458.89332978,  351.66391331],
         [ 467.89732658,  320.55919709],
         [ 419.60316191,  308.28101963],
         [ 471.9900524 ,  463.80460076],
         [ 481.81259437,  499.82058797],
         [ 529.28821387,  543.20348166],
         [ 673.35216271,  535.83657518],
         [ 648.7958078 ,  462.16751044],
         [ 625.05799805,  462.16751044],
         [ 613.59836575,  433.5184297 ],
         [ 577.58237854,  393.40971667],
         [ 538.29221068,  453.9820588 ],
         [ 661.89253042,  398.32098765],
         [ 615.23545608,  372.12754241],
         [ 629.96926903,  392.59117151],
         [ 704.45687894,  383.5871747 ],
         [ 727.37614353,  354.93809397],
         [ 721.64632738,  406.50643929],
         [ 754.38813394,  419.60316191],
         [ 715.91651124,  442.5224265 ],
         [ 785.49285016,  521.10276223],
         [ 761.75504041,  479.35695888],
         [ 840.33537614,  502.27622347],
         [ 846.06519229,  460.53042011],
         [ 824.78301803,  450.70787814],
         [ 778.12594369,  423.69588773],
         [ 859.98046008,  389.31699085],
         [ 869.80300204,  357.39372946],
         [ 815.77902123,  390.95408118],
         [ 864.89173106,  423.69588773],
         [ 766.6663114 ,  380.31299405],
         [ 904.18189893,  459.71187494],
         [ 944.29061195,  453.9820588 ],
         [ 928.73825384,  488.36095568],
         [ 966.39133138,  518.64712674],
         [ 983.58077982,  384.40571987],
         [ 859.98046008,  315.6479261 ],
         [ 840.33537614,  327.1075584 ],
         [ 797.77102762,  320.55919709],
         [ 749.47686295,  327.92610356],
         [ 756.02522427,  302.55120348],
         [ 787.94848566,  298.45847766],
         [ 809.23065992,  299.27702283],
         [ 806.77502442,  279.63193889],
         [ 828.87574385,  279.63193889],
         [ 854.25064393,  275.53921307],
         [ 622.80699885,  316.26183498],
         [ 563.87174705,  312.57838174],
         [ 532.35775824,  303.16511235],
         [ 574.92210676,  295.79820588],
         [ 567.1459277 ,  280.24584777],
         [ 565.09956479,  262.64712674],
         [ 576.1499245 ,  260.60076383],
         [ 548.72866152,  266.33057998],
         [ 546.27302602,  247.50404121],
         [ 521.30739853,  249.9596767 ],
         [ 522.94448885,  217.62714273],
         [ 527.03721467,  186.93169909],
         [ 558.96047606,  193.88933298],
         [ 557.73265832,  206.9860556 ],
         [ 559.77902123,  223.76623146],
         [ 579.01483258,  231.13313793],
         [ 575.33137934,  241.36495248],
         [ 592.1115552 ,  242.59277023],
         [ 589.24664713,  268.37694289],
         [ 615.44009237,  290.06838973],
         [ 595.79500844,  281.06439293],
         [ 635.0851763 ,  296.20747846],
         [ 657.59516831,  296.61675104],
         [ 654.73026024,  270.01403322],
         [ 626.89972466,  279.01803002],
         [ 621.5791811 ,  267.14912514],
         [ 628.12754241,  253.23385736],
         [ 640.81499245,  252.82458478],
         [ 614.62154721,  255.68949285],
         [ 603.98046008,  238.50004441],
         [ 608.0731859 ,  220.90132339],
         [ 612.5751843 ,  200.02842171],
         [ 573.69428901,  200.02842171],
         [ 633.03881339,  221.71986855],
         [ 641.63353761,  204.12114753],
         [ 645.72626343,  180.79261036],
         [ 672.73825384,  183.65751843],
         [ 660.46007638,  209.03241851],
         [ 647.36335376,  226.63113953],
         [ 646.13553602,  240.54640732],
         [ 674.78461675,  263.05639932],
         [ 689.5184297 ,  252.82458478],
         [ 702.61515232,  234.40731859],
         [ 687.88133937,  217.21787015],
         [ 667.82698286,  247.50404121],
         [ 721.03241851,  242.59277023],
         [ 710.80060396,  202.4840572 ],
         [ 705.88933298,  194.29860556],
         [ 703.43369749,  182.83897327],
         [ 729.21787015,  200.02842171],
         [ 710.80060396,  212.71587175],
         [ 696.47606359,  287.61275424],
         [ 670.28261835,  284.74784617],
         [ 673.96607159,  303.98365752],
         [ 675.60316191,  321.17310596],
         [ 654.73026024,  321.99165112],
         [ 727.9900524 ,  293.34257039],
         [ 711.61914913,  276.15312195],
         [ 750.09077183,  283.929301  ],
         [ 761.9596767 ,  255.68949285],
         [ 749.68149925,  244.22986056],
         [ 745.99804601,  234.40731859],
         [ 750.50004441,  264.28421707],
         [ 718.57678302,  251.59676703],
         [ 717.75823785,  264.28421707],
         [ 753.77422506,  217.21787015],
         [ 761.55040412,  182.42970068],
         [ 748.04440892,  188.15951683],
         [ 759.50404121,  231.9516831 ],
         [ 762.77822187,  216.80859757],
         [ 773.01003642,  238.09077183],
         [ 791.83657518,  231.9516831 ],
         [ 785.69748646,  220.4920508 ],
         [ 784.46966871,  206.57678302],
         [ 791.4273026 ,  191.43369749],
         [ 804.52402522,  176.69988454],
         [ 811.48165912,  177.10915712],
         [ 814.75583977,  193.88933298],
         [ 802.47766231,  196.75424105],
         [ 829.48965272,  202.4840572 ],
         [ 845.04201084,  199.61914913],
         [ 815.16511235,  207.39532818],
         [ 841.3585576 ,  211.07878142],
         [ 824.57838174,  240.13713474],
         [ 829.08038014,  254.87094769],
         [ 804.93329781,  251.59676703],
         [ 788.15312195,  243.41131539],
         [ 823.35056399,  264.28421707],
         [ 837.26583178,  263.05639932],
         [ 848.31619149,  240.13713474],
         [ 848.31619149,  229.90532019],
         [ 847.49764633,  214.76223466],
         [ 872.46327383,  179.97406519],
         [ 845.04201084,  180.79261036],
         [ 851.99964473,  186.93169909],
         [ 864.27782219,  207.39532818],
         [ 877.37454481,  212.30659917],
         [ 886.78781419,  199.61914913],
         [ 859.77582379,  220.08277822],
         [ 885.96926903,  218.44568789],
         [ 894.15472067,  233.99804601],
         [ 875.73745448,  225.40332179],
         [ 882.28581579,  238.90931699],
         [ 879.01163514,  268.78621547],
         [ 914.61834976,  287.20348166],
         [ 906.02362554,  268.78621547],
         [ 850.77182698,  262.64712674],
         [ 892.51763034,  317.48965272],
         [ 917.48325784,  306.03002043],
         [ 939.17470468,  301.11874944],
         [ 961.27542411,  304.3929301 ],
         [ 985.42250644,  337.54400924],
         [ 998.51922906,  299.48165912],
         [ 986.2410516 ,  281.06439293],
         [ 955.95488054,  281.06439293],
         [ 935.49125144,  249.9596767 ],
         [ 913.7998046 ,  252.82458478],
         [ 913.39053202,  234.81659117],
         [ 903.56799005,  231.13313793],
         [ 897.42890132,  214.35296207],
         [ 920.34816591,  194.29860556],
         [ 917.07398526,  218.03641531],
         [ 935.08197886,  184.47606359],
         [ 929.35216271,  196.75424105],
         [ 923.62234657,  175.06279421],
         [ 910.52562395,  172.19788614],
         [ 899.88453681,  170.97006839],
         [ 933.85416112,  169.33297806],
         [ 945.31379341,  182.42970068],
         [ 944.90452083,  168.5144329 ],
         [ 964.54960476,  165.24025224],
         [ 974.37214673,  166.87734257],
         [ 971.50723865,  191.0244249 ],
         [ 976.82778222,  183.65751843],
         [ 951.86215472,  200.84696687],
         [ 945.31379341,  215.9900524 ],
         [ 955.54560796,  225.40332179],
         [ 944.08597566,  228.26822986],
         [ 946.13233857,  243.82058797],
         [ 971.09796607,  213.12514433],
         [ 985.83177902,  249.14113154],
         [ 971.09796607,  231.13313793],
         [1000.97486455,  233.17950084],
         [1013.25304201,  248.32258638],
         [ 991.15232259,  218.03641531],
         [1016.52722267,  222.9476863 ],
         [1010.38813394,  231.54241052],
         [1021.84776623,  275.74384936],
         [1001.38413713,  273.28821387],
         [ 969.05160316,  266.33057998],
         [ 941.63034017,  274.10675904],
         [ 928.53361755,  271.65112355],
         [1000.56559197,  200.84696687],
         [ 997.7006839 ,  185.29460876],
         [1001.38413713,  166.46806999],
         [1018.57358558,  178.33697486],
         [1022.6663114 ,  176.69988454],
         [1012.02522427,  192.66151523],
         [ 870.8261835 ,  155.00843769],
         [ 886.37854161,  155.82698286],
         [ 942.03961275,  356.37054801],
         [ 501.04840572,  222.9476863 ],
         [ 502.27622347,  192.66151523],
         [ 482.63113953,  186.93169909],
         [ 468.71587175,  184.88533618],
         [ 452.34496847,  204.53042011],
         [ 441.70388134,  202.89332978],
         [ 432.69988454,  200.02842171],
         [ 419.60316191,  198.80060396],
         [ 413.0548006 ,  201.66551203],
         [ 382.35935696,  194.29860556],
         [ 434.33697486,  221.71986855],
         [ 464.62314593,  220.90132339],
         [ 478.12914113,  222.9476863 ],
         [ 492.04440892,  218.03641531],
         [ 494.09077183,  237.27222666],
         [ 479.35695888,  244.22986056],
         [ 510.87094769,  252.41531219],
         [ 474.44568789,  272.46966871],
         [ 467.488054  ,  258.14512834],
         [ 455.61914913,  235.22586375],
         [ 427.78861355,  243.00204281],
         [ 416.73825384,  237.27222666],
         [ 402.41371347,  236.04440892],
         [ 391.77262634,  233.58877343],
         [ 381.13153921,  240.13713474],
         [ 394.22826183,  258.55440092],
         [ 404.0508038 ,  254.87094769],
         [ 409.78061995,  269.19548805],
         [ 427.78861355,  256.50803801],
         [ 435.15552003,  274.51603162],
         [ 446.20587974,  256.09876543],
         [ 462.16751044,  275.33457678],
         [ 454.80060396,  283.52002842],
         [ 467.07878142,  287.61275424],
         [ 464.21387335,  298.66311395],
         [ 433.5184297 ,  307.25783817],
         [ 407.32498446,  286.3849365 ],
         [ 417.55679901,  289.24984457],
         [ 385.63353761,  283.929301  ],
         [ 381.13153921,  305.21147526],
         [ 370.89972466,  324.44728662],
         [ 345.52482458,  312.98765432],
         [ 344.70627942,  297.02602363],
         [ 361.48645528,  273.28821387],
         [ 352.0731859 ,  253.23385736],
         [ 366.39772626,  243.00204281],
         [ 374.99245048,  272.06039613],
         [ 364.35136335,  211.488054  ],
         [ 357.39372946,  202.89332978],
         [ 349.6175504 ,  203.30260236],
         [ 336.1115552 ,  213.53441691],
         [ 341.43209877,  233.17950084],
         [ 327.1075584 ,  226.63113953],
         [ 325.06119549,  246.68549605],
         [ 311.1459277 ,  243.41131539],
         [ 314.82938094,  258.14512834],
         [ 328.33537614,  279.01803002],
         [ 302.55120348,  276.15312195],
         [ 293.95647926,  280.65512035],
         [ 315.23865352,  292.93329781],
         [ 305.00683897,  304.3929301 ],
         [ 314.01083578,  317.8989253 ],
         [ 282.08757438,  306.43929301],
         [ 262.03321787,  284.74784617],
         [ 289.86375344,  264.69348965],
         [ 292.72866152,  238.90931699],
         [ 311.55520028,  216.39932498],
         [ 303.77902123,  218.44568789],
         [ 296.41211475,  220.4920508 ],
         [ 278.40412115,  215.9900524 ],
         [ 287.81739053,  205.75823785],
         [ 277.1763034 ,  201.25623945],
         [ 264.89812594,  209.03241851],
         [ 250.98285816,  204.12114753],
         [ 264.89812594,  224.99404921],
         [ 248.52722267,  230.72386535],
         [ 248.93649525,  247.50404121],
         [ 237.88613554,  266.33057998],
         [ 247.29940492,  273.69748646],
         [ 265.30739853,  257.32658318],
         [ 275.12994049,  253.64312994],
         [ 230.92850164,  240.54640732],
         [ 221.51523226,  345.72946088],
         [ 242.79740652,  319.53601563],
         [ 212.10196287,  310.12274625],
         [ 233.38413713,  305.21147526],
         [ 193.68469669,  324.44728662],
         [ 176.49524825,  318.71747047],
         [ 192.04760636,  292.93329781],
         [ 214.55759837,  275.33457678],
         [ 218.2410516 ,  290.47766231],
         [ 194.91251443,  262.23785416],
         [ 207.59996447,  253.23385736],
         [ 181.40651923,  255.68949285],
         [ 190.41051603,  243.41131539],
         [ 175.2674305 ,  236.04440892],
         [ 192.04760636,  217.21787015],
         [ 174.44888534,  222.9476863 ],
         [ 174.85815792,  208.62314593],
         [ 166.67270628,  216.39932498],
         [ 151.93889333,  213.12514433],
         [ 161.7614353 ,  247.91331379],
         [ 144.57198685,  243.82058797],
         [ 138.84217071,  258.96367351],
         [ 106.91890932,  243.00204281],
         [ 104.46327383,  216.39932498],
         [ 120.01563194,  221.71986855],
         [ 111.8301803 ,  264.69348965],
         [ 109.37454481,  294.97966072],
         [ 115.92290612,  280.65512035],
         [ 138.84217071,  304.3929301 ],
         [ 116.3321787 ,  313.3969269 ],
         [ 126.56399325,  332.22346567],
         [ 133.52162714,  319.12674305],
         [ 145.39053202,  326.49364952],
         [ 161.35216271,  302.75583977],
         [ 153.16671108,  294.16111555],
         [ 158.89652722,  279.01803002],
         [ 170.35615952,  286.3849365 ],
         [ 180.58797407,  273.69748646],
         [ 169.12834177,  265.10276223],
         [ 104.87254641,  330.58637534],
         [   1.94049205,  230.31459277],
         [  29.77102762,  259.78221867],
         [  60.05719869,  233.58877343],
         [  77.24664713,  231.9516831 ],
         [  91.16191491,  227.4496847 ],
         [  69.87974065,  222.9476863 ],
         [  65.37774225,  262.64712674],
         [  62.92210676,  290.06838973],
         [  88.70627942,  276.97166711],
         [  81.33937295,  288.4312994 ],
         [  90.34336975,  301.93729461],
         [  64.1499245 ,  315.03401723],
         [  37.1379341 ,  285.56639133],
         [ 226.22186695,  214.76223466],
         [ 217.62714273,  212.30659917],
         [ 214.35296207,  201.66551203],
         [ 183.65751843,  207.39532818],
         [ 182.0204281 ,  215.58077982],
         [ 501.4576783 ,  390.95408118],
         [ 591.49764633,  340.20428102],
         [ 536.65512035,  346.75264233],
         [ 883.71826983,  548.93329781],
         [ 702.00124345,  222.33377742],
         [ 491.63513634,  282.08757438],
         [ 421.24025224,  349.20827782],
         [ 429.42570388,  326.28901323],
         [ 341.02282618,  359.84936495],
         [ 375.40172307,  381.13153921],
         [ 191.2290612 ,  486.72386535],
         [ 266.53521627,  400.77662315],
         [ 198.59596767,  372.12754241],
         [ -88.71338485,  205.96287415],
         [  51.25783817,  335.29301004],
         [ 107.73745448,  345.93409717],
         [ 151.93889333,  349.20827782],
         [ 212.51123546,  325.47046807],
         [ 275.53921307,  280.45048406],
         [ 549.75184297,  186.31779021],
         [ 609.50563993,  188.7734257 ],
         [ 609.50563993,  178.95088374],
         [ 658.61834976,  179.7694289 ],
         [ 881.26263434,  167.49125144],
         [1016.32258638,  165.85416112],
         [ 759.29940492,  200.233058  ],
         [ 792.85975664,  436.79261036],
         [ 763.39213074,  357.39372946],
         [ 787.94848566,  336.93010036],
         [ 713.46087574,  302.55120348],
         [ 692.17870148,  302.55120348],
         [ 716.7350564 ,  335.29301004],
         [ 698.72706279,  354.93809397],
         [ 570.21547207,  417.96607159],
         [ 548.11475264,  328.74464873],
         [ 824.78301803,  406.50643929],
         [ 396.68389733,  208.41850964],
         [ 390.13553602,  199.41451283],
         [ 601.09776643,  309.4640668 ],
         [ 578.84801618,  346.67485601]]), array([[428]], dtype=uint16))]]
