[[(array([[ 11.1993007 ,  48.49300699],
         [  9.1013986 ,  57.72377622],
         [ 14.97552448,  30.03146853],
         [ 26.3041958 ,  28.35314685],
         [ 28.4020979 ,  51.84965035],
         [ 20.01048951,  44.71678322],
         [ 34.27622378,  38.84265734],
         [ 39.73076923,  53.10839161],
         [ 20.84965035,  63.17832168],
         [  7.84265734,  76.6048951 ],
         [ 18.33216783,  84.15734266],
         [ 27.56293706,  77.44405594],
         [ 18.75174825,  72.40909091],
         [  7.42307692,  90.87062937],
         [ 13.71678322,  97.16433566],
         [ 29.24125874,  94.64685315],
         [  5.32517483, 113.52797203],
         [ 22.52797203, 114.36713287],
         [ 32.17832168, 112.68881119],
         [ 29.24125874, 126.11538462],
         [  6.16433566, 137.02447552],
         [ 16.23426573, 144.57692308],
         [  7.42307692, 161.36013986],
         [ 32.5979021 , 159.26223776],
         [ 21.26923077, 168.91258741],
         [  8.26223776, 174.78671329],
         [ 46.86363636, 163.45804196],
         [ 62.80769231, 167.23426573],
         [ 75.3951049 , 172.26923077],
         [ 76.65384615, 150.03146853],
         [ 59.03146853, 138.7027972 ],
         [ 47.7027972 , 137.02447552],
         [ 52.31818182, 126.53496503],
         [ 51.05944056, 108.49300699],
         [ 40.15034965, 129.05244755],
         [ 74.55594406, 123.17832168],
         [ 97.63286713, 169.33216783],
         [102.66783217, 146.67482517],
         [112.73776224, 169.33216783],
         [ 91.33916084, 162.1993007 ],
         [101.82867133, 133.24825175],
         [ 91.75874126, 124.43706294],
         [ 90.08041958, 108.91258741],
         [ 77.91258741, 106.81468531],
         [ 63.22727273,  93.80769231],
         [ 56.93356643,  88.77272727],
         [ 52.73776224,  82.47902098],
         [ 33.01748252,  63.5979021 ],
         [ 49.38111888,  61.91958042],
         [ 60.29020979,  71.15034965],
         [ 69.52097902,  66.53496503],
         [ 60.29020979,  50.59090909],
         [ 59.87062937,  39.68181818],
         [ 71.61888112,  22.05944056],
         [ 63.22727273,  11.15034965],
         [ 82.94755245,  11.56993007],
         [ 60.70979021,  23.31818182],
         [ 34.27622378,  27.09440559],
         [ 69.1013986 ,  32.96853147],
         [ 84.20629371,  30.87062937],
         [ 98.89160839,  32.54895105],
         [101.82867133,  19.96153846],
         [101.82867133,   5.6958042 ],
         [117.35314685,   3.17832168],
         [131.61888112,  19.12237762],
         [149.66083916,  19.12237762],
         [150.08041958,   6.11538462],
         [157.21328671,   9.47202797],
         [162.66783217,  19.12237762],
         [171.8986014 ,  11.98951049],
         [183.64685315,   6.53496503],
         [206.72377622,   4.43706294],
         [201.68881119,  11.98951049],
         [201.68881119,  22.05944056],
         [181.96853147,  16.6048951 ],
         [174.83566434,  22.05944056],
         [169.38111888,  29.61188811],
         [165.6048951 ,  35.90559441],
         [159.73076923,  40.1013986 ],
         [141.26923077,  34.22727273],
         [130.77972028,  32.12937063],
         [120.70979021,  36.74475524],
         [125.32517483,  30.87062937],
         [118.19230769,  24.9965035 ],
         [106.44405594,  30.87062937],
         [ 93.01748252,  53.52797203],
         [113.9965035 ,  57.72377622],
         [107.7027972 ,  57.72377622],
         [127.0034965 ,  45.55594406],
         [134.97552448,  49.75174825],
         [147.98251748,  48.49300699],
         [155.53496503,  45.97552448],
         [161.40909091,  57.72377622],
         [152.17832168,  60.24125874],
         [141.68881119,  58.98251748],
         [112.73776224,  40.1013986 ],
         [ 77.91258741,  53.10839161],
         [ 74.97552448,  42.61888112],
         [ 67.84265734,  48.49300699],
         [ 81.68881119,  60.66083916],
         [ 95.11538462,  73.66783217],
         [ 85.88461538,  75.76573427],
         [ 77.07342657,  82.8986014 ],
         [ 75.3951049 ,  92.96853147],
         [ 85.88461538,  90.87062937],
         [ 95.11538462,  85.41608392],
         [ 97.21328671,  95.06643357],
         [103.92657343, 115.20629371],
         [103.50699301, 104.71678322],
         [114.83566434, 139.12237762],
         [121.54895105, 120.24125874],
         [130.36013986, 123.17832168],
         [130.36013986, 154.22727273],
         [126.16433566, 146.67482517],
         [136.65384615, 170.17132867],
         [151.75874126, 155.48601399],
         [142.10839161, 152.54895105],
         [154.27622378, 142.8986014 ],
         [163.08741259, 151.29020979],
         [169.8006993 , 163.03846154],
         [176.93356643, 172.68881119],
         [190.36013986, 170.17132867],
         [191.61888112, 160.52097902],
         [176.93356643, 148.35314685],
         [196.65384615, 143.73776224],
         [212.17832168, 152.96853147],
         [222.24825175, 175.20629371],
         [232.31818182, 155.48601399],
         [247.0034965 , 154.22727273],
         [257.07342657, 177.72377622],
         [237.35314685, 170.17132867],
         [283.92657343, 150.45104895],
         [289.38111888, 168.07342657],
         [275.53496503, 141.63986014],
         [277.63286713, 128.21328671],
         [215.95454545,  30.87062937],
         [228.96153846,  30.87062937],
         [228.12237762,  22.05944056],
         [219.73076923,  12.40909091],
         [241.12937063,  13.66783217],
         [228.12237762,  11.98951049],
         [252.45804196,  28.35314685],
         [237.35314685,  27.93356643],
         [246.58391608,  37.16433566],
         [239.45104895,  47.23426573],
         [245.74475524,  60.66083916],
         [189.52097902,  27.09440559],
         [186.16433566,  40.94055944],
         [178.19230769,  44.71678322],
         [190.77972028,  44.2972028 ],
         [205.46503497,  37.16433566],
         [183.22727273,  54.78671329],
         [173.15734266,  58.14335664],
         [158.89160839,  69.47202797],
         [146.72377622,  71.15034965],
         [142.10839161,  86.25524476],
         [133.2972028 ,  95.06643357],
         [119.87062937,  87.09440559],
         [123.64685315,  74.92657343],
         [116.09440559,  69.89160839],
         [106.02447552,  75.34615385],
         [134.55594406,  73.66783217],
         [152.5979021 ,  95.06643357],
         [144.20629371, 101.77972028],
         [145.04545455, 114.36713287],
         [160.56993007,  97.16433566],
         [171.8986014 ,  82.05944056],
         [171.47902098,  70.73076923],
         [102.66783217,  45.55594406],
         [ 21.68881119, 142.47902098],
         [140.01048951, 126.53496503],
         [154.6958042 , 123.5979021 ],
         [161.82867133, 116.46503497],
         [171.47902098,  98.84265734],
         [212.17832168,  14.08741259],
         [219.73076923,  46.3951049 ],
         [210.91958042,  45.97552448],
         [254.13636364,  46.3951049 ],
         [260.01048951,  35.06643357],
         [263.36713287,  54.36713287],
         [263.36713287,  74.08741259],
         [253.2972028 ,  82.8986014 ],
         [238.19230769,  68.21328671],
         [238.19230769,  75.34615385],
         [240.29020979,  90.87062937],
         [231.8986014 ,  84.15734266],
         [219.31118881,  71.15034965],
         [215.11538462,  60.66083916],
         [218.89160839,  54.36713287],
         [197.07342657,  77.02447552],
         [189.52097902,  81.22027972],
         [187.84265734,  67.79370629],
         [193.71678322,  61.91958042],
         [178.61188811,  96.74475524],
         [195.3951049 ,  96.74475524],
         [199.59090909,  87.93356643],
         [207.56293706,  91.70979021],
         [215.95454545,  90.87062937],
         [236.09440559,  99.68181818],
         [228.54195804, 101.77972028],
         [214.27622378, 111.84965035],
         [206.3041958 , 109.75174825],
         [185.32517483, 115.20629371],
         [172.73776224, 123.17832168],
         [197.91258741, 131.98951049],
         [209.66083916, 135.76573427],
         [222.24825175, 131.98951049],
         [228.12237762, 118.56293706],
         [241.12937063, 120.24125874],
         [249.94055944, 133.24825175],
         [259.17132867, 133.24825175],
         [250.77972028, 107.65384615],
         [249.52097902,  95.06643357],
         [259.17132867,  99.68181818],
         [262.94755245,  90.87062937],
         [270.08041958,  90.03146853],
         [274.27622378,  77.02447552],
         [280.98951049,  64.01748252],
         [273.85664336,  64.01748252],
         [274.6958042 ,  45.55594406],
         [270.91958042,  35.90559441],
         [264.62587413,  17.86363636],
         [256.65384615,  19.96153846],
         [257.49300699,   6.53496503],
         [263.78671329,   5.6958042 ],
         [231.05944056,   4.43706294],
         [285.6048951 ,   4.43706294],
         [271.75874126,   4.85664336],
         [293.57692308,  13.66783217],
         [291.8986014 ,   5.27622378],
         [306.58391608,   7.37412587],
         [316.65384615,   4.43706294],
         [308.68181818,  16.6048951 ],
         [301.12937063,  18.28321678],
         [290.63986014,  28.35314685],
         [288.54195804,  20.8006993 ],
         [281.82867133,  38.42307692],
         [295.67482517,  38.84265734],
         [285.6048951 ,  51.84965035],
         [301.12937063,  46.3951049 ],
         [305.32517483,  34.64685315],
         [308.68181818,  28.35314685],
         [321.68881119,  16.6048951 ],
         [323.36713287,   5.27622378],
         [330.91958042,  11.56993007],
         [338.47202797,   9.05244755],
         [339.73076923,   2.33916084],
         [355.25524476,   9.47202797],
         [366.58391608,  10.73076923],
         [381.26923077,  13.24825175],
         [374.97552448,   4.43706294],
         [387.98251748,  10.31118881],
         [397.21328671,  16.18531469],
         [410.22027972,   7.37412587],
         [407.28321678,  17.02447552],
         [416.93356643,  11.56993007],
         [404.34615385,  25.83566434],
         [363.22727273,  17.86363636],
         [335.95454545,  17.02447552],
         [343.08741259,  27.93356643],
         [342.66783217,  22.05944056],
         [334.27622378,  31.70979021],
         [324.20629371,  32.12937063],
         [315.81468531,  31.29020979],
         [317.91258741,  42.61888112],
         [342.66783217,  42.61888112],
         [335.11538462,  54.78671329],
         [324.20629371,  60.24125874],
         [314.55594406,  56.04545455],
         [318.75174825,  69.89160839],
         [326.3041958 ,  72.40909091],
         [313.71678322,  82.8986014 ],
         [319.17132867,  98.84265734],
         [291.8986014 ,  70.73076923],
         [289.38111888,  79.12237762],
         [284.34615385,  87.93356643],
         [290.63986014,  94.22727273],
         [296.93356643,  82.05944056],
         [299.03146853, 111.43006993],
         [289.8006993 , 109.33216783],
         [287.28321678, 124.43706294],
         [294.41608392, 125.27622378],
         [307.84265734, 123.17832168],
         [297.77272727, 130.31118881],
         [299.03146853, 135.76573427],
         [288.96153846, 138.28321678],
         [299.03146853, 150.45104895],
         [310.36013986, 133.24825175],
         [320.01048951, 150.87062937],
         [322.94755245, 165.13636364],
         [331.33916084, 152.54895105],
         [365.32517483, 160.1013986 ],
         [357.77272727, 152.96853147],
         [374.13636364, 152.54895105],
         [382.52797203, 150.03146853],
         [389.24125874, 176.88461538],
         [372.87762238, 179.4020979 ],
         [345.18531469, 175.20629371],
         [333.85664336, 168.91258741],
         [334.6958042 , 131.15034965],
         [348.96153846, 117.3041958 ],
         [344.34615385, 109.33216783],
         [342.66783217,  99.68181818],
         [347.28321678,  90.87062937],
         [348.12237762,  84.15734266],
         [337.63286713,  79.96153846],
         [328.82167832,  98.0034965 ],
         [326.72377622,  88.77272727],
         [305.32517483,  88.35314685],
         [356.51398601, 102.61888112],
         [376.23426573, 106.81468531],
         [383.36713287, 117.72377622],
         [376.23426573, 137.02447552],
         [368.68181818, 139.12237762],
         [394.27622378, 139.12237762],
         [413.15734266, 168.91258741],
         [418.19230769, 146.67482517],
         [406.44405594, 120.24125874],
         [389.24125874, 105.97552448],
         [403.50699301, 109.75174825],
         [417.77272727,  95.90559441],
         [416.51398601,  79.54195804],
         [415.25524476,  66.95454545],
         [401.40909091,  69.05244755],
         [396.79370629,  63.5979021 ],
         [388.82167832,  66.95454545],
         [380.43006993,  82.8986014 ],
         [390.08041958,  91.70979021],
         [371.61888112,  72.40909091],
         [362.80769231,  66.53496503],
         [348.96153846,  75.34615385],
         [343.08741259,  66.53496503],
         [351.47902098,  53.10839161],
         [354.83566434,  46.3951049 ],
         [354.83566434,  39.68181818],
         [362.80769231,  32.54895105],
         [369.1013986 ,  30.03146853],
         [384.62587413,  23.73776224],
         [380.84965035,  32.12937063],
         [395.53496503,  30.87062937],
         [392.5979021 ,  19.96153846],
         [385.88461538,  40.52097902],
         [379.59090909,  49.75174825],
         [373.2972028 ,  59.4020979 ],
         [404.34615385,  40.94055944],
         [400.15034965,  54.78671329],
         [390.91958042,  49.75174825],
         [385.88461538,  60.66083916],
         [ 23.78671329,  12.40909091],
         [  5.32517483,  35.90559441],
         [413.15734266,  37.58391608],
         [417.77272727, 111.43006993],
         [275.53496503,  24.15734266],
         [244.48601399,  22.8986014 ]]), array([[354]], dtype=uint16))]]
