[[(array([[  38.92473118,  196.71407625],
         [  30.94037146,  170.76490714],
         [  54.89345064,  160.78445748],
         [  84.83479961,  166.77272727],
         [ 103.79765396,  126.85092864],
         [ 138.72922776,  128.84701857],
         [ 164.67839687,  107.88807429],
         [ 201.60606061,  121.86070381],
         [ 245.5200391 ,  121.86070381],
         [ 244.52199413,  168.7688172 ],
         [ 216.57673509,  203.70039101],
         [ 163.68035191,  181.74340176],
         [ 129.74682307,  188.72971652],
         [ 140.72531769,  212.6827957 ],
         [ 161.68426197,  223.66129032],
         [ 136.73313783,  248.61241447],
         [  82.83870968,  212.6827957 ],
         [  54.89345064,  205.69648094],
         [  33.93450635,  272.56549365],
         [  67.86803519,  285.5400782 ],
         [  71.86021505,  337.43841642],
         [ 123.75855327,  316.47947214],
         [ 208.59237537,  304.50293255],
         [ 177.65298143,  281.54789834],
         [ 143.71945259,  269.57135875],
         [ 110.78396872,  276.55767351],
         [ 129.74682307,  364.3856305 ],
         [ 113.77810362,  476.16666667],
         [  22.95601173,  474.17057674],
         [ 216.57673509,  418.28005865],
         [ 240.52981427,  478.1627566 ],
         [ 356.3030303 ,  341.43059629],
         [ 250.51026393,  339.43450635],
         [ 252.50635386,  290.53030303],
         [ 311.39100684,  247.6143695 ],
         [ 511.        ,  467.18426197],
         [ 444.13098729,  506.10801564],
         [ 364.28739003,  485.14907136],
         [ 309.39491691,  485.14907136],
         [ 597.82991202,  434.2487781 ],
         [ 625.77517107,  358.3973607 ],
         [ 728.57380254,  365.38367546],
         [ 723.58357771,  501.11779081],
         [ 794.44477028,  447.22336266],
         [ 800.43304008,  538.04545455],
         [ 844.34701857,  493.13343109],
         [ 926.18670577,  486.14711632],
         [ 889.25904203,  383.34848485],
         [ 954.13196481,  287.53616813],
         [ 892.25317693,  265.57917889],
         [ 902.23362659,  220.66715543],
         [ 814.4056696 ,  247.6143695 ],
         [ 786.46041056,  274.56158358],
         [ 778.47605083,  237.63391984],
         [ 766.49951124,  210.68670577],
         [ 742.54643206,  191.72385142],
         [ 722.58553275,  206.6945259 ],
         [ 683.66177908,  177.7512219 ],
         [ 636.75366569,  184.73753666],
         [ 656.714565  ,  156.79227761],
         [ 550.92179863,  161.78250244],
         [ 536.94916911,  170.76490714],
         [ 551.9198436 ,  203.70039101],
         [ 519.98240469,  205.69648094],
         [ 474.07233627,  191.72385142],
         [ 448.12316716,  220.66715543],
         [ 480.06060606,  237.63391984],
         [ 456.10752688,  268.57331378],
         [ 430.15835777,  290.53030303],
         [ 377.26197458,  262.58504399],
         [ 377.26197458,  281.54789834],
         [ 391.23460411,  216.67497556],
         [ 338.33822092,  217.67302053],
         [ 359.2971652 ,  193.71994135],
         [ 333.34799609,  182.74144673],
         [  63.87585533,   90.92130987],
         [ 520.98044966,  306.49902248],
         [ 485.05083089,  285.5400782 ],
         [ 574.87487781,  262.58504399],
         [ 601.82209189,  223.66129032],
         [ 196.61583578,   89.92326491],
         [ 231.54740958,   82.93695015],
         [ 268.47507331,   80.94086022],
         [ 307.39882698,  100.90175953],
         [ 295.42228739,  109.88416422],
         [ 288.43597263,  125.85288368],
         [ 266.47898338,  109.88416422],
         [ 559.90420332,  233.64173998],
         [ 290.43206256,  206.6945259 ],
         [ 244.52199413,  201.70430108],
         [  28.94428152,  131.84115347],
         [ 196.61583578,   68.96432063],
         [ 218.57282502,   54.9916911 ],
         [ 263.48484848,   54.9916911 ],
         [ 293.42619746,   45.01124145],
         [ 310.39296188,   72.95650049],
         [ 325.36363636,   68.96432063],
         [ 313.38709677,   51.99755621],
         [ 368.27956989,   51.99755621],
         [ 443.13294233,  122.85874878],
         [ 437.14467253,  136.8313783 ],
         [ 401.21505376,  157.79032258],
         [ 410.19745846,  177.7512219 ],
         [ 479.06256109,  149.80596285],
         [ 500.02150538,  166.77272727],
         [ 632.76148583,  156.79227761],
         [ 630.76539589,  131.84115347],
         [ 620.78494624,  109.88416422],
         [ 600.82404692,  104.89393939],
         [ 584.85532747,  121.86070381],
         [ 571.88074291,  135.83333333],
         [ 746.53861193,  147.80987292],
         [ 731.56793744,  128.84701857],
         [ 715.59921799,  128.84701857],
         [ 100.80351906,   87.92717498],
         [ 139.72727273,   84.93304008],
         [ 134.7370479 ,   41.01906158],
         [  66.86999022,   68.96432063],
         [  82.83870968,   41.01906158],
         [ 474.07233627,  111.88025415],
         [ 541.93939394,  111.88025415],
         [ 554.91397849,  104.89393939],
         [ 572.87878788,  101.8998045 ],
         [ 604.81622678,  137.82942326],
         [ 552.91788856,  262.58504399],
         [ 662.7028348 ,  269.57135875],
         [ 628.76930596,  233.64173998],
         [ 677.67350929,  256.59677419],
         [ 726.57771261,  234.63978495],
         [ 759.51319648,  301.50879765],
         [ 689.65004888,  311.48924731],
         [ 642.74193548,  320.471652  ],
         [ 612.80058651,  341.43059629],
         [1000.04203324,  251.60654936],
         [ 978.08504399,  182.74144673],
         [ 973.09481916,  149.80596285],
         [ 929.18084066,  125.85288368],
         [ 882.27272727,  153.79814272],
         [ 846.3431085 ,  160.78445748],
         [ 841.35288368,  185.73558162],
         [ 831.37243402,  208.69061584],
         [ 812.40957967,  205.69648094],
         [ 790.45259042,  158.78836755],
         [ 815.40371457,  135.83333333],
         [ 830.37438905,  114.87438905],
         [ 361.29325513,  168.7688172 ],
         [  30.94037146,  100.90175953],
         [ 429.16031281,   52.99560117],
         [ 471.07820137,   58.98387097],
         [ 470.0801564 ,   79.94281525],
         [ 545.9315738 ,   68.96432063],
         [ 562.89833822,   66.96823069],
         [ 612.80058651,   68.96432063],
         [ 627.771261  ,   91.91935484],
         [ 648.73020528,   80.94086022],
         [ 677.67350929,   68.96432063],
         [ 660.70674487,   52.99560117],
         [ 704.62072336,   73.95454545],
         [ 765.50146628,   72.95650049],
         [ 792.44868035,   58.98387097],
         [ 811.4115347 ,  101.8998045 ],
         [ 814.4056696 ,   82.93695015],
         [ 763.50537634,  100.90175953],
         [ 729.57184751,  104.89393939],
         [ 512.99608993,  108.88611926],
         [ 714.60117302,    7.08553275],
         [ 785.46236559,   15.06989247],
         [ 834.36656891,   65.97018573],
         [ 820.39393939,   61.97800587],
         [ 810.41348974,   41.01906158],
         [ 932.17497556,   59.98191593],
         [ 955.13000978,   82.93695015],
         [ 963.1143695 ,  115.87243402],
         [ 949.14173998,  132.83919844],
         [1000.04203324,  112.87829912],
         [ 851.33333333,  112.87829912],
         [ 851.33333333,  135.83333333],
         [ 330.35386119,   89.92326491],
         [ 177.65298143,   39.02297165],
         [ 165.67644184,   91.91935484],
         [ 149.70772239,   59.98191593],
         [  58.8856305 ,   35.03079179],
         [ 496.02932551,  136.8313783 ],
         [ 581.86119257,   73.95454545],
         [ 663.70087977,   10.07966764],
         [ 912.21407625,   55.98973607],
         [ 890.257087  ,   80.94086022],
         [ 902.23362659,   98.9056696 ],
         [ 886.26490714,  111.88025415],
         [ 851.33333333,   63.9740958 ],
         [ 764.50342131,  138.82746823],
         [ 909.21994135,  187.73167155],
         [ 996.04985337,  316.47947214],
         [ 237.53567937,   34.03274682],
         [ 525.97067449,   75.95063539],
         [ 538.94525904,   51.99755621],
         [ 505.01173021,   65.97018573],
         [ 695.63831867,   91.91935484],
         [ 669.68914956,  111.88025415],
         [ 687.65395894,  133.8372434 ],
         [ 620.78494624,  187.73167155],
         [ 518.98435973,  372.36999022],
         [ 914.21016618,  157.79032258],
         [ 980.08113392,  252.60459433],
         [ 933.17302053,  208.69061584],
         [1003.03616813,  150.80400782],
         [1008.02639296,   73.95454545],
         [ 752.52688172,  119.86461388],
         [ 534.95307918,   93.91544477],
         [ 509.00391007,   83.93499511],
         [ 421.17595308,   90.92130987],
         [ 409.19941349,  114.87438905],
         [  18.96383187,   35.03079179],
         [ 229.55131965,   20.0601173 ],
         [ 208.59237537,   27.04643206],
         [ 309.39491691,   21.05816227],
         [ 190.62756598,  202.70234604],
         [ 974.09286413,   56.98778104],
         [ 118.76832845,   72.95650049],
         [ 530.96089932,  135.83333333],
         [ 525.97067449,  153.79814272],
         [ 752.52688172,   52.99560117],
         [ 495.03128055,   54.9916911 ],
         [ 445.12903226,   90.92130987],
         [ 355.30498534,   29.04252199],
         [ 511.99804497,   43.01515152],
         [ 656.714565  ,   91.91935484],
         [ 666.69501466,  136.8313783 ],
         [ 781.47018573,  118.86656891],
         [ 924.19061584,  100.90175953],
         [ 962.11632454,  102.89784946],
         [ 948.14369501,  173.75904203],
         [1012.01857283,  276.55767351],
         [ 307.39882698,   35.03079179],
         [ 309.39491691,  124.85483871],
         [ 303.40664712,  178.74926686],
         [ 293.42619746,  255.59872923],
         [  40.78921079,   63.24475524],
         [  65.26873127,   55.08491508],
         [  80.56843157,   52.02497502],
         [  89.74825175,   54.06493506],
         [  87.70829171,   68.34465534],
         [ 101.98801199,   38.76523477],
         [  97.90809191,   21.42557443],
         [ 131.56743257,   20.40559441],
         [ 159.10689311,   23.46553447],
         [ 158.08691309,   36.72527473],
         [ 169.30669331,   59.16483516],
         [   9.16983017,  156.06293706],
         [ 215.20579421,  182.58241758],
         [ 318.22377622,  151.98301698],
         [ 318.22377622,  164.22277722],
         [ 341.68331668,   63.24475524],
         [ 336.58341658,   43.86513487],
         [ 336.58341658,   30.60539461],
         [ 262.12487512,   18.36563437],
         [ 234.58541459,    9.18581419],
         [ 366.16283716,   11.22577423],
         [ 451.84115884,   47.94505495],
         [ 450.82117882,   62.22477522],
         [ 415.12187812,   70.38461538],
         [ 403.9020979 ,   58.14485514],
         [ 445.72127872,   71.4045954 ],
         [ 504.88011988,   16.32567433],
         [ 464.08091908,   27.54545455],
         [ 554.85914086,   55.08491508],
         [ 583.41858142,   54.06493506],
         [ 598.71828172,   63.24475524],
         [ 599.73826174,   46.92507493],
         [ 630.33766234,   43.86513487],
         [ 644.61738262,   46.92507493],
         [ 630.33766234,   13.26573427],
         [ 643.5974026 ,    8.16583417],
         [ 694.5964036 ,   51.004995  ],
         [ 691.53646354,   29.58541459],
         [ 708.87612388,   63.24475524],
         [ 722.13586414,   69.36463536],
         [ 732.33566434,   82.62437562],
         [ 885.33266733,   65.28471528],
         [ 830.25374625,   44.88511489],
         [ 934.29170829,   77.52447552],
         [ 957.75124875,   63.24475524],
         [ 973.05094905,   80.58441558],
         [ 992.43056943,   96.9040959 ],
         [ 834.33366633,  230.52147852],
         [1013.85014985,  368.21878122],
         [ 569.13886114,  214.2017982 ],
         [ 604.83816184,  201.96203796]]), array([[288]], dtype=uint16))]]
