[[(array([[ 178.03381893,  412.27030652],
         [ 120.97810045,  406.26444142],
         [ 883.72296849,  171.0347249 ],
         [ 660.50498217,  168.03179235],
         [  20.88034874,  309.16962226],
         [  69.92824708,  297.15789206],
         [  53.91260681,  248.10999372],
         [  30.89012391,  253.1148813 ],
         [   9.86959605,  258.11976889],
         [  41.9008766 ,  221.08360076],
         [  65.92433701,  221.08360076],
         [ 142.99960583,  339.19894778],
         [ 141.99862831,  276.1373642 ],
         [ 181.03675148,  295.15593702],
         [ 228.08269478,  342.20188033],
         [ 246.10029009,  297.15789206],
         [ 287.14036829,  337.19699274],
         [ 329.18142401,  341.20090281],
         [ 321.17360387,  383.24195853],
         [ 364.21563711,  304.16473468],
         [ 454.30361365,  325.18526254],
         [ 498.3466244 ,  330.19015012],
         [ 517.36519723,  398.25662129],
         [ 304.15698608,  451.30842969],
         [ 638.4834768 ,  418.27617163],
         [ 639.48445431,  472.32895755],
         [ 724.56754327,  355.21458805],
         [ 679.523555  ,  323.1833075 ],
         [ 601.44730866,  306.16668971],
         [ 499.34760192,  476.33286762],
         [ 543.39061267,  534.38956361],
         [ 858.69853056,  441.29865452],
         [ 779.62130671,  435.29278942],
         [ 949.78748462,  406.26444142],
         [ 948.7865071 ,  490.34655286],
         [ 994.83147289,  541.39640623],
         [ 818.65942988,  360.21947564],
         [ 836.67702518,  347.20676791],
         [ 862.70244063,  319.17939743],
         [ 811.65258726,  302.16277964],
         [ 754.59686878,  319.17939743],
         [ 774.61641912,  281.14225178],
         [ 720.5636332 ,  269.13052158],
         [ 651.49618452,  290.15104944],
         [ 626.47174659,  312.17255481],
         [ 681.52551003,  228.09044338],
         [ 720.5636332 ,  201.06405042],
         [ 771.61348657,  191.05427524],
         [ 806.64769967,  217.07969069],
         [ 798.63987953,  242.10412862],
         [ 873.71319332,  233.09533096],
         [ 830.67116008,  244.10608365],
         [ 902.74154131,  250.11194875],
         [ 904.74349635,  221.08360076],
         [ 942.780642  ,  204.06698297],
         [ 944.78259703,  221.08360076],
         [ 946.78455207,  256.11781386],
         [ 992.82951785,  256.11781386],
         [ 627.47272411,  190.05329773],
         [ 218.07291961,  239.10119607],
         [ 210.06509947,  210.07284807],
         [ 265.11886292,  217.07969069],
         [ 273.12668305,  243.10510613],
         [ 292.14525588,  257.11879137],
         [ 309.16187367,  269.13052158],
         [ 339.19119918,  246.10803869],
         [ 362.21368208,  277.13834172],
         [ 375.2263898 ,  263.12465648],
         [ 405.25571531,  255.11683634],
         [ 439.28895089,  270.1314991 ],
         [ 480.32902909,  257.11879137],
         [ 523.37106233,  265.12661151],
         [  98.95659508,  274.13540916],
         [ 151.00742597,  232.09435345],
         [ 145.00156086,  215.07773565],
         [ 120.97810045,  219.08164572],
         [ 328.18044649,  204.06698297],
         [ 582.42873584,  214.07675814],
         [ 539.3867026 ,  211.07382559],
         [ 564.41114053,  203.06600545],
         [ 560.40723046,  239.10119607],
         [ 490.33880426,  231.09337593],
         [ 467.31632137,  218.08066821],
         [ 449.29872606,  218.08066821],
         [ 419.26940055,  228.09044338],
         [ 170.02599879,  186.04938766],
         [ 186.04163906,  228.09044338],
         [ 166.02208872,  231.09337593],
         [ 958.79628227,  360.21947564],
         [ 926.76500172,  325.18526254],
         [ 561.40820798,  281.14225178],
         [ 660.50498217,  183.04645511],
         [ 678.52257748,  186.04938766],
         [ 638.4834768 ,  183.04645511],
         [ 607.45317377,  239.10119607],
         [ 591.43753349,  242.10412862],
         [ 275.12863809,  186.04938766],
         [ 290.14330084,  189.05232021],
         [ 317.16969381,  190.05329773],
         [ 247.10126761,  175.03863497],
         [ 220.07487465,  159.0229947 ],
         [ 198.05336927,  154.01810711],
         [  47.9067417 ,  172.03570242],
         [  80.93899977,  184.04743262],
         [  18.87839371,  189.05232021],
         [   4.86470847,  198.06111786],
         [  17.87741619,  215.07773565],
         [ 130.98787562,  189.05232021],
         [ 104.96246018,  182.04547759],
         [ 121.97907797,  166.02983732],
         [ 141.99862831,  147.01126449],
         [ 296.14916595,  172.03570242],
         [ 284.13743574,  169.03276987],
         [ 251.10517768,  215.07773565],
         [ 240.09442499,  214.07675814],
         [ 511.35933212,  229.09142089],
         [ 506.35444454,  182.04547759],
         [ 500.34857944,  165.0288598 ],
         [ 473.32218647,  163.02690477],
         [ 498.3466244 ,  118.98389401],
         [ 740.58318354,  177.04059   ],
         [ 725.56852078,  180.04352256],
         [ 744.58709361,  200.0630729 ],
         [ 407.25767034,  194.0572078 ],
         [ 398.24887269,  229.09142089],
         [ 393.24398511,  214.07675814],
         [ 371.22247973,  219.08164572],
         [ 370.22150221,  197.06014035],
         [ 381.2322549 ,  194.0572078 ],
         [ 292.14525588,  224.08653331],
         [ 307.15991863,  219.08164572],
         [ 320.17262636,  232.09435345],
         [ 368.21954718,  246.10803869],
         [ 171.02697631,  258.11976889],
         [  90.94877494,  218.08066821],
         [  96.95464004,  155.01908463],
         [  31.89110143,  152.01615208],
         [ 491.33978178,  212.0748031 ],
         [ 346.1980418 ,  140.00442187],
         [ 338.19022166,  152.01615208],
         [ 325.17751394,  157.02103966],
         [ 158.01426859,  155.01908463],
         [   8.86861854,  151.01517456],
         [  18.87839371,  144.00833194],
         [   6.8666635 ,  175.03863497],
         [ 920.75913662,  204.06698297],
         [ 574.4209157 ,  191.05427524],
         [ 439.28895089,  189.05232021],
         [ 418.26842303,  173.03667994],
         [ 382.23323242,  170.03374739],
         [ 371.22247973,  171.0347249 ],
         [ 232.08660485,  151.01517456],
         [ 306.15894112,  150.01419704],
         [ 277.13059312,  161.02494973],
         [ 255.10908774,  163.02690477],
         [ 100.95855011,  251.11292627],
         [ 167.02306624,  141.00539939],
         [ 458.30752372,  166.02983732],
         [ 484.33293916,  143.00735442],
         [ 503.35151199,  144.00833194],
         [ 751.59393623,  149.01321953],
         [ 733.57634092,  156.02006215],
         [ 987.82463027,  161.02494973],
         [ 984.82169772,  186.04938766],
         [1007.84418061,  187.05036518],
         [1015.85200075,  172.03570242],
         [1005.84222557,  156.02006215],
         [ 869.70928325,  211.07382559],
         [ 850.69071042,  215.07773565],
         [ 759.60175637,  231.09337593],
         [ 151.00742597,  189.05232021],
         [ 212.06705451,  177.04059   ],
         [ 119.97712294,  142.00637691],
         [ 422.2723331 ,  136.0005118 ],
         [  68.92726956,  141.00539939],
         [  50.90967425,  136.0005118 ],
         [  73.93215715,  166.02983732],
         [ 181.03675148,  141.00539939],
         [ 357.20879449,  152.01615208],
         [ 381.2322549 ,  147.01126449],
         [ 409.25962538,  154.01810711],
         [ 328.18044649,  293.15398199],
         [  65.3193506 ,  197.89062169],
         [  45.88278716,  193.7987136 ],
         [  34.63003991,  180.5000123 ],
         [  47.92874121,  148.78772459],
         [ 102.14652343,  140.60390841],
         [ 218.76590405,  141.62688543],
         [ 263.77689306,  145.71879352],
         [ 291.39727268,  143.67283948],
         [ 289.35131863,  156.97154077],
         [ 243.3173526 ,  147.76474757],
         [ 349.70696299,  167.201311  ],
         [ 394.717952  ,  147.76474757],
         [ 468.37229765,  148.78772459],
         [ 445.86680315,  155.94856375],
         [ 602.38228766,  211.18932299],
         [ 781.40326668,  224.48802429],
         [ 786.5181518 ,  220.3961162 ],
         [ 974.74592403,  161.06344887],
         [ 427.45321673,  208.12039192],
         [ 536.91175819,  192.77573658],
         [ 519.5211488 ,  206.07443788],
         [ 524.63603392,  185.61489742],
         [ 521.56710285,  148.78772459],
         [ 511.33733262,  155.94856375]]), array([[206]], dtype=uint8))]]
