[[(array([[1.31122126e+02, 4.64523636e+02],
         [1.51057902e+02, 3.33695105e+02],
         [6.38388811e+01, 3.02545455e+02],
         [3.39352168e+01, 2.05358545e+02],
         [1.07448392e+02, 2.12834462e+02],
         [3.14432448e+01, 1.66732979e+02],
         [2.39673287e+01, 1.38075301e+02],
         [3.01972587e+01, 5.58402238e+01],
         [5.27753846e+00, 4.33803636e+01],
         [1.42336000e+02, 1.77946853e+02],
         [1.77223608e+02, 1.65486993e+02],
         [2.03389315e+02, 1.97882629e+02],
         [1.92175441e+02, 2.26540308e+02],
         [2.54474741e+02, 2.27786294e+02],
         [3.08052140e+02, 3.10021371e+02],
         [3.42939748e+02, 3.95994406e+02],
         [3.87795245e+02, 4.57047720e+02],
         [3.67859469e+02, 3.84780531e+02],
         [4.15206937e+02, 3.87272503e+02],
         [4.99933986e+02, 4.25898070e+02],
         [5.32329622e+02, 3.46154965e+02],
         [4.40126657e+02, 3.07529399e+02],
         [3.80319329e+02, 2.77625734e+02],
         [3.46677706e+02, 2.73887776e+02],
         [2.96838266e+02, 2.20310378e+02],
         [2.58212699e+02, 1.87914741e+02],
         [2.71918545e+02, 1.59257063e+02],
         [2.50736783e+02, 1.59257063e+02],
         [1.54795860e+02, 2.26282517e+00],
         [3.15528056e+02, 8.49275524e+00],
         [3.30479888e+02, 7.82679720e+01],
         [3.79073343e+02, 9.19738182e+01],
         [3.70351441e+02, 1.60503049e+02],
         [3.41693762e+02, 1.79192839e+02],
         [3.30479888e+02, 1.81684811e+02],
         [4.18944895e+02, 2.12834462e+02],
         [3.74089399e+02, 2.10342490e+02],
         [4.43864615e+02, 1.60503049e+02],
         [6.15810685e+02, 3.86026517e+02],
         [5.88398993e+02, 3.34941091e+02],
         [5.53511385e+02, 2.46476084e+02],
         [4.83736168e+02, 1.96636643e+02],
         [4.97442014e+02, 1.56765091e+02],
         [5.13639832e+02, 1.65486993e+02],
         [5.07409902e+02, 6.70540979e+01],
         [5.38559552e+02, 1.28107413e+02],
         [5.48527441e+02, 1.94144671e+02],
         [6.00858853e+02, 1.85422769e+02],
         [5.79677091e+02, 1.66732979e+02],
         [6.22040615e+02, 1.62995021e+02],
         [6.48206322e+02, 1.33091357e+02],
         [5.68463217e+02, 7.95139580e+01],
         [6.29516531e+02, 6.70540979e+01],
         [5.97120895e+02, 4.75479720e+00],
         [6.50698294e+02, 4.75479720e+00],
         [6.84339916e+02, 3.09205035e+01],
         [6.83093930e+02, 8.32519161e+01],
         [7.37917315e+02, 1.03187692e+02],
         [6.91815832e+02, 1.67978965e+02],
         [7.15489566e+02, 2.05358545e+02],
         [6.99291748e+02, 2.06604531e+02],
         [6.90569846e+02, 2.31524252e+02],
         [7.19227524e+02, 2.52706014e+02],
         [6.96799776e+02, 3.73566657e+02],
         [7.57853091e+02, 3.29957147e+02],
         [7.76542881e+02, 4.39603916e+02],
         [7.86510769e+02, 4.00978350e+02],
         [8.42580140e+02, 5.04395189e+02],
         [9.72162685e+02, 5.25576951e+02],
         [8.92419580e+02, 4.20914126e+02],
         [8.41334154e+02, 3.76058629e+02],
         [8.52548028e+02, 3.41171021e+02],
         [8.96157538e+02, 3.15005315e+02],
         [8.45072112e+02, 2.40246154e+02],
         [7.91494713e+02, 2.81363692e+02],
         [7.61591049e+02, 2.55197986e+02],
         [7.82772811e+02, 2.35262210e+02],
         [7.55361119e+02, 1.92898685e+02],
         [7.64083021e+02, 1.53027133e+02],
         [8.05200559e+02, 1.75454881e+02],
         [8.00216615e+02, 1.34766993e+01],
         [7.49131189e+02, 1.47226853e+01],
         [9.79638601e+02, 3.99732364e+02],
         [9.52226909e+02, 3.89764476e+02],
         [1.01826417e+03, 2.92577566e+02],
         [9.23569231e+02, 3.07529399e+02],
         [9.29799161e+02, 2.77625734e+02],
         [9.44750993e+02, 2.53952000e+02],
         [8.69991832e+02, 2.30278266e+02],
         [9.04879441e+02, 2.26540308e+02],
         [9.58456839e+02, 2.15326434e+02],
         [9.14847329e+02, 1.89160727e+02],
         [9.53472895e+02, 1.80438825e+02],
         [9.08617399e+02, 9.44657902e+01],
         [8.38842182e+02, 7.95139580e+01],
         [9.87114517e+02, 9.69577622e+01],
         [9.45996979e+02, 2.59365594e+01],
         [9.64686769e+02, 1.84606434e+01],
         [4.30158769e+02, 2.67657846e+02],
         [7.58931309e+02, 6.73425774e+01],
         [1.01467556e+03, 2.61708212e+02],
         [9.05334665e-01, 1.00077842e+02]]), array([[102]], dtype=uint8))]]
