[[(array([[135.        ,  83.        ],
         [197.77777778,  90.77777778],
         [227.22222222, 147.44444444],
         [240.55555556, 184.66666667],
         [227.22222222, 220.77777778],
         [287.22222222, 261.33333333],
         [201.11111111, 288.55555556],
         [173.88888889, 325.22222222],
         [218.33333333, 430.77777778],
         [288.33333333, 379.66666667],
         [ 65.55555556, 366.33333333],
         [ 55.        , 320.77777778],
         [ 27.77777778, 365.22222222],
         [ 66.11111111, 243.        ],
         [  2.22222222, 300.77777778],
         [ 90.55555556, 215.77777778],
         [142.22222222, 179.66666667],
         [ 70.        , 129.11111111],
         [ 38.33333333, 139.11111111],
         [ 18.33333333, 113.55555556],
         [ 82.77777778,  77.44444444],
         [105.55555556,  58.55555556],
         [171.66666667,  25.22222222],
         [247.77777778,  47.44444444],
         [ 42.22222222,  24.66666667],
         [  9.44444444,  51.33333333],
         [141.66666667,  19.11111111],
         [217.22222222,   4.11111111],
         [295.        , 221.33333333],
         [ 88.33333333, 276.88888889],
         [151.11111111, 274.11111111],
         [190.55555556, 148.55555556],
         [ 64.44444444,  38.55555556]]), array([[33]], dtype=uint8))]]
