[[(array([[  44.94469708,  526.92843768],
         [  13.83998085,  513.83171506],
         [  94.87595208,  450.80373744],
         [  94.05740691,  386.13866949],
         [ 116.9766715 ,  337.02595966],
         [  26.93670347,  305.10269827],
         [  79.32359396,  262.53834975],
         [  36.75924544,  219.15545607],
         [  22.02543249,  175.77256238],
         [  21.20688733,  139.75657517],
         [  26.93670347,   59.53914911],
         [  58.0414197 ,   78.36568788],
         [  67.86396167,  108.65185894],
         [ 115.33958117,   66.90605559],
         [ 122.70648765,   98.82931698],
         [ 108.79121986,  124.20421706],
         [  85.87195527,  136.48239451],
         [ 153.81120387,  655.44002841],
         [ 223.3875428 ,  480.27136334],
         [ 223.3875428 ,  571.94842169],
         [ 278.23006878,  587.50077981],
         [ 330.61695927,  521.19862153],
         [ 289.68970108,  481.0899085 ],
         [ 270.86316231,  410.69502441],
         [ 177.54901363,  380.40885335],
         [ 144.80720707,  267.44962073],
         [ 148.89993289,  237.98199483],
         [  95.69449724,  187.23219467],
         [  60.49705519,  187.23219467],
         [ 150.53702322,  104.55913312],
         [ 149.71847806,   64.45042009],
         [ 137.4403006 ,  154.49038812],
         [ 115.33958117,  170.04274623],
         [ 183.27882977,  192.96201082],
         [ 212.74645567,  177.40965271],
         [ 177.54901363,  152.85329779],
         [ 191.46428141,  129.9340332 ],
         [ 216.83918149,  120.11149124],
         [ 220.93190731,   95.55513632],
         [ 198.01264272,   79.18423304],
         [  87.5090456 ,  651.34730259],
         [ 193.9199169 ,  440.98119547],
         [ 248.76244288,  323.11069188],
         [ 223.3875428 ,  251.89726262],
         [ 261.85916551,  224.88527221],
         [ 265.95189132,  259.2641691 ],
         [ 302.7864237 ,  225.70381738],
         [ 292.14533657,  202.78455279],
         [ 322.43150763,  124.20421706],
         [ 282.3227946 ,   96.37368149],
         [ 271.68170747,   98.82931698],
         [ 262.67771067,  131.57112353],
         [ 265.13334616,   72.63587173],
         [ 337.16532058,   70.18023624],
         [ 301.96787853,   93.09950083],
         [ 302.7864237 ,  112.74458476],
         [ 357.62894968,   93.09950083],
         [ 380.54821427,  147.12348165],
         [ 392.00784656,  120.11149124],
         [ 364.17731099,  205.24018828],
         [ 342.07659156,  177.40965271],
         [ 376.45548845,  171.67983656],
         [ 387.09657558,  296.09870147],
         [ 387.91512074,  333.75177901],
         [ 324.88714312,  299.37288212],
         [ 291.3267914 ,  342.75577581],
         [ 288.05261075,  382.04594368],
         [ 335.52823025,  418.06193089],
         [ 377.27403361,  424.6102922 ],
         [ 388.7336659 ,  376.31612753],
         [ 419.83838213,  422.97320187],
         [ 478.77363393,  406.60229859],
         [ 404.28602402,  480.27136334],
         [ 445.21328221,  497.46081178],
         [ 468.1325468 ,  503.19062793],
         [ 405.10456918,  600.59750243],
         [ 478.77363393,  600.59750243],
         [ 538.52743089,  601.41604759],
         [ 608.10376982,  477.81572785],
         [ 575.36196327,  593.23059595],
         [ 626.11176343,  562.94442489],
         [ 570.45069228,  431.97719867],
         [ 530.34197925,  476.99718268],
         [ 535.25325024,  405.78375343],
         [ 522.97507278,  360.76376941],
         [ 461.58418549,  354.2154081 ],
         [ 472.22527262,  333.75177901],
         [ 484.50345008,  308.37687893],
         [ 460.76564033,  283.82052401],
         [ 486.14054041,  237.98199483],
         [ 395.28202722,  263.35689491],
         [ 468.1325468 ,  213.42563992],
         [ 446.03182738,  205.24018828],
         [ 442.75764672,  184.77655918],
         [ 470.58818229,  148.76057197],
         [ 426.38674344,  133.20821386],
         [ 441.12055639,  102.10349763],
         [ 468.95109196,  107.01476862],
         [ 468.1325468 ,   79.18423304],
         [ 419.83838213,   67.72460075],
         [ 378.91112394,   52.9907878 ],
         [ 324.06859796,   58.72060395],
         [ 488.5961759 ,   49.71660714],
         [ 514.78962114,   58.72060395],
         [ 518.0638018 ,   88.18822985],
         [ 554.07978901,   93.09950083],
         [ 567.99505679,  108.65185894],
         [ 596.64413753,  145.48639132],
         [ 581.09177941,  196.23619148],
         [ 538.52743089,  173.31692689],
         [ 501.69289852,  181.50237853],
         [ 500.87435335,  141.3936655 ],
         [ 540.98306638,  136.48239451],
         [ 569.63214712,   67.72460075],
         [ 604.011044  ,   70.18023624],
         [ 579.45468909,   44.80533616],
         [ 657.21647965,   55.44642329],
         [ 681.77283457,   73.4544169 ],
         [ 680.95428941,   98.82931698],
         [ 655.57938933,  112.74458476],
         [ 621.20049244,   99.64786214],
         [ 651.48666351,  160.22020427],
         [ 622.83758277,  175.77256238],
         [ 678.49865391,  198.69182697],
         [ 660.49066031,  244.53035615],
         [ 649.03102802,  293.64306598],
         [ 597.46268269,  318.19942089],
         [ 584.36596007,  342.75577581],
         [ 526.24925343,  310.83251442],
         [ 572.90632778,  272.36089172],
         [ 589.27723105,  255.17144328],
         [ 588.45868589,  224.88527221],
         [ 626.11176343,  420.51756638],
         [ 661.30920547,  374.6790372 ],
         [ 635.93430539,  337.02595966],
         [ 689.13974104,  306.7397886 ],
         [ 691.59537654,  454.89646326],
         [ 747.25644768,  508.10189891],
         [ 725.97427342,  603.87168308],
         [ 814.37715112,  567.03715071],
         [ 853.66731898,  513.83171506],
         [ 766.90153161,  472.0859117 ],
         [ 832.38514472,  431.97719867],
         [ 779.99825423,  377.95321786],
         [ 747.25644768,  348.48559196],
         [ 776.72407358,  276.45361754],
         [ 743.98226702,  280.54634336],
         [ 761.17171547,  264.99398524],
         [ 694.86955719,  197.05473664],
         [ 724.33718309,  179.04674304],
         [ 674.4059281 ,  159.4016591 ],
         [ 704.69209916,  147.12348165],
         [ 727.61136375,  124.20421706],
         [ 734.97827022,   87.36968468],
         [ 711.24046047,   78.36568788],
         [ 706.32918949,   47.26097165],
         [ 754.62335415,   78.36568788],
         [ 754.62335415,   52.9907878 ],
         [ 778.36116391,   90.64386534],
         [ 775.90552841,   49.71660714],
         [ 807.01024464,   84.91404919],
         [ 829.11096407,   87.36968468],
         [ 816.01424144,  129.9340332 ],
         [ 763.62735096,  127.47839771],
         [ 785.72807038,  150.3976623 ],
         [ 809.46588013,  179.04674304],
         [ 814.37715112,  202.78455279],
         [ 852.03022865,  244.53035615],
         [ 850.39313833,  323.92923704],
         [ 812.74006079,  337.02595966],
         [ 901.96148365,  329.65905319],
         [ 888.04621586,  290.36888532],
         [ 878.2236739 ,  244.53035615],
         [ 871.67531259,  215.88127541],
         [ 878.2236739 ,  188.869285  ],
         [ 855.30440931,  154.49038812],
         [ 874.13094808,  122.56712673],
         [ 871.67531259,   55.44642329],
         [ 898.687303  ,   62.81332977],
         [ 915.05820627,  121.74858157],
         [ 919.15093209,   89.82532017],
         [ 954.34837414,   95.55513632],
         [ 875.76803841,  107.01476862],
         [ 970.71927742,   76.72859755],
         [1006.73526463,   72.63587173],
         [ 961.71528061,   49.71660714],
         [1022.28762274,   66.90605559],
         [ 996.0941775 ,  124.20421706],
         [ 922.42511275,  364.85649523],
         [ 976.44909356,  345.2114113 ],
         [ 989.54581618,  310.83251442],
         [ 978.90472905,  247.8045368 ],
         [ 954.34837414,  231.43363352],
         [ 930.61056439,  222.42963672],
         [ 932.24765471,  194.59910115],
         [ 917.51384176,  185.59510435],
         [ 911.78402562,  164.31293009],
         [ 997.73126782,  182.32092369],
         [ 972.35636774,  162.67583976],
         [1014.92071626,  136.48239451],
         [ 904.41711914,  535.11388932],
         [1014.92071626,  576.04114751],
         [ 917.51384176,  476.99718268],
         [ 906.87275463,  463.90046006],
         [ 963.35237094,  447.52955679],
         [ 986.27163553,  465.53755039],
         [1009.19090012,  468.81173105],
         [1009.19090012,  422.15465671],
         [1008.37235495,  367.31213073],
         [ 692.4139217 ,  611.23858956],
         [ 635.93430539,  129.9340332 ],
         [ 626.11176343,   56.26496846],
         [ 324.06859796,   69.63600783],
         [ 380.54821427,   63.08764652],
         [ 518.0638018 ,   60.63201103],
         [ 653.942299  ,   65.54328201],
         [ 868.40113193,   63.08764652],
         [  93.93638325,  231.85844293],
         [  22.32799164,  578.64765372],
         [   6.9833363 ,   38.51578558],
         [  36.64966996,    7.82647489],
         [  94.95936027,    7.82647489],
         [ 107.23508455,   42.60769368],
         [ 145.0852344 ,   11.91838299],
         [ 179.86645318,   11.91838299],
         [ 202.37194769,   36.46983154],
         [ 208.50980982,    9.87242894],
         [ 251.47484479,   34.42387749],
         [ 325.12919044,   13.96433703],
         [ 369.11720243,   14.98731406],
         [ 412.0822374 ,   18.05624512],
         [ 439.70261702,   48.74555581],
         [ 436.63368595,   10.89540596],
         [ 511.31100863,    9.87242894],
         [ 354.79552411,  296.30599537],
         [ 632.02229734,   12.94136001],
         [ 611.56275688,   22.14815322],
         [ 673.96435528,   12.94136001],
         [ 679.07924039,   46.69960177],
         [ 719.99832131,   29.30899238],
         [ 739.43488475,   23.17113024],
         [ 721.02129834,   10.89540596],
         [ 795.69862101,   17.0332681 ],
         [ 833.54877086,   11.91838299],
         [ 930.73158805,   25.21708429],
         [ 918.45586377,   16.01029108],
         [ 967.55876087,   12.94136001],
         [ 826.3879317 ,   28.28601535]]), array([[248]], dtype=uint8))]]
