[[(array([[ 435.49466531,  682.24695889],
         [ 867.93503228,  661.10934421],
         [ 762.24695889,  410.98090384],
         [  84.08182127,  365.1827387 ],
         [ 289.29283045,  478.7974176 ],
         [ 316.59558274,  429.47631668],
         [ 392.338702  ,  407.45796806],
         [ 388.81576622,  469.10934421],
         [ 439.89833503,  435.6414543 ],
         [ 505.07264696,  492.88916072],
         [ 456.63227999,  410.10016989],
         [ 504.19191301,  387.20108733],
         [ 583.45796806,  454.13686714],
         [ 578.17356439,  397.76989467],
         [ 620.44879375,  395.12769283],
         [ 617.80659191,  369.58640843],
         [ 625.73319742,  342.28365613],
         [ 612.52218824,  330.83411485],
         [ 677.69650017,  312.338702  ],
         [ 653.91668366,  345.80659191],
         [ 689.14604145,  371.34787632],
         [ 656.55888549,  373.99007815],
         [ 681.21943595,  333.47631668],
         [ 710.28365613,  357.2561332 ],
         [ 734.94420659,  359.01760109],
         [ 805.40292219,  342.28365613],
         [ 795.71484879,  391.60475705],
         [ 813.32952769,  373.10934421],
         [1084.59558274,  392.485491  ],
         [ 860.88916072,  402.17356439],
         [ 890.83411485,  401.29283045],
         [ 893.47631668,  370.46714237],
         [ 937.51301393,  336.11851852],
         [ 970.98090384,  404.81576622],
         [1014.13686714,  433.87998641],
         [ 941.91668366,  500.81576622],
         [ 973.62310567,  439.16439008],
         [ 381.76989467,  363.42127081],
         [ 365.91668366,  368.70567448],
         [ 353.58640843,  393.36622494],
         [ 336.85246347,  373.10934421],
         [ 300.74237173,  357.2561332 ],
         [ 261.10934421,  368.70567448],
         [ 173.03594971,  357.2561332 ],
         [ 104.338702  ,  292.96255522],
         [ 173.91668366,  295.60475705],
         [ 159.82494054,  305.29283045],
         [ 204.74237173,  300.00842678],
         [ 194.17356439,  300.00842678],
         [ 220.59558274,  300.88916072],
         [ 248.77906898,  299.12769283],
         [ 255.82494054,  328.19191301],
         [ 276.96255522,  293.84328916],
         [ 223.23778457,  259.49466531],
         [ 234.68732586,  268.30200476],
         [ 303.38457356,  319.38457356],
         [ 311.31117907,  329.9533809 ],
         [ 320.99925246,  329.9533809 ],
         [ 329.80659191,  303.53136256],
         [ 340.37539925,  314.98090384],
         [ 363.27448182,  314.98090384],
         [ 330.68732586,  338.76072035],
         [ 315.71484879,  339.6414543 ],
         [ 394.10016989,  329.9533809 ],
         [ 383.53136256,  292.96255522],
         [ 381.76989467,  280.63227999],
         [ 398.50383962,  292.96255522],
         [ 416.11851852,  289.43961944],
         [ 475.12769283,  300.00842678],
         [ 493.62310567,  299.12769283],
         [ 432.85246347,  297.36622494],
         [ 441.65980292,  297.36622494],
         [ 439.01760109,  286.7974176 ],
         [ 439.01760109,  283.27448182],
         [ 460.15521577,  302.65062861],
         [ 464.55888549,  315.86163778],
         [ 442.54053687,  314.10016989],
         [ 431.09099558,  318.50383962],
         [ 446.06347265,  345.80659191],
         [ 452.22861026,  311.45796806],
         [ 470.72402311,  327.31117907],
         [ 491.86163778,  328.19191301],
         [ 516.52218824,  311.45796806],
         [ 414.35705063,  264.77906898],
         [ 402.90750934,  266.54053687],
         [ 374.72402311,  268.30200476],
         [ 362.39374788,  264.77906898],
         [ 355.34787632,  262.13686714],
         [ 349.1827387 ,  263.01760109],
         [ 347.42127081,  263.01760109],
         [ 338.61393136,  262.13686714],
         [ 244.37539925,  256.85246347],
         [ 252.30200476,  255.97172953],
         [ 387.05429834,  266.54053687],
         [ 429.32952769,  351.97172953],
         [ 409.07264696,  373.10934421],
         [ 536.77906898,  344.92585797],
         [ 482.17356439,  286.7974176 ],
         [ 467.20108733,  290.32035338],
         [ 461.91668366,  286.7974176 ],
         [ 466.32035338,  268.30200476],
         [ 470.72402311,  262.13686714],
         [ 476.00842678,  262.13686714],
         [ 486.57723411,  262.13686714],
         [ 451.34787632,  260.37539925],
         [ 445.1827387 ,  266.54053687],
         [ 439.89833503,  263.01760109],
         [ 430.21026164,  255.97172953],
         [ 435.49466531,  255.97172953],
         [ 446.94420659,  255.97172953],
         [ 412.59558274,  275.34787632],
         [ 421.40292219,  270.06347265],
         [ 427.5680598 ,  278.8708121 ],
         [ 517.40292219,  291.20108733],
         [ 513.87998641,  297.36622494],
         [ 521.80659191,  300.88916072]]), array([[116]], dtype=uint8))]]
