[[(array([[ 470.55794206,  504.6998002 ],
         [ 398.94955045,  504.6998002 ],
         [ 430.66183816,  469.91858142],
         [ 299.72077922,  522.09040959],
         [ 155.48101898,  552.77972028],
         [ 136.04445554,  506.74575425],
         [  48.06843157,  527.20529471],
         [  65.45904096,  452.52797203],
         [  17.37912088,  466.84965035],
         [  66.48201798,  420.81568432],
         [  18.4020979 ,  404.44805195],
         [  41.93056943,  388.08041958],
         [ 547.28121878,  535.38911089],
         [ 642.41808192,  537.43506494],
         [ 691.52097902,  537.43506494],
         [ 791.77272727,  552.77972028],
         [ 831.66883117,  587.56093906],
         [ 863.38111888,  533.34315684],
         [1018.87362637,  511.86063936],
         [ 960.56393606,  452.52797203],
         [ 859.28921079,  474.01048951],
         [ 903.27722278,  524.13636364],
         [ 930.8976024 ,  399.33316683],
         [ 991.25324675,  363.52897103],
         [1016.82767233,  406.49400599],
         [ 776.42807193,  476.05644356],
         [ 758.01448551,  433.09140859],
         [ 714.02647353,  426.95354645],
         [ 673.10739261,  470.94155844],
         [ 633.21128871,  466.84965035],
         [ 651.62487512,  434.11438561],
         [ 637.3031968 ,  418.76973027],
         [ 509.43106893,  438.20629371],
         [ 465.44305694,  441.27522478],
         [ 432.70779221,  433.09140859],
         [ 414.29420579,  449.45904096],
         [ 388.71978022,  457.64285714],
         [ 336.54795205,  461.73476523],
         [ 301.76673327,  459.68881119],
         [ 255.73276723,  428.9995005 ],
         [ 250.61788212,  397.28721279],
         [ 206.62987013,  426.95354645],
         [ 190.26223776,  477.07942058],
         [ 198.44605395,  391.14935065],
         [ 122.74575425,  402.4020979 ],
         [  96.14835165,  391.14935065],
         [  57.27522478,  345.11538462],
         [  47.04545455,  331.81668332],
         [  12.26423576,  337.95454545],
         [  12.26423576,  248.95554446],
         [  36.81568432,  254.07042957],
         [  33.74675325,  224.4040959 ],
         [  22.49400599,  218.26623377],
         [   9.1953047 ,  194.73776224],
         [  24.53996004,  196.78371628],
         [  46.02247752,  208.03646354],
         [  84.8956044 ,  189.62287712],
         [  92.05644356,  190.64585415],
         [ 176.96353646,  186.55394605],
         [ 142.18231768,  182.46203796],
         [ 132.97552448,  183.48501499],
         [ 124.79170829,  189.62287712],
         [ 115.58491508,  184.50799201],
         [  64.43606394,  200.87562438],
         [ 259.82467532,  210.08241758],
         [ 144.22827173,  282.45804196],
         [ 154.45804196,  315.19330669],
         [ 158.54995005,  329.0034965 ],
         [ 187.7047952 ,  311.1013986 ],
         [ 172.87162837,  342.81368631],
         [ 169.8026973 ,  364.2962038 ],
         [ 197.42307692,  366.85364635],
         [ 231.69280719,  359.69280719],
         [ 263.40509491,  363.27322677],
         [ 275.68081918,  391.91658342],
         [ 280.28421578,  357.13536464],
         [ 302.78971029,  379.12937063],
         [ 278.23826174,  335.14135864],
         [ 309.95054945,  329.0034965 ],
         [ 339.61688312,  327.46903097],
         [ 331.94455544,  340.25624376],
         [ 340.63986014,  357.13536464],
         [ 346.26623377,  378.10639361],
         [ 363.14535465,  367.36513487],
         [ 411.22527473,  360.71578422],
         [ 411.22527473,  336.67582418],
         [ 439.86863137,  363.27322677],
         [ 424.01248751,  391.91658342],
         [ 430.15034965,  330.02647353],
         [ 470.04645355,  320.30819181],
         [ 469.53496503,  349.46303696],
         [ 492.04045954,  341.79070929],
         [ 516.08041958,  379.12937063],
         [ 518.12637363,  336.16433566],
         [ 512.5       ,  307.52097902],
         [ 500.73576424,  299.33716284],
         [ 443.44905095,  295.75674326],
         [ 408.15634366,  268.13636364],
         [ 398.94955045,  260.97552448],
         [ 387.18531469,  255.34915085],
         [ 377.46703297,  258.41808192],
         [ 356.496004  ,  253.81468531],
         [ 343.70879121,  243.07342657],
         [ 307.39310689,  230.28621379],
         [ 261.87062937,  237.44705295],
         [ 274.14635365,  246.65384615],
         [ 249.08341658,  231.30919081],
         [ 236.2962038 ,  227.72877123],
         [ 227.6008991 ,  238.47002997],
         [ 216.85964036,  232.33216783],
         [ 198.95754246,  232.84365634],
         [ 159.06143856,  232.84365634],
         [ 128.37212787,  240.0044955 ],
         [ 121.72277722,  219.03346653],
         [ 134.50999001,  213.40709291],
         [ 145.25124875,  215.45304695],
         [ 101.77472527,  216.47602398],
         [  92.56793207,  222.61388611],
         [  84.8956044 ,  223.12537463],
         [  62.39010989,  216.98751249],
         [  74.66583417,  242.05044955],
         [  85.91858142,  242.05044955],
         [  96.65984016,  233.86663337],
         [  90.52197802,  299.33716284],
         [  93.07942058,  326.44605395],
         [ 112.51598402,  350.9975025 ],
         [  94.1023976 ,  368.38811189],
         [ 281.81868132,  261.48701299],
         [ 239.36513487,  319.28521479],
         [ 219.41708292,  331.56093906],
         [ 207.14135864,  314.68181818],
         [ 271.58891109,  309.05544456],
         [ 304.83566434,  278.87762238],
         [ 308.41608392,  255.34915085],
         [ 328.36413586,  307.52097902],
         [ 354.45004995,  293.71078921],
         [ 336.54795205,  288.5959041 ],
         [ 443.96053946,  209.82667333],
         [ 434.24225774,  210.33816184],
         [ 424.01248751,  244.0964036 ],
         [ 444.47202797,  243.07342657],
         [ 456.74775225,  246.65384615],
         [ 482.32217782,  247.67682318],
         [ 507.38511489,  246.65384615],
         [ 385.65084915,  195.504995  ],
         [ 417.36313686,  193.97052947],
         [ 438.84565435,  193.45904096],
         [ 426.56993007,  191.92457542],
         [ 412.75974026,  180.67182817],
         [ 342.17432567,  214.94155844],
         [ 335.52497502,  213.40709291],
         [ 321.71478521,  213.40709291],
         [ 317.62287712,  185.27522478],
         [ 332.45604396,  188.85564436],
         [ 232.71578422,  184.76373626],
         [ 218.90559441,  181.69480519],
         [ 191.7967033 ,  186.80969031],
         [ 350.35814186,  212.8956044 ],
         [ 368.77172827,  199.08541459],
         [ 453.67882118,  202.66583417],
         [ 442.93756244,  198.57392607],
         [ 328.36413586,  423.88461538],
         [ 573.87862138,  381.94255744],
         [ 542.16633367,  351.25324675],
         [ 583.08541459,  323.63286713],
         [ 551.37312687,  298.05844156],
         [ 553.41908092,  252.02447552],
         [ 560.57992008,  243.84065934],
         [ 539.0974026 ,  234.63386613],
         [ 525.7987013 ,  180.41608392],
         [ 626.05044955,  176.32417582],
         [ 578.99350649,  170.18631369],
         [ 578.99350649,  236.67982018],
         [ 597.40709291,  244.86363636],
         [ 622.98151848,  239.74875125],
         [ 652.64785215,  239.74875125],
         [ 632.18831169,  258.16233766],
         [ 605.59090909,  279.64485514],
         [ 616.84365634,  298.05844156],
         [ 627.07342657,  317.495005  ],
         [ 609.68281718,  302.15034965],
         [ 664.92357642,  272.48401598],
         [ 674.13036963,  334.88561439],
         [ 702.77372627,  341.02347652],
         [ 672.08441558,  366.5979021 ],
         [ 630.14235764,  369.66683317],
         [ 706.86563437,  397.28721279],
         [ 770.29020979,  301.12737263],
         [ 736.53196803,  341.02347652],
         [ 817.34715285,  373.75874126],
         [ 862.35814186,  362.50599401],
         [ 789.72677323,  362.50599401],
         [ 819.39310689,  407.51698302],
         [ 911.46103896,  333.86263736],
         [ 867.47302697,  330.79370629],
         [ 847.01348651,  272.48401598],
         [ 961.58691309,  283.73676324],
         [ 952.38011988,  273.50699301],
         [ 960.56393606,  241.79470529],
         [ 938.05844156,  240.77172827],
         [ 759.03746254,  243.84065934],
         [ 725.27922078,  244.86363636],
         [ 716.07242757,  258.16233766],
         [ 693.56693307,  246.90959041],
         [ 794.07442557,  267.62487512],
         [ 810.95354645,  270.18231768],
         [ 790.49400599,  257.3951049 ],
         [ 779.24125874,  249.72277722],
         [ 744.97152847,  229.77472527],
         [ 729.62687313,  226.70579421],
         [ 709.16733267,  225.17132867],
         [ 735.25324675,  239.49300699],
         [ 755.2012987 ,  192.43606394],
         [ 759.29320679,  190.9015984 ],
         [ 767.98851149,  189.36713287],
         [ 793.05144855,  189.36713287],
         [ 808.3961039 ,  193.97052947],
         [ 800.72377622,  203.17732268],
         [ 787.93656344,  205.22327672],
         [ 772.08041958,  210.33816184],
         [ 787.42507493,  213.91858142],
         [ 777.70679321,  222.61388611],
         [ 820.67182817,  191.41308691],
         [ 824.76373626,  232.33216783],
         [ 811.46503497,  228.24025974],
         [ 836.52797203,  243.58491508],
         [ 840.10839161,  240.0044955 ],
         [ 846.24625375,  230.7977023 ],
         [ 843.17732268,  220.05644356],
         [ 836.01648352,  211.87262737],
         [ 846.24625375,  210.33816184],
         [ 822.71778222,  214.94155844],
         [ 849.82667333,  217.499001  ],
         [ 881.02747253,  201.64285714],
         [ 886.14235764,  197.55094905],
         [ 878.47002997,  196.01648352],
         [ 934.73376623,  206.75774226],
         [ 949.05544456,  196.52797203],
         [ 955.7047952 ,  200.61988012],
         [ 965.42307692,  206.75774226],
         [ 987.41708292,  201.64285714],
         [1020.15234765,  221.07942058],
         [1009.92257742,  219.03346653],
         [1015.03746254,  240.51598402],
         [1007.87662338,  231.82067932],
         [ 969.51498501,  220.05644356],
         [ 919.38911089,  217.499001  ],
         [ 913.76273726,  221.07942058],
         [ 910.69380619,  216.47602398],
         [ 907.11338661,  228.75174825],
         [ 915.80869131,  246.65384615],
         [ 901.9985015 ,  248.6998002 ],
         [ 886.65384615,  247.67682318],
         [ 885.11938062,  237.95854146],
         [ 873.35514486,  231.82067932],
         [ 862.61388611,  229.77472527],
         [ 866.70579421,  236.93556444],
         [ 883.58491508,  226.70579421],
         [ 888.6998002 ,  224.65984016],
         [ 898.41808192,  218.52197802],
         [ 903.02147852,  201.13136863],
         [ 870.7977023 ,  218.01048951],
         [ 930.13036963,  224.65984016],
         [ 935.75674326,  228.24025974],
         [ 915.80869131,  233.86663337],
         [ 641.13936064,  317.23926074],
         [ 644.71978022,  334.62987013],
         [ 181.05544456,  174.53396603],
         [ 217.37112887,  169.41908092],
         [ 221.46303696,  169.41908092],
         [ 308.92757243,  178.62587413],
         [ 315.06543457,  174.53396603],
         [ 356.496004  ,  184.25224775],
         [ 350.86963037,  176.57992008],
         [ 342.17432567,  172.9995005 ],
         [ 337.57092907,  174.53396603],
         [ 332.45604396,  176.06843157],
         [ 384.62787213,  178.11438561],
         [ 373.88661339,  177.09140859],
         [ 343.1973027 ,  192.43606394],
         [ 299.72077922,  179.13736264],
         [ 553.41908092,  438.20629371],
         [ 229.13536464,  557.89460539],
         [ 967.72477522,  533.34315684],
         [ 829.36713287,  330.02647353],
         [ 853.40709291,  422.09440559],
         [ 878.47002997,  400.1003996 ],
         [ 715.30519481,  368.38811189],
         [ 859.28921079,  272.35614386],
         [ 883.84065934,  269.54295704],
         [ 876.67982018,  296.90759241],
         [ 851.87262737,  300.9995005 ],
         [ 977.95454545,  277.98251748],
         [ 991.50899101,  282.84165834],
         [ 997.64685315,  283.35314685],
         [ 765.94255744,  334.37412587],
         [ 744.46003996,  350.23026973],
         [ 128.62787213,  322.35414585]]), array([[298]], dtype=uint16))]]
