[[(array([[228.75806452, 236.94281525],
         [291.2487781 , 260.3172043 ],
         [270.25953079, 201.6427175 ],
         [253.56353861, 206.41300098],
         [261.67302053, 164.9115347 ],
         [282.18523949, 140.10606061],
         [258.81085044, 101.94379277],
         [ 62.75219941, 210.22922776],
         [ 47.48729228, 218.33870968],
         [111.40909091, 229.78739003],
         [143.36999022, 251.25366569],
         [103.29960899, 176.8372434 ],
         [136.214565  , 201.16568915],
         [ 48.91837732, 165.8655914 ],
         [ 58.93597263, 123.88709677],
         [ 36.03861193, 123.41006843],
         [ 22.68181818,  96.21945259],
         [ 15.04936461,  90.01808407],
         [ 27.92913001,  65.21260997],
         [ 37.46969697,  40.88416422],
         [ 56.07380254,  36.11388074],
         [ 61.32111437,  24.66520039],
         [  4.55474096,  76.18426197],
         [ 67.04545455,  64.25855327],
         [ 99.48338221,  51.85581623],
         [137.64565005,  62.82746823],
         [139.55376344,  76.66129032],
         [155.29569892,  69.5058651 ],
         [159.58895406,  86.20185728],
         [170.56060606,  87.63294233],
         [171.51466276,  71.41397849],
         [203.95259042,  77.13831867],
         [209.19990225,  90.97214076],
         [235.91348974,  96.21945259],
         [245.4540567 ,  80.47751711],
         [231.14320626,  69.5058651 ],
         [221.6026393 ,  68.55180841],
         [268.82844575,  67.59775171],
         [279.80009775,  78.09237537],
         [301.26637341,  82.86265885],
         [226.84995112, 130.0884653 ],
         [222.07966764, 113.39247312],
         [ 95.19012708, 164.9115347 ],
         [186.77956989, 157.75610948],
         [330.84213099, 175.88318671],
         [313.19208211, 213.5684262 ],
         [352.785435  , 226.44819159],
         [362.8030303 , 246.96041056],
         [370.91251222, 274.15102639],
         [437.21945259, 192.10215054],
         [476.81280547, 150.12365591],
         [463.45601173,  85.24780059],
         [462.97898338,  55.19501466],
         [442.46676442,  56.62609971],
         [421.00048876,  88.58699902],
         [397.14907136, 118.1627566 ],
         [411.4599218 , 144.87634409],
         [419.09237537, 165.8655914 ],
         [452.00733138, 209.27517107],
         [467.74926686, 222.15493646],
         [331.31915934, 121.50195503],
         [352.30840665, 127.22629521],
         [343.24486804,  83.81671554],
         [319.87047898,  67.59775171],
         [340.38269795,  27.52737048],
         [393.80987292,  39.45307918],
         [393.33284457,  26.09628543],
         [417.18426197,  32.77468231],
         [277.89198436,  47.56256109],
         [293.63391984,  48.03958944],
         [262.15004888,  36.11388074],
         [251.65542522,  44.70039101],
         [238.77565982,  53.76392962],
         [222.07966764,  54.71798631],
         [212.53910068,  66.16666667],
         [202.52150538,  58.05718475],
         [182.00928641,  38.49902248],
         [159.58895406,  55.19501466],
         [127.62805474,  36.11388074],
         [ 32.69941349,  86.67888563],
         [ 16.95747801, 131.51955034],
         [ 34.60752688, 154.41691105],
         [135.73753666, 123.41006843],
         [287.90957967, 120.07086999],
         [244.5       ,  30.86656891],
         [218.74046921,  29.91251222],
         [225.89589443,  23.23411535],
         [ 95.19012708,  23.23411535],
         [295.54203324,  13.21652004],
         [402.39638319,  36.59090909],
         [482.0601173 ,  36.11388074],
         [396.19501466,  72.84506354],
         [376.63685239,  78.56940371],
         [211.10801564,  22.757087  ],
         [ 67.52248289,  87.15591398],
         [ 83.26441838,  92.88025415],
         [252.13245357, 143.44525904],
         [472.51955034, 134.38172043],
         [446.2829912 , 126.74926686],
         [447.2370479 , 108.14516129],
         [174.2982018 ,  32.69080919],
         [185.51098901,  24.89060939],
         [173.32317682,  26.35314685],
         [151.87262737,  54.62887113],
         [ 26.58191808, 187.71978022],
         [  3.18131868, 242.32117882],
         [319.57692308, 161.88161838],
         [305.92657343, 149.69380619],
         [347.85264735, 100.94255744],
         [388.31618382, 205.27022977],
         [375.64085914, 191.13236763],
         [387.82867133, 178.45704296],
         [451.20529471, 144.33116883],
         [441.45504496, 164.31918082],
         [484.35614386,  59.01648352],
         [360.52797203,  49.75374625],
         [345.9025974 ,  51.21628372],
         [362.96553447,  64.37912088],
         [283.98851149,  36.1033966 ],
         [194.77372627,  60.96653347],
         [211.83666334,  46.34115884],
         [ 83.62087912,  37.56593407],
         [466.31818182,  39.51598402],
         [376.61588412,  48.29120879],
         [305.92657343, 112.64285714],
         [242.06243756, 125.31818182],
         [225.48701299,  90.7047952 ],
         [118.72177822,  77.05444555],
         [109.45904096,  85.34215784],
         [ 45.59490509,  33.17832168],
         [114.82167832,  19.52797203],
         [100.68381618,  38.05344655],
         [195.74875125, 192.59490509],
         [219.63686314, 210.63286713],
         [293.73876124, 217.45804196],
         [254.73776224,  60.96653347],
         [451.20529471,  80.95454545],
         [459.98051948,  70.71678322],
         [386.17741935,  90.01808407],
         [337.99755621,  94.78836755],
         [240.68377322,  19.41788856],
         [207.7688172 ,   9.8773216 ],
         [219.21749756,  11.30840665],
         [ 85.17253177,  19.41788856],
         [ 69.43059629,   9.8773216 ],
         [ 87.08064516,  11.30840665],
         [ 17.43450635,   7.49217986],
         [  5.50879765,  52.80987292],
         [ 29.36021505,  49.47067449],
         [ 28.88318671,  27.52737048],
         [ 34.13049853,  20.84897361],
         [104.25366569, 134.38172043],
         [173.8998045 ,  46.13147605],
         [149.57135875,  29.91251222],
         [301.74340176,  59.48826979],
         [298.88123167,  71.89100684],
         [241.63782991,  40.88416422],
         [257.85679374,  18.46383187],
         [201.56744868,  40.88416422],
         [132.81005111,  15.27512777],
         [171.87649063,  17.77938671],
         [138.31942078,  22.28705281],
         [387.2427598 ,  16.27683135],
         [368.71124361,  33.30579216],
         [378.2274276 ,  25.79301533],
         [448.84752981,   6.25979557]]), array([[166]], dtype=uint8))]]
