[[(array([[ 708.58716745,  441.24945227],
         [ 638.2105373 ,  300.49619197],
         [ 570.31778821,  310.43171622],
         [ 504.08095983,  294.70046948],
         [ 461.85498174,  247.50672926],
         [ 218.43463745,  582.83067293],
         [ 332.69316641,  584.48659364],
         [ 514.01648409,  608.49744392],
         [ 774.82399583,  639.13197705],
         [ 872.52331768,  659.00302556],
         [ 908.12561294,  560.47574335],
         [1016.58841941,  548.05633803],
         [ 903.98581116,  454.49681794],
         [ 872.52331768,  325.33500261],
         [ 737.56577986,  366.73302034],
         [ 402.2418362 ,  416.41064163],
         [ 465.99478352,  458.63661972],
         [ 268.11225874,  443.73333333],
         [ 172.89681794,  474.36786646],
         [  91.75670318,  439.59353156],
         [   8.96066771,  444.56129369],
         [ 164.6172144 ,  401.50735524],
         [ 315.30599896,  308.77579551],
         [ 482.55399061,  355.96953573],
         [1020.72822118,  303.80803339],
         [ 937.10422535,  281.45310381],
         [ 878.31904017,  268.20573813],
         [ 807.94241002,  293.87250913],
         [ 761.57663015,  311.25967658],
         [ 722.66249348,  284.76494523],
         [ 613.37172666,  255.78633281],
         [ 366.63954095,  283.10902452],
         [ 191.9399061 ,  326.16296296],
         [ 245.75732916,  314.571518  ],
         [  88.44486176,  318.71131977],
         [  52.01460616,  285.59290558],
         [   5.64882629,  262.41001565],
         [ 164.6172144 ,  265.72185707],
         [ 228.37016171,  255.78633281],
         [ 260.66061555,  261.58205529],
         [ 320.27376109,  240.05508607],
         [ 392.30631195,  257.44225352],
         [ 389.82243088,  194.51726656],
         [ 504.90892019,  225.15179969],
         [ 557.07042254,  243.36692749],
         [ 610.88784559,  307.1198748 ],
         [ 696.16776213,  219.3560772 ],
         [ 763.23255086,  254.1304121 ],
         [ 801.31872718,  247.50672926],
         [ 991.74960876,  225.97976004],
         [ 916.40521648,  215.21627543],
         [ 816.22201356,  201.96890975],
         [ 769.8562337 ,  207.76463224],
         [ 725.14637454,  196.17318727],
         [ 444.46781429,  185.40970266],
         [ 487.52175274,  186.23766302],
         [ 538.85529473,  181.26990089],
         [ 608.40396453,  187.89358372],
         [ 633.24277517,  180.44194053],
         [ 326.06948357,  201.96890975],
         [ 220.09055816,  217.70015649],
         [ 183.66030256,  223.49587898],
         [ 109.14387063,  244.19488785],
         [  71.88565467,  234.25936359],
         [  65.26197183,  209.42055295],
         [ 143.91820553,  189.54950443],
         [  38.76724048,  167.19457486],
         [  76.8534168 ,  162.22681273],
         [ 106.65998957,  209.42055295],
         [ 220.91851852,  133.24820031],
         [ 273.90798122,  179.61398018],
         [ 311.99415754,  177.13009911],
         [ 657.25362546,  125.79655712],
         [ 701.13552426,  142.35576421],
         [ 733.42597809,  161.39885237],
         [ 786.41544079,  181.26990089],
         [ 839.4049035 ,  179.61398018],
         [ 863.41575378,  188.72154408],
         [ 899.01804903,  161.39885237],
         [ 941.24402713,  174.64621805],
         [ 965.25487741,  175.4741784 ],
         [ 956.97527387,  199.48502869],
         [1006.65289515,  135.73208138],
         [ 947.03974961,  148.97944705],
         [ 961.11507564,  125.79655712],
         [ 919.7170579 ,  124.14063641],
         [ 865.89963485,  126.62451748],
         [ 860.93187272,  155.60312989],
         [ 802.14668753,  148.97944705],
         [ 770.68419405,  150.63536776],
         [ 755.78090767,  129.93635889],
         [ 724.31841419,  129.10839854],
         [ 550.4467397 ,  123.31267606],
         [ 600.95232134,  144.83964528],
         [ 472.61846635,  150.63536776],
         [ 414.66124152,  143.18372457],
         [ 429.56452791,  115.86103286],
         [ 408.86551904,  163.05477308],
         [ 355.87605634,  172.99029734],
         [ 288.81126761,  153.11924883],
         [ 314.4780386 ,  148.97944705],
         [ 331.86520605,  139.87188315],
         [ 360.01585811,  144.83964528],
         [ 283.84350548,  126.62451748],
         [ 185.31622327,  134.07616067],
         [ 130.67083985,  147.32352634],
         [  64.43401148,  133.24820031],
         [  14.75639019,  162.22681273],
         [ 953.66343245,  232.60344288],
         [ 927.99666145,  353.48565467],
         [ 506.5648409 ,  336.09848722],
         [ 633.24277517,  218.52811685],
         [ 658.90954617,  225.15179969],
         [ 870.86739697,  216.87219614],
         [ 663.04934794,  194.51726656],
         [  22.20803339,  127.45247783],
         [ 116.59551382,  137.38800209],
         [ 249.06917058,  139.87188315],
         [ 371.60730308,  108.40938967],
         [ 482.55399061,  110.06531038],
         [ 517.32832551,  134.07616067],
         [ 564.52206573,   83.57057903],
         [ 696.99572248,   98.47386541],
         [ 637.38257694,   95.162024  ],
         [ 825.32957746,  124.96859677],
         [ 842.71674491,  106.75346896],
         [ 897.36212833,  108.40938967],
         [1008.30881586,  110.89327074],
         [ 327.96577986,  101.57871674],
         [ 301.47104851,   87.91737089],
         [ 272.4924361 ,   85.84747001],
         [ 273.32039645,  114.82608242],
         [ 287.80970266,  101.99269692],
         [ 465.40719875,  113.17016171],
         [ 532.88596766,  105.30453834],
         [ 596.22493479,   70.94418362],
         [ 678.19300991,   77.98184664],
         [ 719.17704747,  102.4066771 ],
         [ 679.02097027,   62.2505999 ],
         [ 568.07428273,   54.7989567 ],
         [ 593.32707355,   39.48169014],
         [ 512.18695879,   64.73448096],
         [ 516.32676056,   87.50339071],
         [ 544.8913928 ,   81.70766823],
         [ 451.7458529 ,   90.40125196],
         [ 442.63828899,   69.70224309],
         [ 457.95555556,   49.4172144 ],
         [ 396.68648931,   92.47115284],
         [ 383.43912363,   77.98184664],
         [ 354.46051122,   75.49796557],
         [ 368.53583725,   76.32592593],
         [ 391.71872718,   56.04089724],
         [ 452.57381325,  108.20239958],
         [ 256.76118936,   78.80980699],
         [ 579.25174752,   26.23432447],
         [ 478.65456442,   63.49254043],
         [ 735.73625456,   44.03547209],
         [ 679.84893062,   36.16984872],
         [ 667.4295253 ,   28.71820553],
         [ 564.34846114,   24.99238393],
         [ 520.88054251,   32.03004695],
         [ 379.29932186,   50.24517475],
         [ 330.86364111,   25.82034429],
         [ 246.41168492,   49.00323422],
         [ 419.04141888,   17.54074074],
         [ 732.83839332,   14.6428795 ],
         [ 266.69671362,   53.97099635],
         [ 265.86875326,   27.476265  ],
         [  10.02915412,  113.35499511],
         [  86.1548611 ,  110.96673764],
         [ 138.39799334,  112.16086638],
         [ 123.76991632,   95.44306406],
         [ 172.13213016,  105.29462614],
         [ 221.09140838,   99.02545027],
         [ 221.68847275,   82.30764795],
         [ 245.2725153 ,   94.84599969],
         [ 144.07010484,   52.45442953],
         [ 201.98534859,   30.66158008],
         [ 158.39964969,   24.98946858],
         [ 126.15817379,   16.03350305],
         [  80.4827496 ,   59.02213758],
         [  18.38805528,   57.82800885],
         [  24.95576333,   31.85570882],
         [  52.42072428,   66.18691   ],
         [  61.97375418,   50.96176861],
         [  84.363668  ,   31.85570882],
         [ 100.48440595,   84.69590543],
         [  18.98511965,   87.38269509],
         [  54.21191739,  113.35499511],
         [ 108.8433071 ,   65.29131345],
         [ 146.7568945 ,   83.80030887],
         [ 107.64917837,  115.14618822],
         [ 304.97895215,   52.75296171],
         [ 487.79620975,   82.30764795],
         [ 638.67052363,   60.81333069],
         [ 622.73275702,  150.52225205],
         [ 597.05898918,  117.68371179],
         [ 109.25740013,   18.57102662],
         [ 809.02390004,   87.10109046],
         [ 773.21970424,  109.60658496],
         [ 750.71420973,  100.39979176],
         [ 757.87504889,   73.80238916],
         [ 776.28863531,   60.50368786],
         [ 773.21970424,   88.12406748],
         [ 786.51840554,   77.89429725],
         [ 735.36955439,   78.91727428],
         [ 739.46146248,   62.54964191],
         [ 768.10481912,   44.13605549],
         [ 703.65726668,   71.75643511],
         [ 711.84108286,   51.29689465],
         [ 696.49642752,   53.3428487 ],
         [ 689.33558836,   22.65353801],
         [ 803.90901493,   31.86033122],
         [ 818.23069325,   50.27391763],
         [ 806.977946  ,   47.20498656],
         [ 835.62130264,   55.38880275],
         [ 831.52939455,   72.77941214],
         [ 858.12679715,   76.87132023],
         [ 854.03488905,   49.25094061],
         [ 878.58633761,   60.50368786],
         [ 902.11480913,   67.66452702],
         [ 929.73518875,   44.13605549],
         [ 937.91900494,   75.84834321],
         [ 968.60831563,   75.84834321],
         [ 930.75816578,   97.33086069],
         [ 990.09083311,   79.9402513 ],
         [1017.71121273,   68.68750405],
         [ 994.1827412 ,   95.28490664],
         [ 944.05686708,   96.30788367],
         [ 959.40152242,   95.28490664],
         [ 978.83808586,   95.28490664],
         [ 937.91900494,   58.45773382],
         [ 902.11480913,   47.20498656],
         [ 894.95396997,   23.67651503],
         [ 946.10282112,   24.69949206],
         [ 933.82709685,   11.40079076],
         [ 627.95696698,   51.29689465],
         [ 616.70421972,   36.97521633],
         [ 612.61231163,   22.65353801],
         [ 623.86505888,   18.56162992],
         [ 632.04887507,   31.86033122],
         [ 641.25566828,   33.90628526],
         [ 656.60032362,   27.76842313],
         [ 489.85506887,   52.31987168],
         [ 487.80911483,   42.09010145],
         [ 488.83209185,   33.90628526],
         [ 476.55636758,   37.99819336],
         [ 440.75217177,   36.97521633],
         [ 440.75217177,   21.63056099],
         [ 412.10881513,   31.86033122],
         [ 382.44248146,   24.69949206],
         [ 397.78713681,   19.58460694],
         [ 391.64927467,   35.95223931],
         [ 342.54637757,   46.18200954],
         [ 301.62729665,   68.68750405],
         [ 294.46645749,   27.76842313],
         [ 279.12180214,   21.63056099],
         [ 208.53638756,   10.37781374],
         [ 224.90401992,   26.7454461 ],
         [ 224.90401992,   44.13605549],
         [ 185.00791603,   33.90628526],
         [ 171.70921473,   28.79140015],
         [ 177.84707687,   11.40079076],
         [ 292.42050344,   14.46972183],
         [ 358.91400993,   27.76842313],
         [ 357.89103291,   15.49269885],
         [ 409.03988406,   48.22796359],
         [ 425.40751643,   36.97521633],
         [ 423.36156238,   53.3428487 ],
         [ 210.5823416 ,   73.80238916],
         [ 194.21470923,   96.30788367],
         [ 196.26066328,   83.00918237],
         [ 182.96196198,   80.96322832],
         [ 189.09982412,   72.77941214],
         [ 170.68623771,   87.10109046],
         [  74.52639755,   99.37681473],
         [  79.64128266,   81.98620534],
         [ 859.14977417,   99.37681473],
         [  36.6762477 ,  230.31787368],
         [ 508.26865529,  107.56063092],
         [ 839.71321073,   34.92926229],
         [ 349.70721673,  129.0431484 ],
         [ 391.64927467,  113.69849306],
         [ 324.13279115,   68.68750405],
         [ 864.26465928,   22.65353801],
         [ 246.38653741,   32.88330824],
         [ 235.13379015,   16.51567587],
         [ 251.50142252,   18.56162992],
         [  67.36555839,    8.33185969],
         [  60.20471922,   21.63056099],
         [  53.04388006,   31.86033122],
         [  89.87105289,    6.28590564],
         [ 268.89203191,    8.33185969],
         [ 346.63828566,   11.40079076],
         [ 322.08683711,   11.40079076],
         [ 329.24767627,   10.37781374],
         [ 317.99492901,   27.76842313],
         [ 344.59233161,   27.76842313],
         [ 374.25866528,    8.33185969],
         [ 388.5803436 ,    9.35483671],
         [ 404.94797597,    9.35483671],
         [ 913.36755639,   25.72246908],
         [ 915.41351043,   12.42376778],
         [ 877.56336058,    8.33185969],
         [ 841.75916478,   11.40079076],
         [ 819.25367027,   11.40079076],
         [ 794.70222172,    8.33185969],
         [ 772.19672722,   15.49269885],
         [ 707.74917477,   28.79140015],
         [ 692.40451942,   11.40079076],
         [ 671.94497896,   12.42376778],
         [ 658.64627767,    8.33185969],
         [ 642.2786453 ,    8.33185969],
         [ 582.94597797,    7.30888267],
         [ 603.40551843,    4.2399516 ],
         [ 960.42449944,   53.3428487 ],
         [ 966.56236158,   11.40079076],
         [ 428.4764475 ,    6.28590564],
         [ 464.2806433 ,   21.63056099],
         [ 488.83209185,   21.63056099],
         [ 510.31460933,   15.49269885]]), array([[321]], dtype=uint16))]]
