[[(array([[ 28.36091127,  54.1314948 ],
         [ 13.30095923,  61.15947242],
         [ 45.42885691, 180.13309353],
         [ 10.79096723, 240.37290168],
         [  2.2569944 , 265.97482014],
         [ 14.80695444, 264.97082334],
         [  3.76298961, 280.03077538],
         [ 21.83493205, 289.0667466 ],
         [ 24.84692246, 307.13868905],
         [ 25.85091926, 321.19464428],
         [  5.77098321, 328.2226219 ],
         [ 41.4128697 , 358.34252598],
         [ 12.79896083, 370.39048761],
         [ 16.81494804, 406.0323741 ],
         [ 81.57274181, 390.97242206],
         [ 80.0667466 , 370.39048761],
         [ 97.63669065, 356.83653078],
         [ 96.13069544, 329.22661871],
         [ 65.50879297, 333.24260592],
         [ 50.95083933, 322.19864109],
         [ 61.99480416, 311.15467626],
         [ 43.92286171, 305.13069544],
         [ 40.4088729 , 278.52478018],
         [ 54.96682654, 264.46882494],
         [ 27.85891287, 267.98281375],
         [ 88.60071942,  64.17146283],
         [120.22661871,  60.65747402],
         [130.26658673,  53.6294964 ],
         [ 58.48081535, 413.06035172],
         [ 74.54476419, 405.0283773 ],
         [114.20263789, 370.39048761],
         [132.77657874, 369.88848921],
         [151.35051958, 356.83653078],
         [164.40247802, 349.80855316],
         [135.78856914, 347.29856115],
         [114.20263789, 348.80455635],
         [128.25859313, 325.21063149],
         [141.81254996, 317.68065548],
         [ 92.11470823, 264.46882494],
         [102.15467626, 276.01478817],
         [ 83.58073541, 250.4128697 ],
         [182.97641886, 340.27058353],
         [192.51438849, 362.35851319],
         [200.04436451, 385.45043965],
         [195.0243805 , 395.49040767],
         [165.90847322, 407.0363709 ],
         [140.30655476, 390.47042366],
         [103.66067146, 412.55835332],
         [112.19464428, 383.44244604],
         [160.38649081, 245.89488409],
         [134.78457234, 237.86290967],
         [143.31854516, 235.85491607],
         [196.5303757 , 210.2529976 ],
         [210.08433253, 212.26099121],
         [210.58633094, 221.79896083],
         [218.61830536, 226.31694644],
         [228.15627498, 226.31694644],
         [238.69824141, 224.81095124],
         [231.16826539, 234.85091926],
         [226.65027978, 243.88689049],
         [219.12030376, 247.9028777 ],
         [219.62230216, 240.37290168],
         [191.00839329, 242.38089528],
         [184.48241407, 240.87490008],
         [174.44244604, 235.35291767],
         [182.47442046, 226.31694644],
         [193.51838529, 233.34492406],
         [188.49840128, 210.2529976 ],
         [252.75419664, 207.24100719],
         [225.14428457, 207.7430056 ],
         [252.25219824, 228.32494005],
         [248.23621103, 237.86290967],
         [243.21622702, 245.89488409],
         [152.35451639,  59.65347722],
         [167.41446843,  61.15947242],
         [178.96043165,  64.17146283],
         [195.0243805 ,  66.68145484],
         [209.58233413,  64.17146283],
         [238.69824141,  64.17146283],
         [251.24820144,  65.17545963],
         [265.80615508,  67.68545164],
         [280.86610711,  66.68145484],
         [304.96203038,  73.20743405],
         [329.05795364,  69.69344524],
         [135.78856914, 224.30895284],
         [233.17625899, 211.2569944 ],
         [242.71422862, 257.94284572],
         [223.63828937, 260.95483613],
         [193.51838529, 264.46882494],
         [180.96842526, 288.0627498 ],
         [157.3745004 , 278.52478018],
         [156.872502  , 296.09472422],
         [137.79656275, 285.55275779],
         [162.39448441, 387.45843325],
         [155.36650679, 375.91247002],
         [167.91646683, 370.39048761],
         [145.32653877, 379.42645883],
         [212.59432454, 362.35851319],
         [217.61430855, 393.48241407],
         [239.70223821, 380.93245404],
         [297.93405276, 407.0363709 ],
         [331.06594724, 401.01239009],
         [281.87010392, 354.82853717],
         [295.92605915, 381.43445244],
         [293.91806555, 347.29856115],
         [314.5       , 345.29056755],
         [244.72222222, 341.77657874],
         [209.58233413, 340.27058353],
         [219.12030376, 320.69264588],
         [200.54636291, 317.17865707],
         [184.48241407, 310.65267786],
         [165.90847322, 316.17466027],
         [202.55435651, 282.54076739],
         [214.10031974, 286.5567546 ],
         [228.15627498, 300.11071143],
         [240.70623501, 296.09472422],
         [237.6942446 , 316.17466027],
         [225.64628297, 310.15067946],
         [257.77418066, 319.68864908],
         [256.77018385, 299.60871303],
         [265.30415667, 286.0547562 ],
         [248.23621103, 279.02677858],
         [229.66227018, 283.54476419],
         [232.67426059, 271.99880096],
         [275.8461231 , 256.43685052],
         [271.83013589, 250.4128697 ],
         [278.85811351, 206.73900879],
         [301.95003997, 239.87090328],
         [343.11390887, 228.32494005],
         [334.07793765, 265.97482014],
         [322.53197442, 205.23301359],
         [310.98601119, 267.98281375],
         [313.4960032 , 264.46882494],
         [294.42006395, 265.47282174],
         [321.02597922, 293.08273381],
         [311.99000799, 305.13069544],
         [311.99000799, 372.39848122],
         [341.60791367, 368.88449241],
         [291.40807354, 299.60871303],
         [285.88609113, 294.08673062],
         [289.90207834, 281.03477218],
         [299.44004796, 288.0627498 ],
         [253.75819345, 264.46882494],
         [183.47841727, 276.51678657],
         [168.92046363, 275.51278977],
         [203.55835332, 275.01079137],
         [269.82214229, 331.73661071],
         [289.90207834, 313.66466827],
         [327.55195843, 274.00679456],
         [346.62789768, 278.52478018],
         [358.67585931, 280.03077538],
         [327.55195843, 242.38089528],
         [382.26978417, 270.49280576],
         [368.21382894, 259.95083933],
         [365.20183853, 241.37689848],
         [379.25779376,  90.7773781 ],
         [346.12589928,  71.70143885],
         [362.18984812,  50.11550759],
         [414.39768185,  88.76938449],
         [432.9716227 ,  86.25939249],
         [462.58952838,  85.25539568],
         [498.73341327,  89.77338129],
         [475.13948841,  83.74940048],
         [504.75739408,  89.77338129],
         [517.30735412,  87.26338929],
         [520.82134293,  49.11151079],
         [514.79736211,  48.60951239],
         [504.25539568,  48.60951239],
         [496.72541966,  49.11151079],
         [488.69344524,  53.6294964 ],
         [472.6294964 ,  59.15147882],
         [174.94444444, 262.46083133],
         [158.8804956 , 336.75659472],
         [125.24660272, 408.54236611],
         [360.68385292, 304.12669864],
         [369.21782574, 289.568745  ],
         [390.30175859, 294.08673062],
         [410.38169464, 276.51678657],
         [414.39768185, 292.58073541],
         [414.39768185, 304.62869704],
         [408.87569944, 330.23061551],
         [373.23381295, 327.7206235 ],
         [380.76378897, 318.18265388],
         [385.28177458, 348.80455635],
         [378.25379696, 372.90047962],
         [374.73980815, 358.84452438],
         [362.18984812, 355.83253397],
         [352.1498801 , 358.34252598],
         [363.69584333, 398.00039968],
         [384.27777778, 414.06434852],
         [440.50159872, 405.0283773 ],
         [411.38569145, 405.0283773 ],
         [397.83173461, 370.39048761],
         [405.86370903, 351.31454836],
         [398.83573141, 340.77258193],
         [427.44964029, 347.80055955],
         [433.9756195 , 370.39048761],
         [468.61350919, 396.99640288],
         [480.66147082, 415.57034373],
         [520.82134293, 395.99240608],
         [496.72541966, 387.45843325],
         [467.10751399, 368.88449241],
         [453.55355715, 354.82853717],
         [433.9756195 , 319.68864908],
         [451.54556355, 320.69264588],
         [433.9756195 , 298.60471623],
         [434.47761791, 282.54076739],
         [421.92765787, 276.01478817],
         [420.42166267, 261.95883293],
         [394.3177458 , 256.43685052],
         [392.3097522 , 246.8988809 ],
         [397.83173461, 236.85891287],
         [403.35371703, 250.4128697 ],
         [449.53756994, 254.93085532],
         [434.47761791, 245.89488409],
         [445.52158273, 204.22901679],
         [432.4696243 , 201.21702638],
         [460.07953637, 199.71103118],
         [476.64548361, 193.68705036],
         [505.76139089, 200.21302958],
         [535.88129496, 157.54316547],
         [585.07713829, 149.00919265],
         [579.55515588, 160.05315747],
         [577.04516387, 182.64308553],
         [597.62709832, 201.21702638],
         [595.11710631, 221.29696243],
         [585.57913669, 229.83093525],
         [581.06115108, 242.38089528],
         [586.58313349, 249.4088729 ],
         [609.17306155, 264.46882494],
         [599.13309353, 247.9028777 ],
         [616.70303757, 218.28497202],
         [617.70703437, 237.86290967],
         [604.15307754, 297.60071942],
         [599.63509193, 288.0627498 ],
         [595.61910472, 338.26258993],
         [568.00919265, 388.46243006],
         [530.35931255, 354.82853717],
         [517.80935252, 352.82054357],
         [506.76538769, 363.36250999],
         [496.72541966, 340.27058353],
         [469.11550759, 329.22661871],
         [467.10751399, 299.60871303],
         [481.66546763, 286.0547562 ],
         [450.54156675, 281.03477218],
         [465.09952038, 271.99880096],
         [455.05955236, 263.46482814],
         [488.69344524, 252.92286171],
         [476.64548361, 256.43685052],
         [462.58952838, 251.91886491],
         [472.127498  , 243.88689049],
         [466.60551559, 234.85091926],
         [488.69344524, 239.87090328],
         [614.19304556,  85.25539568],
         [603.14908074,  88.76938449],
         [598.12909672,  83.74940048],
         [587.08513189,  83.74940048],
         [604.65507594,  65.17545963],
         [615.69904077,  57.64548361],
         [581.06115108,  50.11550759],
         [563.99320544,  53.6294964 ],
         [574.03317346, 337.25859313],
         [568.00919265, 347.80055955],
         [543.91326938, 347.29856115],
         [548.431255  , 330.23061551],
         [557.96922462, 337.25859313],
         [553.95323741, 321.69664269],
         [566.50319744, 299.60871303],
         [575.53916867, 305.13069544],
         [621.72302158, 261.45683453],
         [515.80135891, 261.95883293],
         [507.26738609, 253.92685851],
         [512.2873701 , 242.38089528],
         [501.74540368, 244.89088729],
         [491.70543565, 196.69904077],
         [406.86770584, 203.22501998],
         [395.32174261, 203.22501998],
         [387.79176659, 207.24100719],
         [397.32973621, 276.01478817],
         [484.17545963, 268.48481215],
         [492.20743405, 279.52877698],
         [502.74940048, 284.54876099],
         [508.77338129, 273.00279776],
         [453.55355715, 237.36091127],
         [510.7813749 , 233.34492406],
         [484.67745803, 311.15467626],
         [501.24340528, 300.61270983],
         [525.84132694, 311.65667466],
         [531.86530775, 333.24260592],
         [138.80055955, 217.78297362],
         [164.40247802, 227.82294165],
         [155.8685052 , 228.32494005],
         [160.38649081, 217.78297362],
         [183.98041567,  56.13948841],
         [275.8461231 , 308.64468425],
         [279.86211031, 280.03077538],
         [274.3401279 , 281.03477218],
         [574.85964036,   2.15334665],
         [581.13336663,  -0.98351648],
         [576.11438561,   7.7997003 ],
         [ 81.11738262,  20.97452547],
         [ 94.29220779,  12.19130869],
         [131.93456543,  35.4040959 ],
         [131.93456543,   2.78071928],
         [155.77472527,   7.7997003 ],
         [168.32217782,  24.73876124],
         [185.26123876,  39.7957043 ],
         [187.14335664,  27.24825175],
         [207.21928072,   9.68181818],
         [231.05944056,  20.97452547],
         [241.0974026 ,  28.502997  ],
         [249.88061938,  22.22927073],
         [264.93756244,  35.4040959 ],
         [264.93756244,  20.34715285],
         [280.62187812,  32.89460539],
         [296.30619381,  31.01248751],
         [327.67482517,  35.4040959 ],
         [324.53796204,  22.22927073],
         [336.45804196,  35.4040959 ],
         [345.86863137,  19.71978022],
         [354.65184815,  29.13036963],
         [374.1003996 ,  35.4040959 ],
         [401.07742258,  32.89460539],
         [413.62487512,  35.4040959 ],
         [421.15334665,  37.28621379],
         [424.29020979,  39.7957043 ],
         [435.58291708,  46.06943057],
         [451.89460539,  41.67782218],
         [466.32417582,  42.30519481],
         [472.5979021 ,  37.28621379],
         [474.48001998,  28.502997  ],
         [530.94355644,  37.91358641],
         [593.05344655,  36.03146853],
         [598.07242757,  47.32417582],
         [585.52497502,  35.4040959 ],
         [567.33116883, 278.51098901],
         [572.97752248, 272.86463536]]), array([[337]], dtype=uint16))]]
