[[(array([[  11.54844444,  634.37642798],
         [  80.65790947,  575.38054321],
         [  54.53116049,  518.9130535 ],
         [ 184.322107  ,  504.58548148],
         [ 251.74597531,  525.65544033],
         [ 314.95585185,  607.40688066],
         [ 330.96902058,  527.34103704],
         [ 382.37972016,  483.51552263],
         [ 341.08260082,  478.45873251],
         [ 456.54597531,  588.86531687],
         [ 546.72539918,  549.25379424],
         [ 540.8258107 ,  674.83074897],
         [ 697.58630453,  655.44638683],
         [ 824.84885597,  615.8348642 ],
         [ 839.17642798,  516.38465844],
         [ 717.81346502,  482.67272428],
         [ 632.69083128,  470.03074897],
         [ 591.39371193,  470.87354733],
         [ 577.06613992,  434.63321811],
         [ 593.07930864,  407.66367078],
         [ 641.96161317,  412.72046091],
         [ 668.08836214,  418.62004938],
         [ 663.87437037,  358.78136626],
         [ 622.57725103,  349.51058436],
         [ 624.26284774,  381.53692181],
         [ 591.39371193,  361.30976132],
         [ 562.7385679 ,  381.53692181],
         [ 565.26696296,  353.72457613],
         [ 578.75173663,  316.64144856],
         [ 651.23239506,  306.52786831],
         [ 690.8439177 ,  316.64144856],
         [ 744.78301235,  316.64144856],
         [ 770.90976132,  286.30070782],
         [ 802.09330041,  302.31387654],
         [ 822.32046091,  333.49741564],
         [ 768.38136626,  368.05214815],
         [ 755.73939095,  417.77725103],
         [ 797.87930864,  427.89083128],
         [ 818.94926749,  391.65050206],
         [ 859.40358848,  405.13527572],
         [ 876.25955556,  370.58054321],
         [ 879.63074897,  294.72869136],
         [ 824.00605761,  255.11716872],
         [ 797.87930864,  241.63239506],
         [ 845.91881481,  207.92046091],
         [ 860.24638683,  239.104     ],
         [ 880.47354733,  191.90729218],
         [ 730.45544033,  240.78959671],
         [ 704.32869136,  228.1476214 ],
         [ 656.28918519,  252.58877366],
         [ 671.45955556,  222.24803292],
         [ 683.25873251,  166.62334156],
         [ 677.35914403,  140.49659259],
         [ 740.56902058,  171.68013169],
         [ 764.16737449,  161.56655144],
         [ 831.5912428 ,  114.36984362],
         [ 804.62169547,  134.59700412],
         [ 613.30646914,  164.0949465 ],
         [ 652.91799177,  167.46613992],
         [ 606.5640823 ,  185.16490535],
         [ 579.59453498,  186.85050206],
         [ 609.93527572,  205.39206584],
         [ 645.33280658,  214.66284774],
         [ 588.86531687,  219.71963786],
         [ 586.33692181,  252.58877366],
         [ 556.83897942,  229.83321811],
         [ 537.45461728,  186.85050206],
         [ 538.29741564,  153.1385679 ],
         [ 508.79947325,  178.42251852],
         [ 493.62910288,  213.82004938],
         [ 516.38465844,  301.47107819],
         [ 550.09659259,  291.35749794],
         [ 527.34103704,  374.79453498],
         [ 506.27107819,  405.13527572],
         [ 470.03074897,  390.8077037 ],
         [ 431.26202469,  400.92128395],
         [ 416.93445267,  426.20523457],
         [ 447.27519342,  339.39700412],
         [ 439.69000823,  294.72869136],
         [ 487.7295144 ,  274.50153086],
         [ 453.17478189,  223.93362963],
         [ 481.82992593,  191.90729218],
         [ 469.18795062,  169.15173663],
         [ 480.14432922,  154.82416461],
         [ 438.00441152,  145.55338272],
         [ 422.83404115,  176.73692181],
         [ 407.66367078,  143.86778601],
         [ 411.0348642 ,  130.38301235],
         [ 376.48013169,  136.28260082],
         [ 379.00852675,  197.80688066],
         [ 380.69412346,  242.47519342],
         [ 432.10482305,  255.95996708],
         [ 405.97807407,  278.71552263],
         [ 364.68095473,  297.25708642],
         [ 335.18301235,  369.73774486],
         [ 339.39700412,  207.07766255],
         [ 284.61511111,  238.26120165],
         [ 243.31799177,  233.20441152],
         [ 212.97725103,  261.85955556],
         [ 179.26531687,  218.87683951],
         [ 137.96819753,  227.30482305],
         [ 131.2258107 ,  249.21758025],
         [ 142.1821893 ,  315.79865021],
         [ 206.2348642 ,  293.04309465],
         [ 164.0949465 ,  330.96902058],
         [  72.22992593,  322.54103704],
         [  57.90235391,  358.78136626],
         [  87.4002963 ,  443.06120165],
         [ 163.25214815,  456.54597531],
         [ 215.50564609,  400.0784856 ],
         [ 206.2348642 ,  370.58054321],
         [ 255.95996708,  368.05214815],
         [ 280.40111934,  330.12622222],
         [ 311.58465844,  388.27930864],
         [ 336.0258107 ,  429.57642798],
         [ 310.74186008,  412.72046091],
         [ 323.38383539,  566.10976132],
         [ 725.52882499,  292.28715491],
         [ 917.059556  ,  325.8399837 ],
         [ 922.65169413,  427.43049309],
         [ 919.85562506,  249.88010741],
         [1000.40407961,  295.31129028],
         [ 945.41472131,  315.81579676],
         [ 954.73495153,  422.06642126],
         [1005.06419472,  518.99681554],
         [   9.88894838,  285.24026374],
         [ 216.53030703,  113.38012388],
         [ 143.89893839,  126.67882517],
         [ 264.61022711,   67.34615784],
         [ 282.0008365 ,   66.32318082],
         [ 318.82800932,  107.24226174],
         [ 325.98884848,   79.62188212],
         [ 306.55228505,   68.36913487],
         [ 345.42541192,  103.15035365],
         [ 369.97686047,  103.15035365],
         [ 451.81502231,   87.8056983 ],
         [ 521.37745987,   89.85165235],
         [ 813.94888844,   93.94356044],
         [ 940.79803929,  619.75375025],
         [1020.59024709,  597.24825574],
         [1019.56727006,  426.41109291],
         [ 709.6052321 ,   74.506997  ],
         [ 738.24858874,   54.04745654],
         [ 752.57026707,   88.82867532],
         [ 724.94988745,   54.04745654],
         [ 705.51332401,   47.90959441],
         [ 703.46736996,   37.67982418],
         [ 694.26057676,   36.65684715],
         [ 673.8010363 ,   20.28921479],
         [ 664.59424309,   20.28921479],
         [ 664.59424309,   30.51898501],
         [ 641.06577156,   33.58791608],
         [ 631.85897835,   48.93257143],
         [ 595.03180553,   60.18531868],
         [ 584.8020353 ,   32.56493906],
         [ 567.41142591,   24.38112288],
         [ 542.85997736,   28.47303097],
         [ 517.28555178,   18.24326074],
         [ 505.00982751,   18.24326074],
         [ 400.66617116,   31.54196204],
         [ 426.24059674,   22.33516883],
         [ 376.11472261,   30.51898501],
         [ 400.66617116,   20.28921479],
         [ 370.9998375 ,   21.31219181],
         [ 325.98884848,   26.42707692],
         [ 321.89694039,   33.58791608],
         [ 318.82800932,   39.72577822],
         [ 351.56327406,   39.72577822],
         [ 307.57526207,   41.77173227],
         [ 567.41142591,   14.32184882],
         [ 418.56826906,   15.34482584],
         [ 408.84998735,   12.27589477],
         [ 659.47935798,   12.78738328],
         [ 669.19763969,   10.74142924],
         [ 608.33050683,   11.76440626],
         [ 618.56027706,   13.29887179],
         [ 600.14669064,   13.81036031],
         [ 589.4054319 ,   25.06310756],
         [ 647.71512221,    9.71845221],
         [ 659.22361372,    6.47902498],
         [ 629.04579154,    6.22328072],
         [ 362.56027706,   11.33816583],
         [ 376.11472261,    8.78072328],
         [ 341.58924809,   14.91858541],
         [ 345.16966767,    8.26923477],
         [ 369.97686047,    4.68881518],
         [ 361.53730003,    5.45604795],
         [ 376.37046687,    2.55761305],
         [ 350.02880852,   22.63353713],
         [ 617.53730003,    4.94455944]]), array([[190]], dtype=uint8))]]
