[[(array([[ 316.67443038,  620.67443038],
         [ 463.71240506,  693.58582278],
         [ 449.13012658,  575.71240506],
         [ 626.5478481 ,  612.16810127],
         [ 586.44658228,  661.99088608],
         [ 591.30734177,  568.42126582],
         [ 666.64911392,  569.6364557 ],
         [ 729.83898734,  602.44658228],
         [ 761.43392405,  621.88962025],
         [ 785.73772152,  619.45924051],
         [ 777.23139241,  576.92759494],
         [ 834.34531646,  591.50987342],
         [ 896.32      ,  568.42126582],
         [ 959.50987342,  567.20607595],
         [ 920.62379747,  614.59848101],
         [ 215.81367089,  705.73772152],
         [ 140.47189873,  631.61113924],
         [ 223.10481013,  603.66177215],
         [ 195.15544304,  612.16810127],
         [  59.05417722,  688.72506329],
         [  23.81367089,  614.59848101],
         [  94.29468354,  538.04151899],
         [ 113.73772152,  506.44658228],
         [ 140.47189873,  524.67443038],
         [ 192.72506329,  521.02886076],
         [ 231.61113924,  525.88962025],
         [ 258.34531646,  530.75037975],
         [ 401.73772152,  523.76303797],
         [ 410.85164557,  559.61113924],
         [ 350.0921519 ,  546.24405063],
         [ 315.45924051,  528.01620253],
         [ 290.5478481 ,  525.58582278],
         [ 308.7756962 ,  557.78835443],
         [ 440.01620253,  516.47189873],
         [ 509.28202532,  506.75037975],
         [ 513.53518987,  539.56050633],
         [ 549.38329114,  517.07949367],
         [ 552.42126582,  536.52253165],
         [ 604.67443038,  522.5478481 ],
         [ 632.62379747,  507.96556962],
         [ 649.6364557 ,  506.75037975],
         [ 262.59848101,  511.0035443 ],
         [ 273.53518987,  523.76303797],
         [ 286.90227848,  512.21873418],
         [ 297.83898734,  501.28202532],
         [ 297.83898734,  489.73772152],
         [ 289.94025316,  495.20607595],
         [ 446.39594937,  504.47189873],
         [ 441.53518987,  493.83898734],
         [ 441.53518987,  481.68708861],
         [ 488.01620253,  502.95291139],
         [ 469.78835443,  502.95291139],
         [ 472.82632911,  519.96556962],
         [ 500.7756962 ,  496.57316456],
         [ 355.8643038 ,  511.45924051],
         [ 349.18075949,  501.43392405],
         [ 365.58582278,  493.53518987],
         [ 368.92759494,  484.72506329],
         [ 357.38329114,  482.29468354],
         [ 348.57316456,  484.42126582],
         [ 332.7756962 ,  479.56050633],
         [ 338.85164557,  479.56050633],
         [ 340.97822785,  468.92759494],
         [ 391.40860759,  491.10481013],
         [ 405.99088608,  485.02886076],
         [ 548.7756962 ,  499.91493671],
         [ 388.06683544,  510.85164557],
         [ 484.06683544,  534.5478481 ],
         [ 377.43392405,  466.80101266],
         [ 386.5478481 ,  468.92759494],
         [ 391.71240506,  467.71240506],
         [ 365.28202532,  447.96556962],
         [ 376.82632911,  449.48455696],
         [ 397.18075949,  449.48455696],
         [ 337.6364557 ,  443.40860759],
         [ 346.14278481,  451.61113924],
         [ 352.52253165,  450.0921519 ],
         [ 357.68708861,  447.35797468],
         [ 349.78835443,  467.10481013],
         [ 354.34531646,  463.45924051],
         [ 360.11746835,  466.49721519],
         [ 417.53518987,  466.80101266],
         [ 522.34531646,  500.82632911],
         [ 538.14278481,  499.61113924],
         [ 542.0921519 ,  491.71240506],
         [ 549.07949367,  482.29468354],
         [ 440.32      ,  530.59848101],
         [ 423.91493671,  527.25670886],
         [ 402.04151899,  505.68708861],
         [ 407.20607595,  492.92759494],
         [ 412.06683544,  476.52253165],
         [ 397.78835443,  476.52253165],
         [ 405.38329114,  472.26936709],
         [ 410.24405063,  471.05417722],
         [ 412.97822785,  468.01620253],
         [ 379.56050633,  476.21873418],
         [ 337.33265823,  522.69974684],
         [ 361.33265823,  522.0921519 ],
         [ 523.56050633,  488.67443038],
         [ 570.34531646,  485.33265823],
         [ 495.0035443 ,  478.34531646],
         [ 488.01620253,  474.39594937],
         [ 422.69974684,  499.30734177],
         [ 422.69974684,  471.96556962],
         [ 431.81367089,  470.14278481],
         [ 796.97822785,  503.8643038 ],
         [ 833.43392405,  502.04151899],
         [ 847.40860759,  502.64911392],
         [ 861.38329114,  504.16810127],
         [ 845.58582278,  488.37063291],
         [ 861.99088608,  487.45924051],
         [ 817.6364557 ,  519.66177215],
         [ 810.34531646,  508.11746835],
         [ 780.57316456,  528.16810127],
         [ 751.71240506,  518.75037975],
         [ 745.6364557 ,  499.61113924],
         [ 748.67443038,  490.49721519],
         [ 734.69974684,  490.49721519],
         [ 706.44658228,  505.99088608],
         [ 711.0035443 ,  497.48455696],
         [ 714.64911392,  490.49721519],
         [ 660.57316456,  485.02886076],
         [ 640.52253165,  495.35797468],
         [ 621.38329114,  484.42126582],
         [ 632.92759494,  485.02886076],
         [ 649.02886076,  484.11746835],
         [ 644.16810127,  477.73772152],
         [ 739.56050633,  551.8643038 ],
         [ 752.01620253,  540.62379747],
         [ 817.94025316,  542.75037975],
         [ 841.02886076,  542.75037975],
         [ 821.28202532,  530.90227848],
         [ 843.45924051,  522.39594937],
         [ 862.59848101,  528.47189873],
         [ 780.26936709,  508.11746835],
         [ 769.33265823,  503.8643038 ],
         [ 776.01620253,  475.91493671],
         [ 757.78835443,  485.02886076],
         [ 739.8643038 ,  478.64911392],
         [ 743.50987342,  481.99088608],
         [ 747.76303797,  486.85164557],
         [ 730.75037975,  522.39594937],
         [ 695.20607595,  527.25670886],
         [ 692.7756962 ,  516.62379747],
         [ 680.32      ,  506.90227848],
         [ 727.40860759,  533.02886076],
         [ 726.19341772,  513.28202532],
         [ 819.45924051,  492.62379747],
         [ 687.61113924,  479.56050633],
         [ 675.15544304,  481.68708861],
         [ 655.40860759,  474.69974684],
         [ 714.04151899,  476.82632911],
         [ 729.83898734,  479.56050633],
         [ 724.06683544,  486.24405063],
         [ 729.53518987,  484.42126582],
         [ 824.32      ,  481.07949367],
         [ 797.88962025,  478.64911392],
         [ 862.90227848,  475.91493671],
         [ 782.69974684,  495.66177215],
         [ 666.64911392,  497.48455696],
         [ 697.94025316,  490.49721519],
         [ 638.0921519 ,  471.35797468],
         [ 627.76303797,  468.01620253],
         [ 621.68708861,  475.30734177],
         [ 629.88962025,  475.61113924],
         [ 831.91493671,  468.32      ],
         [ 837.07949367,  469.53518987],
         [ 837.38329114,  482.29468354],
         [ 139.66177215,  548.06683544],
         [ 377.83898734,  566.29468354],
         [ 157.28202532,  489.58582278],
         [ 165.48455696,  487.45924051],
         [ 180.37063291,  510.85164557],
         [ 202.85164557,  499.61113924],
         [ 227.76303797,  496.26936709],
         [ 255.71240506,  472.87696203],
         [ 236.87696203,  506.59848101],
         [ 137.23139241,  491.10481013],
         [ 139.05417722,  476.21873418],
         [ 116.26936709,  469.83898734],
         [ 123.56050633,  467.71240506],
         [ 101.68708861,  469.53518987],
         [  86.80101266,  465.58582278],
         [  77.07949367,  466.80101266],
         [  61.28202532,  468.62379747],
         [  55.81367089,  485.6364557 ],
         [  84.37063291,  509.33265823],
         [  70.69974684,  512.97822785],
         [  58.24405063,  506.90227848],
         [  78.29468354,  501.13012658],
         [ 100.16810127,  488.37063291],
         [ 129.94025316,  483.20607595],
         [ 119.91493671,  493.83898734],
         [ 181.28202532,  473.48455696],
         [ 180.97822785,  465.58582278],
         [ 186.14278481,  461.6364557 ],
         [ 210.44658228,  467.40860759],
         [ 216.82632911,  464.67443038],
         [ 193.43392405,  472.87696203],
         [ 226.24405063,  484.72506329],
         [ 264.21873418,  467.71240506],
         [ 281.83898734,  467.40860759],
         [ 291.56050633,  467.71240506],
         [ 288.82632911,  477.13012658],
         [ 214.39594937,  477.13012658],
         [ 178.5478481 ,  489.58582278],
         [ 153.6364557 ,  505.99088608],
         [ 134.19341772,  508.72506329],
         [ 148.16810127,  514.49721519],
         [ 125.99088608,  507.20607595],
         [  87.71240506,  495.96556962],
         [ 143.0035443 ,  468.62379747],
         [ 198.90227848,  464.37063291],
         [ 239.0035443 ,  468.92759494],
         [ 253.28202532,  462.5478481 ],
         [ 228.37063291,  476.82632911],
         [ 186.75037975,  489.58582278],
         [ 153.33265823,  475.61113924],
         [ 238.69974684,  488.37063291],
         [  58.85164557,  568.72506329],
         [  12.67443038,  538.95291139],
         [  47.30734177,  518.29468354],
         [  19.96556962,  486.0921519 ],
         [  10.85164557,  461.18075949],
         [ 577.13012658,  394.34531646],
         [ 216.21873418,  431.40860759],
         [ 254.49721519,  443.56050633],
         [ 257.23139241,  444.92759494],
         [ 305.53518987,  445.23139241],
         [ 311.61113924,  444.32      ],
         [ 320.42126582,  446.44658228],
         [ 321.6364557 ,  447.35797468],
         [ 268.7756962 ,  444.92759494],
         [ 281.53518987,  446.44658228],
         [ 285.18075949,  443.10481013],
         [ 238.39594937,  440.97822785],
         [ 220.47189873,  435.81367089],
         [ 182.19341772,  433.99088608],
         [ 273.02886076,  498.69974684],
         [ 900.16810127,  509.18075949],
         [ 884.37063291,  483.05417722],
         [ 872.82632911,  478.19341772],
         [ 985.23139241,  477.58582278],
         [1117.68708861,  484.87696203],
         [1006.49721519,  490.95291139],
         [ 966.39594937,  482.44658228],
         [ 960.32      ,  486.0921519 ],
         [ 948.7756962 ,  491.56050633],
         [ 931.76303797,  491.56050633],
         [ 915.35797468,  486.69974684],
         [ 897.73772152,  481.83898734],
         [ 942.69974684,  517.68708861],
         [ 944.52253165,  538.95291139],
         [1010.14278481,  515.25670886],
         [ 970.64911392,  510.39594937],
         [ 979.76303797,  497.6364557 ],
         [ 622.49721519,  547.45924051],
         [ 585.43392405,  541.99088608],
         [ 995.56050633,  452.06683544],
         [1003.45924051,  443.56050633],
         [1019.25670886,  544.42126582],
         [ 581.78835443,  475.76303797],
         [ 581.18075949,  466.04151899],
         [ 575.10481013,  467.25670886],
         [ 569.02886076,  470.29468354],
         [ 556.26936709,  471.50987342],
         [ 562.34531646,  469.07949367],
         [ 528.92759494,  469.07949367],
         [ 521.6364557 ,  464.82632911],
         [ 587.8643038 ,  506.14278481],
         [ 579.96556962,  509.18075949],
         [ 572.67443038,  499.45924051],
         [ 595.76303797,  499.45924051],
         [ 528.32      ,  535.91493671],
         [ 610.34531646,  488.52253165],
         [ 595.15544304,  486.69974684],
         [ 232.82632911,  555.05417722],
         [ 178.14278481,  578.14278481],
         [ 401.73772152,  799.30734177],
         [ 429.78610729,  451.1187434 ],
         [ 443.58273661,  451.94654116],
         [ 446.34206248,  448.35941753],
         [ 455.72377042,  449.18721529],
         [ 466.48514129,  451.67060857],
         [ 466.2092087 ,  456.36146254],
         [ 470.62413009,  450.56687822],
         [ 405.50403968,  451.1187434 ],
         [ 418.74880383,  449.18721529],
         [ 412.40235434,  450.56687822],
         [ 317.20561202,  494.44015947],
         [ 310.03136477,  479.81573239],
         [ 500.42484942,  509.89238431],
         [ 533.81269239,  522.03341812],
         [ 449.9291861 ,  562.31957574],
         [ 943.71240506,  600.01620253],
         [ 454.97774716,  484.45851947],
         [ 459.90964909,  475.82769108],
         [ 460.73163275,  470.07380548],
         [ 469.77345297,  472.53975645],
         [ 467.71849383,  477.47165839],
         [ 471.00642846,  478.29364204],
         [ 473.47237943,  468.01884634],
         [ 477.58229771,  466.37487903],
         [ 480.45924051,  470.07380548],
         [ 485.80213427,  465.14190354],
         [ 497.72089729,  468.42983817],
         [ 497.30990546,  462.26496074],
         [ 505.94073386,  460.2100016 ],
         [ 504.70775837,  467.19686268],
         [ 510.46164397,  467.19686268],
         [ 516.21552956,  468.42983817],
         [ 513.33858676,  463.0869444 ],
         [ 510.05065214,  461.44297709],
         [ 515.39354591,  461.03198526],
         [ 379.35525076,  494.32232335],
         [ 529.36726807,  474.18372376],
         [ 516.62652139,  479.93760936],
         [ 512.51660311,  477.06066656],
         [ 505.1187502 ,  483.22554398],
         [ 500.59784009,  485.69149495],
         [ 491.9670117 ,  481.17058484],
         [ 461.96460824,  495.144307  ],
         [ 461.96460824,  486.92447044],
         [ 420.86542541,  486.92447044],
         [ 538.76253165,  470.45265823],
         [ 538.76253165,  464.23088608],
         [ 552.76151899,  471.23037975],
         [ 548.87291139,  469.67493671],
         [ 548.09518987,  462.67544304],
         [ 552.76151899,  461.12      ],
         [ 560.53873418,  462.67544304],
         [ 569.87139241,  462.67544304],
         [ 556.65012658,  483.67392405],
         [ 562.09417722,  483.67392405],
         [ 591.47502555,  473.28763203],
         [ 590.82085179,  467.40006814],
         [ 587.54998296,  462.16667802],
         [ 596.05424191,  464.78337308],
         [ 597.36258944,  470.0167632 ],
         [ 603.25015332,  467.40006814],
         [ 605.21267462,  474.59597956],
         [ 609.79189097,  470.67093697],
         [ 617.64197615,  464.78337308],
         [ 616.33362862,  471.32511073],
         [ 614.37110733,  468.70841567],
         [ 632.68797274,  467.40006814],
         [ 650.3506644 ,  468.70841567],
         [ 649.69649063,  471.9792845 ],
         [ 657.54657581,  466.74589438],
         [ 665.39666099,  469.36258944],
         [ 671.93839864,  466.09172061],
         [ 669.97587734,  476.55850085],
         [ 678.48013629,  469.36258944],
         [ 686.33022147,  468.05424191],
         [ 691.56361158,  466.09172061],
         [ 696.7970017 ,  466.74589438],
         [ 703.33873935,  466.09172061],
         [ 703.33873935,  470.67093697],
         [ 711.18882453,  469.36258944],
         [ 715.76804089,  465.43754685],
         [ 721.65560477,  468.70841567],
         [ 724.27229983,  473.94180579],
         [ 728.19734242,  471.9792845 ],
         [ 727.54316865,  468.05424191],
         [ 735.39325383,  470.67093697],
         [ 739.31829642,  470.0167632 ],
         [ 749.1309029 ,  473.28763203],
         [ 756.32681431,  475.25015332],
         [ 762.21437819,  474.59597956],
         [ 767.44776831,  473.28763203],
         [ 784.02017036,  475.90432709],
         [ 807.57042589,  471.9792845 ],
         [ 815.42051107,  470.67093697],
         [ 808.87877342,  485.71693356],
         [ 802.99120954,  498.14623509],
         [ 812.80381601,  498.80040886],
         [ 800.37451448,  489.64197615],
         [ 797.75781942,  464.78337308],
         [ 803.6453833 ,  462.16667802],
         [ 823.27059625,  463.47502555],
         [ 805.6079046 ,  456.27911414],
         [ 797.75781942,  454.97076661]]), array([[382]], dtype=uint16))]]
