[[(array([[338.16233766, 330.12887113],
         [134.36613387, 287.77122877],
         [187.11338661, 243.81518482],
         [112.78771229, 228.63036963],
         [ 12.08841159, 179.07992008],
         [ 77.62287712, 149.50949051],
         [ 45.65484515, 102.35664336],
         [ 56.84365634,  60.7982018 ],
         [ 60.04045954,  28.83016983],
         [100.0004995 ,  71.18781219],
         [100.0004995 , 126.33266733],
         [129.57092907, 124.73426573],
         [170.33016983,  69.58941059],
         [122.37812188,  47.21178821],
         [ 98.4020979 ,  30.42857143],
         [189.51098901,  40.81818182],
         [155.14535465,  27.23176823],
         [127.97252747,  12.84615385],
         [144.75574426,  58.4005994 ],
         [202.2982018 ,  84.77422577],
         [189.51098901, 137.52147852],
         [143.95654346, 173.48551449],
         [218.28221778, 205.45354645],
         [235.06543457, 244.61438561],
         [279.82067932, 225.43356643],
         [331.76873127, 246.21278721],
         [362.93756244, 228.63036963],
         [380.51998002, 197.46153846],
         [383.71678322, 158.3006993 ],
         [319.78071928, 142.31668332],
         [279.82067932, 166.29270729],
         [257.44305694, 135.92307692],
         [287.81268731, 115.94305694],
         [243.85664336,  99.95904096],
         [218.28221778,  63.995005  ],
         [231.86863137,  65.59340659],
         [235.06543457,  40.01898102],
         [211.88861139,  33.62537463],
         [283.81668332,  40.01898102],
         [272.62787213,  61.5974026 ],
         [307.79270729,  71.98701299],
         [307.79270729,  36.02297702],
         [295.00549451,  14.44455544],
         [331.76873127,  48.81018981],
         [349.35114885,  50.40859141],
         [342.95754246,  24.83416583],
         [374.92557443,  36.82217782],
         [336.56393606,  94.36463536],
         [416.48401598, 159.8991009 ],
         [415.68481518, 125.53346653],
         [390.90959041,  94.36463536],
         [396.503996  ,  53.60539461],
         [378.12237762,  74.38461538],
         [386.91358641,  24.83416583],
         [424.47602398,  24.03496503],
         [419.68081918,  44.81418581],
         [432.46803197,  67.99100899],
         [410.88961039,  71.98701299],
         [461.23926074, 119.93906094],
         [454.84565435, 156.7022977 ],
         [495.6048951 , 171.88711289],
         [480.42007992, 212.64635365],
         [559.54095904, 259.7992008 ],
         [605.89460539, 386.07292707],
         [691.40909091, 203.85514486],
         [778.52197802, 302.15684316],
         [747.35314685, 187.07192807],
         [634.66583417, 139.91908092],
         [556.34415584, 152.70629371],
         [521.97852148, 151.90709291],
         [500.4000999 , 142.31668332],
         [513.18731269, 116.74225774],
         [551.54895105, 126.33266733],
         [573.12737263, 110.34865135],
         [551.54895105,  95.96303696],
         [531.56893107,  63.1958042 ],
         [498.8016983 ,  78.38061938],
         [470.82967033,  72.78621379],
         [491.60889111,  49.60939061],
         [531.56893107,  31.22777223],
         [509.19130869,  28.83016983],
         [472.42807193,  30.42857143],
         [454.84565435,  46.41258741],
         [458.04245754,  30.42857143],
         [442.05844156,  31.22777223],
         [470.03046953,   6.45254745],
         [490.01048951,  24.83416583],
         [502.7977023 ,  11.24775225],
         [551.54895105,  26.43256743],
         [550.74975025,  40.81818182],
         [553.94655345,  69.58941059],
         [561.13936064,  47.21178821],
         [581.11938062,  35.22377622],
         [613.88661339,  43.21578422],
         [612.28821179,  67.99100899],
         [593.10739261,  71.18781219],
         [601.8986014 ,  93.56543457],
         [651.44905095,  79.17982018],
         [692.20829171,  68.79020979],
         [675.42507493,  43.21578422],
         [658.64185814,  40.81818182],
         [645.85464535,  40.81818182],
         [634.66583417,  49.60939061],
         [700.2002997 ,  30.42857143],
         [679.42107892,  20.83816184],
         [655.44505495,  26.43256743],
         [727.37312687,  50.40859141],
         [731.36913087,  24.83416583],
         [716.18431568,  17.64135864],
         [752.14835165,  11.24775225],
         [754.54595405,  37.62137862],
         [755.34515485,  55.2037962 ],
         [741.75874126,  96.76223776],
         [712.18831169, 143.11588412],
         [179.92057942,  12.04695305],
         [ 95.20529471,  11.24775225],
         [598.7017982 ,  14.44455544],
         [616.28421578,   6.45254745],
         [521.40401396,  18.09424084],
         [ 17.03577661, 359.15183246],
         [ 29.66753927, 160.65270506]]), array([[121]], dtype=uint8))]]
