[[(array([[ 132.88109162,  697.50331384],
         [ 363.28109162,  687.07368421],
         [ 509.29590643,  639.6662768 ],
         [ 551.01442495,  640.61442495],
         [ 631.60701754,  662.42183236],
         [ 679.01442495,  752.49590643],
         [ 788.99961014,  674.74775828],
         [ 819.34035088,  593.20701754],
         [ 916.05146199,  601.74035088],
         [  60.82183236,  617.8588694 ],
         [  93.0588694 ,  591.31072125],
         [ 182.18479532,  595.10331384],
         [ 317.76998051,  582.77738791],
         [ 213.47368421,  578.03664717],
         [ 289.32553606,  513.5625731 ],
         [ 335.78479532,  523.04405458],
         [ 423.01442495,  523.99220273],
         [ 461.88849903,  521.14775828],
         [ 493.17738791,  521.14775828],
         [ 514.98479532,  566.6588694 ],
         [ 596.52553606,  550.54035088],
         [ 631.60701754,  608.37738791],
         [ 694.18479532,  572.34775828],
         [ 751.07368421,  583.72553606],
         [ 660.99961014,  499.34035088],
         [ 697.02923977,  483.22183236],
         [ 718.83664717,  567.60701754],
         [ 760.55516569,  552.43664717],
         [ 740.64405458,  516.40701754],
         [ 759.60701754,  517.35516569],
         [ 900.88109162,  496.49590643],
         [ 843.04405458,  510.71812865],
         [  35.22183236,  545.79961014],
         [ 110.12553606,  545.79961014],
         [  73.14775828,  563.81442495],
         [ 138.56998051,  568.55516569],
         [ 185.97738791,  544.85146199],
         [ 260.88109162,  540.11072125],
         [ 259.93294347,  501.23664717],
         [ 211.57738791,  497.44405458],
         [ 172.70331384,  496.49590643],
         [ 144.2588694 ,  511.6662768 ],
         [ 127.19220273,  487.01442495],
         [ 106.33294347,  474.68849903],
         [  91.1625731 ,  459.51812865],
         [  51.34035088,  523.99220273],
         [  76.94035088,  529.68109162],
         [ 371.81442495,  484.16998051],
         [ 354.74775828,  476.58479532],
         [ 335.78479532,  487.9625731 ],
         [ 412.58479532,  461.41442495],
         [ 436.28849903,  468.05146199],
         [ 424.91072125,  493.65146199],
         [ 546.27368421,  520.19961014],
         [ 485.59220273,  493.65146199],
         [ 579.4588694 ,  469.94775828],
         [ 612.64405458,  463.31072125],
         [ 636.34775828,  491.75516569],
         [  39.9625731 ,  498.39220273],
         [  41.8588694 ,  466.15516569],
         [  10.56998051,  457.62183236],
         [ 137.62183236,  457.62183236],
         [ 216.31812865,  470.89590643],
         [ 770.98479532,  505.02923977],
         [ 792.79220273,  491.75516569],
         [ 821.23664717,  452.88109162],
         [ 851.57738791,  491.75516569],
         [ 777.62183236,  477.53294347],
         [ 792.79220273,  463.31072125],
         [ 797.53294347,  448.14035088],
         [ 789.94775828,  434.8662768 ],
         [ 770.03664717,  445.29590643],
         [ 762.45146199,  467.10331384],
         [ 748.22923977,  471.84405458],
         [ 726.42183236,  468.99961014],
         [ 714.09590643,  479.42923977],
         [ 301.65146199,  483.22183236],
         [ 324.40701754,  464.2588694 ],
         [ 286.48109162,  468.05146199],
         [ 278.89590643,  450.98479532],
         [   8.83565557,  527.35713409],
         [  57.93855268,  497.69080043],
         [ 162.28220902,  470.07042081],
         [ 689.11537585,  744.22826297],
         [ 965.31917206,  595.89659463],
         [ 960.20428694,  532.47201921],
         [ 971.45703419,  482.34614508],
         [1016.4680232 ,  501.78270852],
         [ 935.65283839,  456.77171951],
         [ 974.52596526,  460.8636276 ],
         [ 904.9635277 ,  469.04744378],
         [ 880.41207915,  470.07042081],
         [ 232.8676236 ,  444.49599523],
         [ 201.15533589,  442.45004119],
         [ 195.01747375,  460.8636276 ],
         [ 179.67281841,  470.07042081],
         [ 174.55793329,  440.40408714],
         [ 182.74174948,  436.31217905],
         [ 192.97151971,  427.10538584],
         [ 165.35114009,  451.65683439],
         [ 137.73076047,  425.0594318 ],
         [ 121.3631281 ,  426.08240882],
         [ 141.82266856,  407.66882241],
         [ 109.08740382,  438.35813309],
         [  75.32916207,  440.40408714],
         [  68.16832291,  435.28920203],
         [  78.39809313,  421.99050073],
         [  55.89259863,  425.0594318 ],
         [  20.08840283,  440.40408714],
         [   6.78970153,  435.28920203],
         [  23.15733389,  424.03645477],
         [  21.11137985,  414.82966157],
         [  55.89259863,  403.57691431],
         [ 110.11038085,  454.72576546],
         [  46.68580542,  432.22027096],
         [  51.80069054,  447.5649263 ],
         [ 158.19030093,  428.12836287],
         [ 169.44304818,  425.0594318 ],
         [ 288.10838285,  434.266225  ],
         [ 334.14234888,  439.38111012],
         [ 371.99249873,  446.54194928],
         [ 391.42906217,  440.40408714],
         [ 407.79669453,  436.31217905],
         [ 424.1643269 ,  446.54194928],
         [ 430.30218904,  439.38111012],
         [ 439.50898225,  437.33515607],
         [ 451.78470652,  437.33515607],
         [ 447.69279843,  446.54194928],
         [ 470.19829294,  423.01347775],
         [   6.78970153,  485.41507615],
         [  30.31817306,  474.1623289 ],
         [  79.42107016,  429.15133989],
         [  84.53595527,  437.33515607],
         [  91.69679443,  437.33515607],
         [ 131.59289833,  440.40408714],
         [ 148.98350772,  435.28920203],
         [ 222.63785337,  460.8636276 ],
         [ 307.54494628,  455.74874249],
         [ 301.40708414,  440.40408714],
         [ 296.29219903,  419.94454668],
         [ 333.11937186,  427.10538584],
         [ 357.67082041,  435.28920203],
         [ 368.92356766,  426.08240882],
         [ 380.17631491,  410.73775347],
         [ 385.29120003,  429.15133989],
         [ 403.70478644,  415.85263859],
         [ 429.27921202,  413.80668454],
         [ 454.85363759,  408.69179943],
         [ 441.55493629,  406.64584538],
         [ 425.18730392,  432.22027096],
         [ 393.47501621,  418.92156966],
         [ 485.54294828,  432.22027096],
         [ 240.02846277,  427.10538584],
         [ 253.32716406,  443.47301821],
         [ 258.44204918,  462.90958165],
         [ 244.12037086,  483.36912211],
         [ 292.20029094,  448.58790332],
         [ 502.93355767,  436.31217905],
         [ 494.74974149,  429.15133989],
         [ 486.5659253 ,  452.67981142],
         [ 464.0604308 ,  467.00148974],
         [ 470.19829294,  437.33515607],
         [ 515.20928195,  450.63385737],
         [ 522.37012111,  441.42706416],
         [ 514.18630492,  434.266225  ],
         [ 501.91058065,  421.99050073],
         [ 500.88760362,  412.78370752],
         [ 492.70378744,  412.78370752],
         [ 491.68081042,  408.69179943],
         [ 533.62286836,  406.64584538],
         [ 551.01347775,  454.72576546],
         [ 537.71477645,  441.42706416],
         [ 538.73775347,  431.19729393],
         [ 557.15133989,  431.19729393],
         [ 563.28920203,  447.5649263 ],
         [ 571.47301821,  445.51897226],
         [ 559.19729393,  480.30019104],
         [ 538.73775347,  476.20828295],
         [ 587.84065058,  443.47301821],
         [ 626.71377745,  462.90958165],
         [ 668.65583539,  467.00148974],
         [ 654.33415707,  470.07042081],
         [ 672.74774348,  450.63385737],
         [ 570.45004119,  424.03645477],
         [ 557.15133989,  421.99050073],
         [ 595.00148974,  424.03645477],
         [ 573.51897226,  416.87561561],
         [ 588.8636276 ,  408.69179943],
         [ 582.72576546,  412.78370752],
         [ 539.7607305 ,  416.87561561],
         [ 530.55393729,  420.9675237 ],
         [ 606.25423699,  444.49599523],
         [ 614.43805317,  438.35813309],
         [ 631.82866257,  447.5649263 ],
         [ 637.9665247 ,  439.38111012],
         [ 649.21927196,  440.40408714],
         [ 697.29919204,  445.51897226],
         [ 708.55193929,  438.35813309],
         [ 707.52896227,  455.74874249],
         [ 818.01048075,  441.42706416],
         [ 811.87261861,  444.49599523],
         [ 600.11637485,  437.33515607],
         [ 343.34914209,  460.8636276 ],
         [ 355.62486636,  458.81767355],
         [ 348.4640272 ,  434.266225  ],
         [ 902.91757365,  455.74874249],
         [ 915.19329793,  444.49599523],
         [ 954.0664248 ,  424.03645477],
         [ 941.79070053,  430.17431691],
         [ 931.5609303 ,  442.45004119],
         [ 924.40009114,  424.03645477],
         [ 931.5609303 ,  423.01347775],
         [ 919.28520602,  433.24324798],
         [ 915.19329793,  426.08240882],
         [ 926.44604518,  433.24324798],
         [ 905.98650472,  424.03645477],
         [ 898.82566556,  431.19729393],
         [ 889.61887236,  439.38111012],
         [ 898.82566556,  425.0594318 ],
         [ 885.52696426,  425.0594318 ],
         [ 892.68780342,  450.63385737],
         [ 882.45803319,  454.72576546],
         [ 920.30818305,  468.02446676],
         [ 971.45703419,  409.71477645],
         [1001.12336786,  478.25423699],
         [1008.28420702,  442.45004119],
         [ 985.77871252,  445.51897226],
         [ 991.91657465,  436.31217905],
         [ 945.88260862,  447.5649263 ],
         [ 978.61787335,  424.03645477],
         [ 784.25223899,  419.94454668],
         [ 790.39010113,  416.87561561],
         [ 796.52796326,  416.87561561],
         [ 802.6658254 ,  424.03645477],
         [ 800.61987136,  431.19729393],
         [ 811.87261861,  431.19729393],
         [ 765.83865258,  425.0594318 ],
         [ 757.65483639,  424.03645477],
         [ 734.12636486,  430.17431691],
         [ 753.5629283 ,  445.51897226],
         [ 737.19529593,  443.47301821],
         [ 735.14934189,  459.84065058],
         [ 743.33315807,  448.58790332],
         [ 722.87361761,  454.72576546],
         [ 716.73575547,  443.47301821],
         [ 718.78170952,  426.08240882],
         [ 737.19529593,  417.89859264],
         [ 736.17231891,  401.53096027],
         [ 746.40208914,  402.55393729],
         [ 755.60888235,  402.55393729],
         [ 695.25323799,  421.99050073],
         [ 697.29919204,  411.7607305 ],
         [ 706.50598524,  411.7607305 ],
         [ 711.62087036,  408.69179943],
         [ 721.85064059,  419.94454668],
         [ 729.01147975,  412.78370752],
         [ 709.57491631,  419.94454668],
         [ 692.18430692,  434.266225  ],
         [ 675.81667455,  432.22027096],
         [ 669.67881242,  417.89859264],
         [ 685.02346776,  418.92156966],
         [ 679.90858265,  410.73775347],
         [ 655.35713409,  448.58790332],
         [ 664.5639273 ,  437.33515607],
         [ 613.41507615,  413.80668454],
         [ 597.04744378,  414.82966157],
         [ 605.23125997,  416.87561561],
         [ 619.55293829,  428.12836287],
         [ 621.59889234,  411.7607305 ],
         [ 616.48400722,  405.62286836],
         [ 518.27821302,  421.99050073],
         [ 417.46592241,  411.25064717],
         [ 421.79185821,  412.01404761],
         [ 438.07773417,  432.88032619],
         [ 418.22932284,  430.08119126],
         [ 413.39445342,  417.10338385],
         [ 408.30511718,  423.97398777],
         [ 400.1621792 ,  431.60799213],
         [ 396.59964383,  422.70165371],
         [ 394.05497571,  427.28205632],
         [ 389.4745731 ,  413.28638167],
         [ 385.65757092,  419.90251878],
         [ 548.00739692,  428.55439038],
         [ 563.27540563,  430.08119126],
         [ 603.99009554,  428.04545676],
         [ 580.07021522,  425.50078864],
         [ 575.23534579,  434.15266025],
         [ 615.18663526,  445.60366678],
         [ 634.52611297,  436.69732837],
         [ 576.76214666,  381.22356337],
         [ 607.29816409,  380.20569612],
         [ 608.31603134,  394.45583759],
         [ 617.98577019,  390.63883541],
         [ 627.90997586,  386.82183323],
         [ 633.76271253,  386.0584328 ],
         [ 625.61977455,  392.92903672],
         [ 587.70421958,  393.18350353],
         [ 598.64629249,  399.79964064],
         [ 595.84715756,  392.42010309],
         [ 592.03015538,  394.45583759],
         [ 565.05667332,  401.0719747 ],
         [ 575.23534579,  398.52730658],
         [ 565.56560694,  391.40223585],
         [ 554.87800084,  392.92903672],
         [ 560.22180389,  389.36650135],
         [ 555.89586809,  407.68811181],
         [ 441.13133592,  382.49589743],
         [ 449.78320752,  380.96909656],
         [ 464.2878158 ,  369.0091564 ],
         [ 473.19415422,  384.53163192],
         [ 475.99328915,  383.76823149],
         [ 484.13622713,  376.89762757],
         [ 482.86389307,  399.54517383],
         [ 489.22556337,  400.05410745],
         [ 484.13622713,  413.03191486],
         [ 457.41721188,  397.00050571],
         [ 426.62672764,  397.50943933],
         [ 431.46159706,  398.27283977],
         [ 421.28292459,  396.7460389 ],
         [ 420.51952415,  384.53163192],
         [ 430.44372982,  371.04489089],
         [ 428.15352851,  385.04056555],
         [ 465.81461667,  405.3979105 ],
         [ 507.54717382,  415.57658298],
         [ 542.91806068,  411.7595808 ],
         [ 550.29759823,  415.83104979],
         [ 564.8022065 ,  412.26851442],
         [ 571.41834361,  407.94257862],
         [ 565.82007375,  415.57658298],
         [ 565.56560694,  420.15698559],
         [ 583.63275059,  419.90251878],
         [ 576.76214666,  415.83104979],
         [ 593.30248944,  411.50511399],
         [ 603.73562873,  411.50511399],
         [ 622.82063962,  417.10338385],
         [ 596.35609118,  449.92960258],
         [ 515.69011181,  427.79098995],
         [ 507.80164064,  426.7731227 ],
         [ 459.70741319,  427.02758951],
         [ 434.76966562,  426.00972227],
         [ 460.21634681,  409.97831311],
         [ 401.94344688,  447.13046765],
         [ 388.20223904,  467.74227942],
         [ 464.03334899,  461.12614231],
         [ 729.76101641,  431.5772324 ],
         [ 728.15032538,  424.86601978],
         [ 723.31825229,  412.78583706],
         [ 724.66049482,  406.34307294],
         [ 720.90221575,  405.80617593],
         [ 713.65410612,  432.38257792],
         [ 680.63494002,  427.55050483],
         [ 686.00391011,  428.62429885],
         [ 658.08526561,  427.01360782],
         [ 665.06492673,  426.20826231],
         [ 653.52164103,  411.71204304],
         [ 658.35371411,  415.20187361],
         [ 660.23285365,  406.34307294],
         [ 661.84354468,  393.18909621],
         [ 648.68956794,  391.57840518],
         [ 657.01147159,  387.5516776 ],
         [ 667.21251477,  386.47788358],
         [ 673.9237274 ,  387.01478059],
         [ 587.75175733,  496.81021909],
         [ 727.403175  ,  418.5236892 ],
         [ 742.27109219,  414.31862171],
         [ 744.22344495,  399.00016157],
         [ 671.68603077,  407.10993458],
         [ 670.33440193,  414.91934563],
         [ 681.14743262,  410.71427814],
         [ 656.06720867,  433.84214933],
         [ 748.87905539,  420.02549901],
         [ 756.83864742,  411.61536404],
         [ 760.74335294,  411.16482109],
         [ 762.39534374,  403.95613397],
         [ 763.44661061,  398.54961862],
         [ 762.39534374,  427.08400515],
         [ 752.63357993,  449.31079045],
         [ 801.29221801,  407.41029655],
         [ 789.57810144,  403.20522906],
         [ 786.5744818 ,  407.41029655],
         [ 808.8012671 ,  408.31138244],
         [ 811.20416281,  388.18713088],
         [ 805.19692354,  414.61898367],
         [ 805.4972855 ,  418.5236892 ],
         [ 809.10162907,  424.53092847],
         [ 777.26326094,  431.43925363],
         [ 765.84950632,  414.91934563],
         [ 740.01837746,  428.13527203],
         [ 748.7288744 ,  428.43563399],
         [ 719.29340198,  447.95916162],
         [ 701.57204614,  423.62984257],
         [ 709.98218111,  426.63346221],
         [ 766.35014109,  445.00748374],
         [ 763.79269853,  497.69080043],
         [ 321.35513609,  435.28920203],
         [ 370.45803319,  409.20328794],
         [ 360.73975148,  394.88160962],
         [ 320.33215907,  378.00248874],
         [ 373.01547575,  393.34714408],
         [ 403.31272374,  505.88863812],
         [ 295.2740352 ,  384.2696675 ],
         [ 305.83647682,  379.74290681],
         [ 218.01731937,  389.70178033],
         [ 196.89243614,  392.41783675],
         [ 205.94595752,  392.1160527 ],
         [ 202.32454897,  397.84994958],
         [ 215.603047  ,  451.5675098 ],
         [ 223.75121625,  433.15868298],
         [ 232.50295359,  427.42478611],
         [ 223.4494322 ,  424.40694564],
         [ 239.44398665,  421.99267328],
         [ 266.00098272,  479.33164205],
         [ 191.76210735,  495.9297646 ],
         [ 324.84887173,  446.13539697],
         [ 349.59516352,  427.12300206],
         [ 390.03422571,  392.71962079],
         [ 311.26858965,  399.05708576],
         [ 307.64718109,  393.92675698],
         [ 296.17938734,  395.73746126],
         [ 292.25619474,  395.13389316],
         [ 307.34539705,  415.05164021],
         [ 299.80079589,  412.93915189],
         [ 304.02577254,  409.61952738],
         [ 341.44699427,  458.50854287],
         [   9.51766454,  423.97522261],
         [   1.18227462,  420.50214348],
         [   1.87689044,  444.11908159],
         [ 179.69854206,  423.97522261],
         [  77.59001555,  406.60982695],
         [  60.22461988,  423.28060679],
         [  19.24228611,  460.0952456 ],
         [  17.85305446,  428.8375334 ],
         [  97.03925869,  428.14291757],
         [  88.00925295,  428.14291757],
         [  93.56617956,  421.19675931],
         [ 253.32781969,  471.90371465],
         [ 513.11413885,  514.27528008],
         [ 372.80174187,  457.31678229],
         [ 459.6287202 ,  405.22059529],
         [ 119.26696515,  411.47213773],
         [ 204.70471182,  428.14291757],
         [ 299.86708007,  430.22676505],
         [ 291.53169015,  428.14291757],
         [ 277.63937362,  432.31061253],
         [ 250.54935638,  433.00522836],
         [ 809.0594318 ,  418.41008115],
         [ 880.15633489,  416.87561561],
         [ 888.08440682,  416.87561561],
         [ 891.40908215,  414.31817306],
         [ 892.17631491,  426.33815307],
         [ 788.08840283,  426.33815307],
         [ 791.92456666,  423.78071052],
         [ 794.99349773,  429.40708414],
         [ 810.84964159,  427.61687435],
         [ 683.74474648,  412.52796326],
         [ 676.32816307,  421.73475647],
         [ 680.1643269 ,  420.45603519],
         [ 490.14634488,  419.43305817],
         [ 520.83565557,  414.31817306],
         [ 535.41307815,  416.3641271 ],
         [ 414.70178944,  412.27221901],
         [ 941.79070053,  393.34714408]]), array([[462]], dtype=uint16))]]
