[[(array([[ 27.09090909, 444.89123377],
         [ 46.01948052, 469.84253247],
         [ 67.52922078, 470.70292208],
         [ 70.97077922, 449.19318182],
         [ 36.55519481, 351.10876623],
         [ 16.76623377, 394.98863636],
         [ 84.73701299, 348.5275974 ],
         [105.38636364, 351.10876623],
         [101.08441558, 336.48214286],
         [146.68506494, 349.38798701],
         [187.98376623, 346.80681818],
         [184.54220779, 336.48214286],
         [217.23701299, 330.45941558],
         [245.62987013, 343.36525974],
         [251.6525974 , 379.50162338],
         [266.27922078, 346.80681818],
         [242.18831169, 302.92694805],
         [215.51623377, 283.13798701],
         [168.19480519, 416.49837662],
         [173.35714286, 431.125     ],
         [202.61038961, 414.7775974 ],
         [213.79545455, 436.28733766],
         [238.74675325, 445.75162338],
         [210.3538961 , 509.42045455],
         [172.49675325, 511.14123377],
         [145.82467532, 526.62824675],
         [127.75649351, 522.3262987 ],
         [111.40909091, 448.33279221],
         [ 99.36363636, 404.45292208],
         [102.80519481, 432.84577922],
         [ 41.71753247, 431.125     ],
         [ 54.62337662, 526.62824675],
         [227.56168831, 521.46590909],
         [244.76948052, 513.7224026 ],
         [278.32467532, 523.18668831],
         [279.18506494, 509.42045455],
         [300.69480519, 495.65422078],
         [311.87987013, 475.00487013],
         [329.94805195, 504.25811688],
         [319.62337662, 524.90746753],
         [305.85714286, 526.62824675],
         [343.71428571, 503.39772727],
         [359.2012987 , 478.44642857],
         [375.5487013 , 479.30681818],
         [357.48051948, 456.0762987 ],
         [390.17532468, 491.35227273],
         [435.77597403, 505.9788961 ],
         [420.28896104, 464.68019481],
         [415.98701299, 414.7775974 ],
         [393.61688312, 406.1737013 ],
         [385.01298701, 426.82305195],
         [370.38636364, 391.54707792],
         [338.55194805, 351.10876623],
         [331.66883117, 384.66396104],
         [316.18181818, 390.68668831],
         [305.85714286, 373.4788961 ],
         [288.64935065, 413.05681818],
         [265.41883117, 422.5211039 ],
         [279.18506494, 310.67045455],
         [304.13636364, 295.18344156],
         [274.02272727, 271.95292208],
         [252.51298701, 268.51136364],
         [279.18506494, 253.02435065],
         [276.6038961 , 216.88798701],
         [298.11363636, 216.88798701],
         [335.11038961, 197.09902597],
         [274.88311688, 197.09902597],
         [336.83116883, 183.33279221],
         [243.0487013 , 101.59577922],
         [336.83116883, 244.42045455],
         [334.25      , 265.93019481],
         [304.99675325, 277.97564935],
         [370.38636364, 318.41396104],
         [420.28896104, 270.23214286],
         [466.75      , 268.51136364],
         [449.54220779, 238.39772727],
         [415.98701299, 220.32954545],
         [384.1525974 , 220.32954545],
         [418.56818182, 187.63474026],
         [441.7987013 , 208.28409091],
         [353.17857143, 282.2775974 ],
         [395.33766234, 322.71590909],
         [415.12662338, 327.01785714],
         [457.28571429, 340.78409091],
         [469.33116883, 331.31980519],
         [460.72727273, 304.64772727],
         [461.58766234, 360.57305195],
         [502.02597403, 338.20292208],
         [526.11688312, 355.41071429],
         [519.23376623, 378.64123377],
         [512.35064935, 408.75487013],
         [484.81818182, 410.47564935],
         [444.37987013, 444.03084416],
         [448.68181818, 462.95941558],
         [471.91233766, 481.88798701],
         [489.98051948, 456.0762987 ],
         [515.79220779, 494.79383117],
         [524.3961039 , 504.25811688],
         [545.04545455, 497.375     ],
         [589.78571429, 479.30681818],
         [569.99675325, 466.40097403],
         [587.20454545, 442.31006494],
         [617.31818182, 472.4237013 ],
         [648.29220779, 489.63149351],
         [588.06493506, 396.70941558],
         [567.41558442, 366.59577922],
         [563.11363636, 354.55032468],
         [632.80519481, 354.55032468],
         [652.59415584, 418.21915584],
         [639.68831169, 410.47564935],
         [658.61688312, 401.01136364],
         [691.31168831, 394.12824675],
         [701.63636364, 378.64123377],
         [696.47402597, 366.59577922],
         [752.39935065, 407.03409091],
         [759.28246753, 373.4788961 ],
         [757.56168831, 357.13149351],
         [745.51623377, 338.20292208],
         [724.00649351, 333.04058442],
         [699.91558442, 310.67045455],
         [668.94155844, 313.25162338],
         [655.17532468, 306.36850649],
         [637.10714286, 331.31980519],
         [656.03571429, 343.36525974],
         [625.06168831, 289.16071429],
         [649.1525974 , 288.30032468],
         [650.01298701, 265.93019481],
         [586.34415584, 282.2775974 ],
         [692.17207792, 253.88474026],
         [724.86688312, 271.95292208],
         [732.61038961, 259.04707792],
         [756.7012987 , 252.16396104],
         [736.05194805, 214.30681818],
         [719.70454545, 220.32954545],
         [719.70454545, 202.26136364],
         [683.56818182, 228.93344156],
         [664.63961039, 228.93344156],
         [648.29220779, 222.91071429],
         [655.17532468, 247.86201299],
         [627.64285714, 222.91071429],
         [613.01623377, 219.46915584],
         [605.27272727, 201.40097403],
         [594.08766234, 219.46915584],
         [584.62337662, 192.79707792],
         [568.27597403, 222.91071429],
         [496.86363636, 222.91071429],
         [483.0974026 , 238.39772727],
         [520.95454545, 217.74837662],
         [535.58116883, 222.91071429],
         [518.37337662, 168.70616883],
         [472.77272727, 159.24188312],
         [382.43181818, 264.20941558],
         [441.7987013 , 160.10227273],
         [562.25324675, 189.35551948],
         [569.13636364, 165.26461039],
         [538.16233766, 117.08279221],
         [515.79220779, 123.10551948],
         [501.16558442, 126.54707792],
         [465.88961039, 117.94318182],
         [457.28571429, 127.40746753],
         [442.65909091, 141.1737013 ],
         [437.49675325, 141.1737013 ],
         [414.26623377, 105.03733766],
         [401.36038961, 102.45616883],
         [394.47727273, 129.12824675],
         [390.17532468, 113.64123377],
         [535.58116883,  92.99188312],
         [525.25649351,  91.2711039 ],
         [505.46753247,  95.57305195],
         [467.61038961,  85.24837662],
         [563.11363636,  26.74188312],
         [534.72077922,  15.55681818],
         [576.01948052,  18.99837662],
         [582.04220779,   5.23214286],
         [554.50974026,   8.6737013 ],
         [627.64285714,   3.51136364],
         [651.73376623,  39.64772727],
         [688.73051948,  23.30032468],
         [693.89285714,  45.67045455],
         [728.30844156,  35.34577922],
         [731.75      ,  18.13798701],
         [769.60714286,   2.65097403],
         [792.83766234,  23.30032468],
         [783.37337662,  66.31980519],
         [764.44480519,  35.34577922],
         [742.93506494,  68.90097403],
         [717.12337662,  74.9237013 ],
         [701.63636364,  80.94642857],
         [660.33766234, 103.31655844],
         [675.82467532, 107.61850649],
         [650.87337662,  97.29383117],
         [642.26948052,  79.22564935],
         [648.29220779, 111.06006494],
         [631.94480519, 115.36201299],
         [618.17857143, 102.45616883],
         [607.8538961 ,  99.875     ],
         [613.87662338, 129.12824675],
         [616.45779221, 138.59253247],
         [682.70779221, 141.1737013 ],
         [712.82142857, 148.91720779],
         [705.07792208, 183.33279221],
         [747.23701299, 166.98538961],
         [779.07142857, 165.26461039],
         [775.62987013, 204.84253247],
         [794.55844156, 111.92045455],
         [792.83766234,  88.68993506],
         [767.88636364,  97.29383117],
         [753.25974026, 105.03733766],
         [742.93506494,  99.875     ],
         [711.10064935, 101.59577922],
         [595.80844156, 169.56655844],
         [601.83116883, 178.17045455],
         [630.22402597, 213.44642857],
         [ 28.81168831, 345.08603896],
         [  5.58116883, 367.45616883],
         [400.5       , 526.62824675]]), array([[216]], dtype=uint8))]]
