[[(array([[ 85.5       , 373.71428571],
         [ 36.21428571, 394.42857143],
         [ 40.5       , 358.        ],
         [ 71.21428571, 335.85714286],
         [ 56.21428571, 311.57142857],
         [ 68.35714286, 278.        ],
         [ 93.35714286, 289.42857143],
         [ 39.78571429, 291.57142857],
         [123.35714286, 368.        ],
         [202.64285714, 388.        ],
         [230.5       , 387.28571429],
         [245.5       , 343.71428571],
         [194.78571429, 339.42857143],
         [158.35714286, 328.        ],
         [144.78571429, 325.85714286],
         [132.64285714, 301.57142857],
         [158.35714286, 274.42857143],
         [179.07142857, 268.        ],
         [141.21428571, 240.85714286],
         [183.35714286, 240.85714286],
         [194.78571429, 233.        ],
         [219.07142857, 236.57142857],
         [214.07142857, 274.42857143],
         [218.35714286, 311.57142857],
         [248.35714286, 299.42857143],
         [288.35714286, 324.42857143],
         [303.35714286, 285.14285714],
         [336.92857143, 296.57142857],
         [354.07142857, 324.42857143],
         [369.78571429, 393.        ],
         [364.07142857, 375.14285714],
         [409.78571429, 348.        ],
         [372.64285714, 433.        ],
         [449.78571429, 401.57142857],
         [569.07142857, 440.85714286],
         [536.21428571, 427.28571429],
         [499.78571429, 395.14285714],
         [490.5       , 359.42857143],
         [484.78571429, 306.57142857],
         [439.07142857, 309.42857143],
         [403.35714286, 300.14285714],
         [407.64285714, 274.42857143],
         [387.64285714, 264.42857143],
         [314.78571429, 264.42857143],
         [276.21428571, 244.42857143],
         [256.92857143, 255.85714286],
         [239.07142857, 264.42857143],
         [250.5       , 236.57142857],
         [350.5       , 239.42857143],
         [361.21428571, 223.        ],
         [351.21428571, 219.42857143],
         [368.35714286, 195.14285714],
         [414.78571429, 241.57142857],
         [428.35714286, 239.42857143],
         [576.92857143, 330.85714286],
         [538.35714286, 273.        ],
         [546.92857143, 256.57142857],
         [519.07142857, 239.42857143],
         [636.21428571, 413.71428571],
         [625.5       , 375.14285714],
         [569.78571429, 379.42857143],
         [689.07142857, 400.85714286],
         [685.5       , 355.14285714],
         [651.92857143, 343.        ],
         [613.35714286, 298.        ],
         [633.35714286, 276.57142857],
         [675.5       , 288.        ],
         [669.07142857, 238.        ],
         [447.64285714, 256.57142857],
         [221.21428571, 105.85714286],
         [296.92857143, 103.        ],
         [206.92857143, 175.85714286],
         [ 72.64285714, 180.14285714],
         [ 56.21428571, 175.14285714],
         [ 46.21428571, 173.        ],
         [ 29.78571429, 170.14285714],
         [  9.07142857, 168.71428571],
         [  6.92857143, 155.85714286],
         [ 93.35714286, 249.42857143],
         [ 69.07142857, 243.        ],
         [ 51.92857143, 233.        ],
         [ 44.07142857, 241.57142857],
         [ 29.78571429, 250.85714286],
         [ 30.5       , 263.        ],
         [ 16.21428571, 250.14285714],
         [ 16.21428571, 230.85714286],
         [  9.78571429, 283.        ],
         [ 19.07142857, 275.85714286],
         [286.21428571, 230.14285714],
         [302.64285714, 253.        ],
         [394.78571429, 213.        ],
         [391.92857143, 233.        ],
         [377.64285714, 233.        ],
         [450.5       , 261.57142857],
         [448.35714286, 240.85714286],
         [460.5       , 240.85714286],
         [462.64285714, 224.42857143],
         [461.21428571, 206.57142857],
         [442.64285714, 198.        ],
         [441.21428571, 185.14285714],
         [428.35714286, 180.14285714],
         [414.07142857, 173.71428571],
         [414.78571429, 189.42857143],
         [368.35714286, 193.        ],
         [467.64285714, 180.14285714],
         [606.92857143, 215.14285714],
         [577.64285714, 210.85714286],
         [557.64285714, 229.42857143],
         [540.5       , 218.        ],
         [529.78571429, 210.14285714],
         [524.78571429, 199.42857143],
         [504.07142857, 208.        ],
         [491.21428571, 199.42857143],
         [513.35714286, 165.14285714],
         [506.92857143, 150.14285714],
         [578.35714286, 185.85714286],
         [556.21428571, 177.28571429],
         [597.64285714, 198.        ],
         [585.5       , 194.42857143],
         [564.78571429, 209.42857143],
         [620.5       , 181.57142857],
         [649.78571429, 189.42857143],
         [645.5       , 214.42857143],
         [685.5       , 211.57142857],
         [698.35714286, 305.85714286],
         [ 61.92857143, 218.35714286],
         [ 95.14285714, 226.92857143],
         [157.64285714, 216.57142857],
         [190.14285714, 214.07142857],
         [ 39.07142857, 218.35714286],
         [  9.78571429, 215.85714286],
         [325.85714286, 232.64285714],
         [338.71428571, 213.35714286],
         [488.        , 253.        ],
         [419.42857143, 215.85714286],
         [533.        , 238.35714286],
         [549.78571429, 191.92857143],
         [515.14285714, 181.21428571],
         [256.92857143, 228.        ],
         [240.5       , 240.85714286],
         [207.64285714, 220.85714286],
         [249.07142857, 216.57142857],
         [610.5       , 281.57142857],
         [564.48601399, 194.53846154],
         [370.08041958, 453.97902098]]), array([[145]], dtype=uint8))]]
