[[(array([[ 837.76407436,  737.69004329],
         [ 940.0402139 ,  637.5299618 ],
         [ 742.54146168,  664.33336389],
         [ 684.70254138,  750.38639165],
         [ 595.12275019,  745.44892284],
         [ 391.27582378,  709.47593583],
         [ 468.15926662,  612.84261777],
         [ 566.90864273,  638.94066718],
         [ 641.6760275 ,  614.95867583],
         [ 585.95316527,  543.71805449],
         [ 686.11324675,  521.14676853],
         [ 786.97868093,  595.9141533 ],
         [ 846.93365928,  552.88763942],
         [ 968.95967405,  555.70905017],
         [ 985.18278584,  504.21830405],
         [ 932.98668704,  503.51295136],
         [ 961.2007945 ,  456.95967405],
         [ 992.94166539,  435.09374077],
         [ 958.37938375,  393.47793226],
         [ 872.326356  ,  404.76357525],
         [ 795.44291317,  395.59399032],
         [ 858.21930227,  453.43291062],
         [ 990.12025465,  389.95116883],
         [ 995.05772345,  306.71955182],
         [ 964.02220525,  255.2288057 ],
         [ 953.44191495,  220.66652406],
         [ 920.29033868,  255.93415839],
         [ 927.34386555,  205.14876496],
         [ 966.84361599,  179.75606825],
         [ 986.59349121,  141.66702317],
         [ 985.18278584,  231.95216705],
         [ 982.3613751 ,  210.79158645],
         [ 922.40639674,  150.8366081 ],
         [ 905.47793226,  190.33635854],
         [ 868.79959256,  233.36287242],
         [ 859.63000764,  262.28233257],
         [ 869.50494525,  205.14876496],
         [ 843.40689585,  227.01469824],
         [ 874.44241406,  183.28283168],
         [ 834.94266361,  186.10424242],
         [ 809.5499669 ,  234.77357779],
         [ 803.20179272,  274.97868093],
         [ 819.42490451,  325.76407436],
         [ 742.54146168,  382.19228928],
         [ 695.98818436,  380.78158391],
         [ 709.38988541,  440.73656226],
         [ 759.46992615,  499.28083524],
         [ 792.62150242,  497.87012987],
         [ 614.87262541,  447.08473644],
         [ 668.47942959,  447.79008913],
         [ 677.64901451,  357.50494525],
         [ 632.50644258,  328.5854851 ],
         [ 588.06922333,  332.11224854],
         [ 553.50694169,  382.89764197],
         [ 537.2838299 ,  424.51345047],
         [ 492.84661064,  461.89714286],
         [ 458.98968169,  377.25482047],
         [ 487.20378915,  376.54946779],
         [ 425.13275274,  507.0397148 ],
         [ 439.23980647,  579.69104151],
         [ 341.90113573,  557.82510823],
         [ 254.4374026 ,  576.86963076],
         [ 220.58047364,  627.65502419],
         [ 134.52744589,  635.41390374],
         [  27.31383754,  653.04772091],
         [ 109.13474917,  759.55597657],
         [  92.2062847 ,  581.80709957],
         [  19.55495798,  565.58398778],
         [ 125.35786096,  455.54896868],
         [  55.527945  ,  504.21830405],
         [  84.44740514,  440.73656226],
         [  36.48342246,  403.35286988],
         [  99.96516425,  385.71905271],
         [ 157.80408454,  366.67453018],
         [ 210.70553603,  415.34386555],
         [ 188.13425006,  413.93316017],
         [ 271.36586707,  357.50494525],
         [ 331.32084543,  375.8441151 ],
         [ 322.1512605 ,  328.5854851 ],
         [ 409.61499363,  325.76407436],
         [ 451.93615483,  306.71955182],
         [ 492.14125796,  303.19278839],
         [ 530.23030303,  303.19278839],
         [ 555.62299975,  271.45191749],
         [ 576.78358034,  275.68403361],
         [ 647.31884899,  285.55897122],
         [ 623.33685765,  266.51444869],
         [ 596.53345556,  258.75556914],
         [ 655.07772855,  241.12175197],
         [ 672.71154571,  243.23781003],
         [ 705.15776929,  284.14826585],
         [ 725.6129972 ,  332.11224854],
         [ 739.72005093,  291.20179272],
         [ 761.58598421,  217.84511332],
         [ 777.809096  ,  171.29183601],
         [ 825.067726  ,  145.89913929],
         [ 844.81760122,  136.72955437],
         [ 794.73756048,  128.26532213],
         [ 772.8716272 ,  121.21179526],
         [ 747.47893048,  138.84561243],
         [ 710.0952381 ,  128.26532213],
         [ 688.9346575 ,  138.84561243],
         [ 705.15776929,  168.47042526],
         [ 700.92565317,  215.72905526],
         [ 755.94316272,  313.77307869],
         [ 832.12125286,  253.11274764],
         [ 627.56897377,  147.30984467],
         [ 635.32785332,  125.44391138],
         [ 604.9976878 ,  144.48843392],
         [ 645.20279093,  174.81859944],
         [  25.90313216,  120.50644258],
         [  56.23329768,  131.79208556],
         [  78.80458365,  120.50644258],
         [  86.5634632 ,  160.00619302],
         [  75.98317291,  180.46142093],
         [  47.06371276,  185.39888974],
         [  32.95665903,  190.33635854],
         [  20.96566336,  198.80059078],
         [  42.83159664,  204.44341227],
         [  61.87611917,  260.16627451],
         [  72.45640947,  341.28183346],
         [ 140.87562007,  269.33585943],
         [ 150.75055768,  301.78208302],
         [ 131.00068245,  219.25581869],
         [ 197.30383499,  228.42540362],
         [ 219.16976827,  231.95216705],
         [ 182.49142857,  192.4524166 ],
         [ 173.32184365,  176.9346575 ],
         [ 158.50943723,  160.00619302],
         [ 140.87562007,  133.20279093],
         [ 200.12524573,  126.85461676],
         [ 241.03570155,  128.97067482],
         [ 164.85761141,  126.85461676],
         [ 263.60698752,  125.44391138],
         [ 298.16926916,  143.07772855],
         [ 281.24080469,  183.98818436],
         [ 332.02619812,  135.31884899],
         [ 318.62449707,  160.71154571],
         [ 312.98167558,  246.05922078],
         [ 269.9551617 ,  279.21079705],
         [ 339.07972498,  290.49644003],
         [ 386.33835498,  259.46092182],
         [ 412.43640438,  290.49644003],
         [ 402.56146677,  277.80009167],
         [ 415.25781513,  234.77357779],
         [ 384.92764961,  224.1932875 ],
         [ 391.27582378,  174.81859944],
         [ 360.24030558,  160.00619302],
         [ 401.85611408,  143.07772855],
         [ 435.71304304,  139.55096511],
         [ 427.95416348,  186.10424242],
         [ 473.09673542,  217.84511332],
         [ 478.03420423,  160.71154571],
         [ 502.01619557,  173.40789407],
         [ 524.58748154,  183.28283168],
         [ 537.2838299 ,  183.98818436],
         [ 508.36436975,  229.83610899],
         [ 585.95316527,  182.57747899],
         [ 584.54245989,  164.23830914],
         [ 567.61399542,  135.31884899],
         [ 543.63200407,  150.8366081 ],
         [ 508.36436975,  136.72955437],
         [ 616.28333079,  183.98818436],
         [ 667.7740769 ,  139.55096511],
         [ 312.27632289,  120.50644258],
         [ 391.98117647,  119.0957372 ],
         [ 365.17777438,  117.68503183],
         [ 114.07221798,  153.65801884],
         [ 101.37586962,  212.90764451],
         [ 131.70603514,  186.10424242],
         [ 192.36636618,  329.99619048],
         [  35.77806977,  250.2913369 ],
         [ 373.64200662,  434.38838808],
         [ 583.13175452,  449.2007945 ],
         [  68.92964604,  221.37187675],
         [ 631.0957372 ,  215.02370257],
         [ 516.82860199,  262.98768526],
         [ 234.93822838,   72.03863655],
         [ 191.10559715,   84.13039689],
         [ 252.47128088,   77.17763469],
         [ 312.02320055,   97.73362727],
         [ 298.41997017,   69.01569646],
         [ 324.71954891,   77.17763469],
         [ 362.20400597,   96.22215723],
         [ 413.2916934 ,  120.70797192],
         [ 104.0449227 ,  107.10474153],
         [ 121.27568118,  104.68638946],
         [ 146.36608389,  109.82538761],
         [  93.4646324 ,   80.50286878],
         [  78.95451999,   57.83081815],
         [ 162.08537233,   60.55146422],
         [ 186.57118702,   62.36522827],
         [ 204.10423951,   61.15605224],
         [ 464.89474969,  102.83343915],
         [ 420.55197938,   99.07557726],
         [ 395.7500909 ,  105.08815629],
         [ 445.35386786,   86.29884683],
         [ 475.41676299,   66.00639262],
         [ 525.77211233,  100.57872202],
         [ 506.98280288,  102.83343915],
         [ 593.41362637,   89.30513635],
         [ 558.84129697,  111.85230769],
         [ 948.90736128,  102.83343915],
         [ 963.18723647,   69.01268213],
         [ 896.2972948 ,   98.32400488],
         [ 852.70609687,   83.29255732],
         [ 817.38219509,   91.55985348],
         [ 788.07087234,   92.31142586],
         [ 753.49854294,  102.83343915],
         [ 725.69036494,   78.78312305],
         [ 703.1431936 ,   75.02526116],
         [ 677.58973274,   72.01897165],
         [ 687.36017365,   99.82714964],
         [ 652.03627188,  103.58501153],
         [ 658.0488509 ,   82.54098494],
         [ 657.29727852,   65.25482024],
         [ 605.43878443,   69.76425451],
         [ 790.32558947,   66.757965  ],
         [ 758.00797721,   56.98752408],
         [ 899.30358432,   63.75167549],
         [1002.26900014,   60.74538597],
         [ 869.99226157,   57.73909646],
         [ 900.0551567 ,  322.2925736 ],
         [ 919.59603853,  235.11017772],
         [ 555.83500746,   69.01268213],
         [ 548.31928368,   58.49066884],
         [ 615.20922534,  116.36174196],
         [ 194.0175959 ,   36.12225518],
         [ 147.2196233 ,   40.28207496],
         [ 112.90111007,   35.08230023],
         [  86.90223641,   26.76266066],
         [  46.34399349,   59.001264  ],
         [  22.42502972,   50.68162443],
         [  22.42502972,   31.96243539],
         [ 148.25957825,   66.28094863],
         [ 165.93881234,   92.27982229],
         [ 158.65912771,   82.92022777],
         [ 259.53475752,   33.00239034],
         [ 218.97651461,   41.32202991],
         [ 287.61354108,   24.68275077],
         [ 279.29390151,   59.001264  ],
         [ 204.41714536,   19.48297603],
         [ 132.66025405,   24.68275077],
         [  54.66363306,   28.84257055],
         [ 307.37268506,   33.00239034],
         [ 332.33160378,   23.64279582],
         [ 392.64899068,   36.12225518],
         [ 394.72890057,   68.36085852],
         [ 428.00745886,   37.16221012],
         [ 430.08736875,   70.44076841],
         [ 470.64561166,   22.60284087],
         [ 514.32371942,   40.28207496],
         [ 594.4002503 ,   49.64166948],
         [ 602.71988987,   38.20216507],
         [ 585.04065578,   22.60284087],
         [ 555.92191728,   23.64279582],
         [ 529.92304361,   33.00239034],
         [ 655.75759214,   46.52180464],
         [ 676.55669107,   46.52180464],
         [ 727.51448345,   37.16221012],
         [ 743.11380765,   35.08230023],
         [ 811.75083412,   29.8825255 ],
         [ 850.22916714,   42.36198486],
         [ 927.18583318,   48.60171454],
         [ 977.10367061,   56.92135411],
         [ 993.74294975,   44.44189475],
         [ 977.10367061,   97.47959702],
         [ 456.08624241,  230.59383017],
         [ 567.36142169,  218.11437082],
         [ 539.28263813,  232.67374007]]), array([[270]], dtype=uint16))]]
