[[(array([[ 35.96053946, 163.38461538],
         [ 35.96053946, 146.6973027 ],
         [ 15.56493506, 172.19180819],
         [ 68.87162837, 168.48351648],
         [ 59.13736264, 147.16083916],
         [ 50.79370629, 134.18181818],
         [ 43.37712288, 122.12987013],
         [ 61.45504496, 107.76023976],
         [ 67.94455544, 130.93706294],
         [ 51.25724276,  95.24475524],
         [ 67.01748252,  83.19280719],
         [ 75.82467532,  79.48451548],
         [ 70.26223776,  73.92207792],
         [ 67.48101898,  66.96903097],
         [ 67.48101898,  58.62537463],
         [  6.29420579,  76.23976024],
         [ 36.42407592,  74.38561439],
         [ 48.47602398,  74.38561439],
         [ 53.11138861,  68.82317682],
         [ 56.81968032,  13.1988012 ],
         [ 37.81468531,  22.00599401],
         [ 46.15834166,  16.90709291],
         [ 52.18431568,  22.93306693],
         [ 78.14235764,  61.40659341],
         [ 79.53296703,  66.96903097],
         [ 84.16833167,  68.35964036],
         [ 82.31418581,  73.92207792],
         [ 95.75674326,  78.09390609],
         [102.70979021,  88.75524476],
         [105.95454545,  76.23976024],
         [ 93.9025974 ,  91.53646354],
         [103.63686314,  98.02597403],
         [113.83466533,  98.48951049],
         [111.98051948, 111.46853147],
         [ 98.53796204, 111.46853147],
         [106.88161838, 142.06193806],
         [127.74075924, 152.25974026],
         [129.13136863, 139.28071928],
         [139.79270729, 156.8951049 ],
         [156.48001998, 142.52547453],
         [140.25624376, 148.55144855],
         [155.08941059, 155.5044955 ],
         [164.82367632, 124.44755245],
         [150.91758242, 123.05694306],
         [132.37612388, 113.78621379],
         [145.35514486,  94.78121878],
         [132.37612388,  95.70829171],
         [124.95954046, 103.58841159],
         [125.42307692,  70.67732268],
         [120.32417582,  55.84415584],
         [111.51698302,  62.33366633],
         [ 99.46503497,  57.6983017 ],
         [ 87.41308691,  57.23476523],
         [ 91.58491508,  51.67232767],
         [ 83.24125874,  46.10989011],
         [ 88.34015984,  41.01098901],
         [ 92.97552448,  37.76623377],
         [ 79.9965035 ,  26.17782218],
         [ 68.40809191,  16.90709291],
         [ 71.18931069,   9.95404595],
         [ 85.55894106,  21.54245754],
         [ 92.51198801,  19.68831169],
         [ 91.12137862,  13.1988012 ],
         [ 81.38711289,   5.78221778],
         [102.24625375,   4.39160839],
         [108.27222777,   8.0999001 ],
         [104.1003996 ,  24.32367632],
         [ 99.92857143,  29.88611389],
         [ 97.14735265,  48.42757243],
         [104.56393606,  41.01098901],
         [111.51698302,  21.07892108],
         [126.35014985,  15.98001998],
         [122.17832168,  10.88111888],
         [121.25124875,   3.92807193],
         [136.54795205,   8.56343656],
         [130.98551449,  22.46953047],
         [123.10539461,  24.32367632],
         [124.03246753,  35.91208791],
         [111.98051948,  50.28171828],
         [124.95954046,  43.32867133],
         [133.76673327,  54.91708292],
         [127.27722278,  48.89110889],
         [134.69380619,  41.47452547],
         [137.47502498,  34.52147852],
         [144.89160839,  31.74025974],
         [141.64685315,  32.66733267],
         [145.35514486,  42.86513487],
         [151.84465534,  44.25574426],
         [148.13636364,  54.45354645],
         [137.93856144,  65.57842158],
         [144.42807193,  71.6043956 ],
         [144.42807193,  85.04695305],
         [153.23526474,  73.92207792],
         [161.57892108,  60.47952048],
         [173.63086913,  53.52647353],
         [167.6048951 ,  53.99000999],
         [160.18831169,  41.47452547],
         [151.84465534,  23.86013986],
         [151.84465534,  12.73526474],
         [145.35514486,  10.88111888],
         [187.07342657, 123.98401598],
         [178.72977023, 111.004995  ],
         [156.94355644, 104.97902098],
         [164.36013986, 111.93206793],
         [170.84965035,  97.56243756],
         [167.6048951 ,  83.65634366],
         [180.58391608,  89.68231768],
         [187.07342657,  85.51048951],
         [173.16733267,  68.82317682],
         [186.14635365,  61.40659341],
         [200.97952048,  70.67732268],
         [192.63586414, 105.44255744],
         [186.14635365,  99.88011988],
         [207.46903097, 114.71328671],
         [202.83366633, 126.3016983 ],
         [203.76073926, 133.25474525],
         [208.85964036, 143.91608392],
         [221.37512488, 150.40559441],
         [207.00549451, 171.72827173],
         [167.6048951 , 171.72827173],
         [229.71878122, 130.93706294],
         [225.54695305, 123.05694306],
         [219.98451548,  99.41658342],
         [219.05744256,  76.23976024],
         [210.71378621,  75.77622378],
         [207.00549451,  85.04695305],
         [206.54195804,  60.47952048],
         [197.27122877,  53.99000999],
         [185.68281718,  52.13586414],
         [180.58391608,  41.47452547],
         [188.0004995 ,  43.79220779],
         [188.92757243,  37.3026973 ],
         [173.63086913,  36.37562438],
         [175.02147852,  25.71428571],
         [175.94855145,  17.83416583],
         [162.96953047,  20.15184815],
         [162.50599401,  10.41758242],
         [170.38611389,  11.34465534],
         [170.84965035,   5.78221778],
         [178.72977023,   9.02697303],
         [185.68281718,  12.73526474],
         [185.21928072,  20.61538462],
         [194.02647353,  20.15184815],
         [193.56293706,  29.88611389],
         [202.37012987,  31.74025974],
         [202.83366633,  20.15184815],
         [197.27122877,  10.88111888],
         [144.89160839,  26.64135864],
         [215.34915085,  50.74525475],
         [197.73476523,  61.40659341],
         [210.25024975,  41.01098901],
         [199.12537463,  42.86513487],
         [282.0984016 , 138.35364635],
         [270.50999001, 168.01998002],
         [239.91658342, 129.54645355],
         [249.18731269, 122.59340659],
         [248.72377622, 111.93206793],
         [245.94255744,  88.29170829],
         [236.20829171,  80.41158841],
         [227.4010989 ,  70.67732268],
         [228.32817183,  59.55244755],
         [232.5       ,  16.44355644],
         [236.67182817,   9.02697303],
         [254.74975025,  12.27172827],
         [264.94755245,  11.34465534],
         [265.41108891,  24.32367632],
         [276.9995005 ,  18.2977023 ],
         [277.92657343,  11.80819181],
         [275.60889111,   4.85514486],
         [260.31218781,   5.78221778],
         [238.06243756,  40.54745255],
         [228.79170829,  48.42757243],
         [221.37512488,  55.84415584],
         [236.67182817,  53.06293706],
         [239.45304695,  66.50549451],
         [244.08841159,  61.40659341],
         [254.74975025,  52.5994006 ],
         [250.57792208,  61.40659341],
         [247.33316683,  76.7032967 ],
         [265.87462537,  74.38561439],
         [267.72877123,  55.84415584],
         [258.45804196,  62.33366633],
         [276.53596404,  58.16183816],
         [273.75474525,  72.06793207],
         [259.84865135,  82.72927073],
         [267.72877123,  86.9010989 ],
         [275.14535465, 110.07792208],
         [281.63486513,  94.31768232],
         [264.94755245, 100.34365634],
         [259.38511489, 107.76023976],
         [253.82267732,  98.48951049],
         [278.85364635, 124.44755245],
         [291.83266733, 119.81218781],
         [308.98351648, 161.06693307],
         [310.37412587, 130.93706294],
         [323.35314685, 126.3016983 ],
         [328.45204795, 121.66633367],
         [328.45204795, 105.90609391],
         [319.64485514, 104.51548452],
         [311.76473526,  90.60939061],
         [302.03046953,  85.97402597],
         [304.81168831,  52.13586414],
         [284.87962038,  29.42257742],
         [295.07742258,  21.54245754],
         [315.93656344,  22.46953047],
         [317.79070929,  55.84415584],
         [326.13436563,  53.52647353],
         [336.7957043 ,  47.5004995 ],
         [320.57192807,  42.4015984 ],
         [347.45704296,  73.92207792],
         [337.72277722,  81.33866134],
         [345.13936064,  99.41658342],
         [340.96753247, 117.95804196],
         [349.77472527, 132.79120879],
         [335.40509491, 140.20779221],
         [336.33216783, 150.86913087],
         [341.89460539, 157.82217782],
         [333.08741259, 164.31168831],
         [363.68081918, 154.11388611],
         [367.85264735, 159.67632368],
         [397.51898102, 165.23876124],
         [397.51898102, 154.11388611],
         [393.81068931, 147.16083916],
         [372.95154845, 141.13486513],
         [361.36313686, 131.86413586],
         [361.36313686, 120.73926074],
         [371.0974026 ,  92.46353646],
         [361.82667333,  55.84415584],
         [395.2012987 , 114.24975025],
         [411.42507493, 153.18681319],
         [407.25324675, 130.47352647],
         [425.33116883, 124.44755245],
         [421.15934066, 120.73926074],
         [435.99250749, 158.28571429],
         [454.07042957, 122.12987013],
         [458.70579421,  97.56243756],
         [414.66983017,  93.39060939],
         [385.0034965 , 104.97902098],
         [386.85764236,  65.57842158],
         [372.02447552,  63.26073926],
         [344.67582418,  57.23476523],
         [328.91558442,  61.87012987],
         [158.7977023 ,   3.92807193]]), array([[243]], dtype=uint8))]]
