[[(array([[ 35.8117506 , 234.35731415],
         [ 25.40407674, 234.60511591],
         [ 28.87330136, 216.26778577],
         [ 12.27058353, 217.25899281],
         [ 21.68705036, 206.85131894],
         [  5.57993605, 203.38209432],
         [ 51.42326139, 212.55075939],
         [ 69.26498801, 217.75459632],
         [ 65.79576339, 246.74740208],
         [ 99.2490008 , 252.19904077],
         [128.48960831, 255.42046363],
         [246.69104716, 270.28856914],
         [216.21143086, 260.62430056],
         [242.72621902, 240.55235811],
         [199.11310951, 236.09192646],
         [175.57194245, 241.29576339],
         [150.79176659, 263.59792166],
         [138.64948042, 228.90567546],
         [161.94284572, 250.71223022],
         [161.94284572, 224.19744205],
         [216.70703437, 233.61390887],
         [225.87569944, 224.4452438 ],
         [239.75259792, 227.66666667],
         [239.50479616, 212.30295763],
         [212.99000799, 214.2853717 ],
         [193.66147082, 208.83373301],
         [182.75819345, 197.93045564],
         [114.86051159, 218.99360512],
         [ 98.25779376, 229.15347722],
         [ 84.62869704, 213.29416467],
         [104.20503597, 196.9392486 ],
         [ 88.59352518, 195.45243805],
         [134.43685052, 202.14308553],
         [216.95483613, 198.17825739],
         [233.55755396, 200.16067146],
         [258.83333333, 207.0991207 ],
         [ 72.73421263, 188.26618705],
         [ 76.45123901, 183.06235012],
         [  4.58872902, 184.05355715],
         [  3.34972022, 179.5931255 ],
         [  7.56235012, 174.63709033],
         [ 12.76618705, 178.35411671],
         [ 63.3177458 , 180.83213429],
         [118.57753797, 190.49640288],
         [122.79016787, 180.83213429],
         [113.86930456, 180.08872902],
         [127.00279776, 194.70903277],
         [132.45443645, 191.98321343],
         [163.42965627, 191.73541167],
         [114.36490807, 167.45083933],
         [ 93.05395683, 184.30135891],
         [105.19624301, 186.7793765 ],
         [ 89.58473221, 176.37170264],
         [179.04116707, 177.36290967],
         [196.88289369, 181.07993605],
         [195.89168665, 193.9656275 ],
         [186.22741807, 187.52278177],
         [262.55035971, 190.00079936],
         [255.85971223, 174.14148681],
         [ 46.21942446, 167.20303757],
         [275.06434852, 245.75619504],
         [306.78297362, 260.12869704],
         [337.26258993, 266.32374101],
         [381.61910472, 244.02158273],
         [411.60311751, 251.95123901],
         [365.26418865, 236.33972822],
         [324.872502  , 221.4716227 ],
         [337.75819345, 221.71942446],
         [276.79896083, 212.05515588],
         [286.95883293, 207.0991207 ],
         [310.5       , 199.41726619],
         [271.84292566, 180.83213429],
         [274.81654676, 172.90247802],
         [272.58633094, 167.20303757],
         [281.25939249, 166.70743405],
         [294.64068745, 178.60191847],
         [317.686251  , 172.65467626],
         [336.51918465, 167.69864109],
         [342.2186251 , 202.14308553],
         [329.08513189, 197.93045564],
         [334.28896882, 184.54916067],
         [317.19064748, 182.31894484],
         [324.62470024, 178.84972022],
         [346.18345324, 168.1942446 ],
         [351.38729017, 168.68984812],
         [355.84772182, 171.91127098],
         [359.31694644, 179.5931255 ],
         [360.06035172, 190.74420464],
         [372.20263789, 195.20463629],
         [374.18505196, 206.10791367],
         [457.44644285, 271.03197442],
         [426.71902478, 227.17106315],
         [447.5343725 , 209.57713829],
         [411.10751399, 208.58593125],
         [406.64708233, 197.68265388],
         [387.56634692, 216.51558753],
         [442.08273381, 168.1942446 ],
         [458.56155076, 249.22541966],
         [493.74940048, 244.26938449],
         [536.37130296, 260.62430056],
         [578.24980016, 284.66107114],
         [534.88449241, 215.5243805 ],
         [546.53117506, 219.73701039],
         [571.55915268, 222.95843325],
         [576.76298961, 209.57713829],
         [491.02358114, 216.51558753],
         [512.58233413, 197.18705036],
         [544.54876099, 163.98161471],
         [523.23780975, 163.23820943],
         [497.46642686, 207.0991207 ],
         [504.90047962, 203.13429257],
         [250.0363709 , 191.48760991],
         [221.04356515, 181.57553957],
         [228.47761791, 178.60191847],
         [208.40567546, 164.47721823],
         [174.45683453, 170.67226219],
         [183.6254996 , 169.92885691],
         [177.18265388, 162.2470024 ],
         [169.2529976 , 167.94644285],
         [165.28816946, 174.38928857],
         [158.59752198, 179.5931255 ],
         [148.43764988, 186.53157474],
         [152.65027978, 164.22941647],
         [240.12430056, 171.16786571],
         [371.70703437, 189.7529976 ],
         [382.85811351, 168.1942446 ],
         [482.47442046, 161.75139888],
         [304.55275779, 123.71382894],
         [272.83413269, 128.66986411],
         [215.3441247 , 131.64348521],
         [231.20343725, 131.14788169],
         [128.11790568, 135.11270983],
         [132.57833733, 131.14788169],
         [134.5607514 , 134.1215028 ],
         [ 80.04436451, 136.59952038],
         [ 59.7246203 , 142.05115907],
         [ 66.66306954, 141.05995204],
         [163.3057554 , 144.03357314],
         [170.24420464, 145.52038369],
         [163.80135891, 149.98081535],
         [158.84532374, 148.98960831],
         [157.35851319, 145.02478018],
         [151.9068745 , 143.53796962],
         [190.06834532, 145.52038369],
         [196.01558753, 145.52038369],
         [377.40647482, 152.45883293],
         [387.31854516, 155.92805755],
         [322.39448441, 150.47641886],
         [ 60.22022382, 164.84892086],
         [ 13.13788969, 159.89288569],
         [ 10.56493506, 153.7022977 ],
         [ 19.85564436, 153.39260739],
         [ 31.62387612, 157.10889111],
         [ 28.21728272, 149.67632368],
         [ 27.5979021 , 144.72127872],
         [ 30.38511489, 139.45654346],
         [ 21.4040959 , 140.07592408],
         [ 12.42307692, 143.17282717],
         [111.83366633, 158.34765235],
         [523.56693307, 145.03096903],
         [521.70879121, 143.79220779],
         [511.7987013 , 145.03096903],
         [544.00649351, 145.65034965],
         [579.31118881, 165.47052947],
         [584.88561439, 164.85114885],
         [603.46703297, 158.03796204],
         [590.46003996, 158.65734266],
         [619.57092907, 171.66433566],
         [592.31818182, 172.28371628],
         [604.08641359, 181.57442557],
         [597.89260739, 184.67132867],
         [616.47402597, 184.05194805],
         [607.8026973 , 166.08991009],
         [470.3001998 , 156.17982018],
         [461.62887113, 156.7992008 ],
         [200.25024975, 156.7992008 ],
         [189.72077922, 158.03796204],
         [190.95954046, 153.7022977 ],
         [219.60589411, 170.73526474],
         [209.07642358, 176.        ],
         [114.31118881, 236.6993007 ],
         [204.12137862, 139.45654346],
         [209.6958042 , 139.14685315],
         [199.47602398, 136.97902098],
         [349.52097902, 159.27672328],
         [330.62987013, 159.8961039 ],
         [365.31518482, 143.17282717],
         [398.14235764, 158.34765235],
         [612.13836164, 221.83416583],
         [607.8026973 , 202.63336663],
         [584.88561439, 257.13886114],
         [ 41.68881119, 180.95504496],
         [ 86.28421578, 147.50849151],
         [ 89.38111888, 141.93406593],
         [ 72.65784216, 145.65034965],
         [ 76.99350649, 159.8961039 ],
         [107.34315684, 171.04495504],
         [102.38811189, 165.47052947],
         [103.00749251, 156.17982018],
         [ 99.29120879, 151.22477522],
         [112.91758242, 145.03096903],
         [107.34315684, 138.83716284],
         [ 98.05244755, 139.45654346],
         [118.49200799, 137.5984016 ],
         [129.64085914, 143.79220779],
         [134.5959041 , 150.60539461],
         [137.07342657, 142.55344655],
         [144.50599401, 139.45654346],
         [145.12537463, 143.17282717],
         [174.23626374, 144.41158841],
         [179.81068931, 140.6953047 ],
         [186.0044955 , 139.45654346],
         [161.22927073, 130.78521479],
         [210.16033966, 146.88911089],
         [218.83166833, 145.65034965],
         [228.74175824, 143.79220779],
         [236.79370629, 143.79220779],
         [242.98751249, 146.88911089],
         [249.18131868, 151.84415584],
         [255.37512488, 155.56043956],
         [264.66583417, 161.13486513],
         [263.42707293, 154.32167832],
         [270.24025974, 149.36663337],
         [272.0984016 , 140.07592408],
         [262.18831169, 139.45654346],
         [254.75574426, 140.07592408],
         [247.32317682, 139.45654346],
         [241.74875125, 133.88211788],
         [221.30919081, 151.84415584],
         [243.60689311, 156.17982018],
         [280.15034965, 150.60539461],
         [288.2022977 , 148.74725275],
         [295.63486513, 146.26973027],
         [294.3961039 , 155.56043956],
         [288.82167832, 137.5984016 ],
         [284.48601399, 132.02397602],
         [295.01548452, 134.5014985 ],
         [312.35814186, 136.97902098],
         [319.17132867, 141.31468531],
         [325.36513487, 136.35964036],
         [331.55894106, 127.68831169],
         [333.41708292, 133.88211788],
         [335.27522478, 141.93406593],
         [338.37212787, 136.97902098],
         [343.32717283, 131.4045954 ],
         [352.61788212, 133.88211788],
         [350.14035964, 140.6953047 ],
         [345.8046953 , 147.50849151],
         [355.0954046 , 145.03096903],
         [358.19230769, 140.07592408],
         [358.19230769, 133.88211788],
         [368.1023976 , 134.5014985 ],
         [381.10939061, 141.93406593],
         [383.58691309, 148.12787213],
         [389.16133866, 147.50849151],
         [403.40709291, 142.55344655],
         [410.83966034, 156.17982018],
         [402.16833167, 148.74725275],
         [426.94355644, 136.97902098],
         [554.53596404, 141.31468531],
         [558.87162837, 143.79220779],
         [568.78171828, 143.17282717],
         [576.83366633, 143.79220779],
         [583.02747253, 141.93406593],
         [591.07942058, 141.93406593],
         [597.89260739, 144.41158841],
         [605.94455544, 143.79220779],
         [613.37712288, 141.93406593],
         [581.78871129, 148.74725275],
         [579.31118881, 154.32167832],
         [571.25924076, 149.98601399],
         [609.04145854, 156.7992008 ],
         [613.9965035 , 149.98601399]]), array([[273]], dtype=uint16))]]
