[[(array([[ 3.93787712e+02,  2.58849151e+02],
         [ 1.55176324e+02,  3.08255744e+02],
         [ 1.87739760e+02,  2.51550450e+02],
         [ 1.75949550e+02,  2.38637363e+02],
         [ 1.60790709e+02,  2.34145854e+02],
         [ 1.61352148e+02,  2.10565435e+02],
         [ 1.19805694e+02,  2.30777223e+02],
         [ 1.09138362e+02,  2.20109890e+02],
         [ 1.23174326e+02,  2.14495504e+02],
         [ 1.18121379e+02,  2.07196803e+02],
         [ 1.02401099e+02,  2.10565435e+02],
         [ 9.20229770e+00,  1.93160839e+02],
         [ 4.79415584e+01,  2.01020979e+02],
         [ 7.03991009e+01,  2.03266733e+02],
         [ 7.82592408e+01,  2.12249750e+02],
         [ 8.61193806e+01,  2.08881119e+02],
         [ 7.93821179e+01,  1.98213786e+02],
         [ 7.99435564e+01,  1.80247752e+02],
         [ 5.97317682e+01,  1.86423576e+02],
         [ 5.58016983e+01,  1.65088911e+02],
         [ 3.55899101e+01,  1.68457542e+02],
         [ 3.10984016e+01,  1.57790210e+02],
         [ 1.36087413e+02,  2.40883117e+02],
         [ 1.45070430e+02,  1.99336663e+02],
         [ 1.34964535e+02,  1.90915085e+02],
         [ 1.11384116e+02,  1.91476523e+02],
         [ 1.14752747e+02,  1.73510490e+02],
         [ 9.79095904e+01,  1.68457542e+02],
         [ 4.34500500e+01,  1.81370629e+02],
         [ 8.10664336e+01,  1.62281718e+02],
         [ 7.76978022e+01,  1.35332667e+02],
         [ 9.90324675e+01,  1.36455544e+02],
         [ 1.23174326e+02,  1.27472527e+02],
         [ 1.34964535e+02,  1.15120879e+02],
         [ 1.19244256e+02,  1.45438561e+02],
         [ 1.42824675e+02,  1.66773227e+02],
         [ 1.36087413e+02,  1.61158841e+02],
         [ 1.41140360e+02,  1.50491508e+02],
         [ 1.50684815e+02,  1.28595405e+02],
         [ 1.72019481e+02,  1.12875125e+02],
         [ 1.65282218e+02,  1.03892108e+02],
         [ 1.94477023e+02,  1.27472527e+02],
         [ 1.87739760e+02,  1.17366633e+02],
         [ 1.74826673e+02,  1.33086913e+02],
         [ 1.94477023e+02,  1.46000000e+02],
         [ 2.00652847e+02,  1.61158841e+02],
         [ 1.83248252e+02,  1.83616384e+02],
         [ 1.82125375e+02,  2.08319680e+02],
         [ 1.90546953e+02,  1.92599401e+02],
         [ 1.83248252e+02,  1.94845155e+02],
         [ 1.56299201e+02,  1.84177822e+02],
         [ 1.58544955e+02,  1.66211788e+02],
         [ 1.58544955e+02,  1.56105894e+02],
         [ 2.11881618e+02,  2.18987013e+02],
         [ 2.46690809e+02,  2.21794206e+02],
         [ 2.48375125e+02,  1.93722278e+02],
         [ 2.07390110e+02,  1.91476523e+02],
         [ 1.98968531e+02,  1.76317682e+02],
         [ 2.32654845e+02,  1.65088911e+02],
         [ 2.42760739e+02,  1.70703297e+02],
         [ 2.61849650e+02,  1.84177822e+02],
         [ 2.48375125e+02,  2.07758242e+02],
         [ 2.94974525e+02,  1.73510490e+02],
         [ 2.60165335e+02,  1.39824176e+02],
         [ 2.70832667e+02,  1.08383616e+02],
         [ 2.25356144e+02,  1.13998002e+02],
         [ 2.40514985e+02,  7.46973027e+01],
         [ 2.49498002e+02,  8.53646354e+01],
         [ 3.17993506e+02,  1.57790210e+02],
         [ 3.28099401e+02,  1.32525475e+02],
         [ 3.20800699e+02,  1.28595405e+02],
         [ 3.01711788e+02,  1.13436563e+02],
         [ 3.06764735e+02,  8.81718282e+01],
         [ 3.40451049e+02,  8.76103896e+01],
         [ 3.20239261e+02,  9.94005994e+01],
         [ 3.49434066e+02,  1.08383616e+02],
         [ 3.61785714e+02,  1.37578422e+02],
         [ 3.65154346e+02,  1.19612388e+02],
         [ 3.72453047e+02,  5.67312687e+01],
         [ 3.94349151e+02,  3.48351648e+01],
         [ 4.05577922e+02,  2.19220779e+01],
         [ 3.78628871e+02, -2.24315684e+01],
         [ 4.40948551e+02,  1.23542458e+02],
         [ 4.10069431e+02,  7.02057942e+01],
         [ 4.70143357e+02,  7.91888112e+01],
         [ 5.29094406e+02,  8.14345654e+01],
         [ 5.53797702e+02,  2.64135864e+01],
         [ 4.76319181e+02,  1.68691309e+01],
         [ 4.86425075e+02, -5.35464535e-01],
         [ 4.58914585e+02, -3.02917083e+01],
         [ 6.35644356e+01,  1.47770230e+02],
         [ 5.55984016e+01,  1.23872128e+02],
         [ 5.38281718e+01,  9.73186813e+01],
         [ 3.92237762e+01,  9.51058941e+01],
         [ 1.57682318e+01,  1.26084915e+02],
         [ 1.26703297e+01,  9.86463536e+01],
         [ 6.03196803e+00,  9.02377622e+01],
         [ 6.91708292e+00,  7.69610390e+01],
         [ 2.19640360e+01,  7.60759241e+01],
         [ 1.93086913e+01,  6.19140859e+01],
         [ 1.44405594e+01,  6.94375624e+01],
         [ 4.26173826e+00,  5.26203796e+01],
         [ 1.53256743e+01,  4.50969031e+01],
         [ 4.26173826e+00,  3.31478521e+01],
         [ 3.08151848e+01,  4.46543457e+01],
         [ 3.61258741e+01,  6.76673327e+01],
         [ 4.36493506e+01,  6.10289710e+01],
         [ 5.07302697e+01,  7.56333666e+01],
         [ 7.37432567e+01,  6.05864136e+01],
         [ 5.82537463e+01,  5.57182817e+01],
         [ 5.60409590e+01,  4.37692308e+01],
         [ 4.63046953e+01,  5.12927073e+01],
         [ 4.49770230e+01,  4.15564436e+01],
         [ 4.36493506e+01,  2.07562438e+01],
         [ 3.47982018e+01,  3.13776224e+01],
         [ 3.96663337e+01,  2.73946054e+01],
         [ 3.47982018e+01,  1.89860140e+01],
         [ 2.72747253e+01,  1.89860140e+01],
         [ 1.35554446e+01,  1.23476523e+01],
         [ 6.47452547e+00,  1.89860140e+01],
         [ 2.59470529e+01, -4.86513487e-01],
         [ 2.68321678e+01,  1.05774226e+01],
         [ 1.66533467e+01,  3.93906094e+00],
         [ 5.25004995e+01,  2.73946054e+01],
         [ 5.95814186e+01,  3.22627373e+01],
         [ 6.88751249e+01,  3.53606394e+01],
         [ 6.17942058e+01,  1.89860140e+01],
         [ 6.44495504e+01,  8.36463536e+00],
         [ 4.89600400e+01,  4.82417582e+00],
         [ 7.72837163e+01,  2.07562438e+01],
         [ 7.99390609e+01,  1.01348651e+01],
         [ 8.79050949e+01,  1.89860140e+01],
         [ 8.39220779e+01,  2.96073926e+01],
         [ 9.45434565e+01,  3.53606394e+01],
         [ 8.08241758e+01,  4.64245754e+01],
         [ 1.01181818e+02,  4.64245754e+01],
         [ 9.32157842e+01,  5.66033966e+01],
         [ 9.67562438e+01,  6.98801199e+01],
         [ 1.30833167e+02,  7.74035964e+01],
         [ 1.32160839e+02,  6.54545455e+01],
         [ 1.24637363e+02,  5.88161838e+01],
         [ 1.16228771e+02,  4.37692308e+01],
         [ 1.20211788e+02,  3.13776224e+01],
         [ 1.33488511e+02,  4.24415584e+01],
         [ 1.50748252e+02,  5.08501499e+01],
         [ 1.41011988e+02,  4.37692308e+01],
         [ 1.49420579e+02,  3.18201798e+01],
         [ 1.35258741e+02,  2.82797203e+01],
         [ 1.42782218e+02,  2.42967033e+01],
         [ 1.18884116e+02,  1.89860140e+01],
         [ 1.10918082e+02,  2.42967033e+01],
         [ 1.00296703e+02,  2.16413586e+01],
         [ 1.07820180e+02,  1.19050949e+01],
         [ 1.10475524e+02, -4.39560440e-02],
         [ 9.85264735e+01, -2.69930070e+00],
         [ 9.45434565e+01,  4.82417582e+00],
         [ 1.26407592e+02,  4.82417582e+00],
         [ 1.17113886e+02,  1.01348651e+01],
         [ 1.35258741e+02,  8.36463536e+00],
         [ 1.56058941e+02,  6.59440559e+00],
         [ 1.68893107e+02,  5.70929071e+00],
         [ 1.78186813e+02,  6.59440559e+00],
         [ 1.69335664e+02,  3.66883117e+01],
         [ 1.76416583e+02,  2.78371628e+01],
         [ 1.85267732e+02,  3.75734266e+01],
         [ 1.59599401e+02,  2.42967033e+01],
         [ 1.75974026e+02,  4.81948052e+01],
         [ 1.55173826e+02,  6.10289710e+01],
         [ 1.91463536e+02,  6.19140859e+01],
         [ 2.07395604e+02,  4.11138861e+01],
         [ 2.02970030e+02,  1.76583417e+01],
         [ 1.95889111e+02,  2.07562438e+01],
         [ 2.18459540e+02,  1.14625375e+01],
         [ 2.13591409e+02, -3.14185814e+00],
         [ 1.90578422e+02, -4.86513487e-01],
         [ 1.71105894e+02, -2.69930070e+00],
         [ 2.34834166e+02,  2.20839161e+01],
         [ 2.35719281e+02,  3.22627373e+01],
         [ 2.58289710e+02,  4.15564436e+01],
         [ 2.52536464e+02,  2.96073926e+01],
         [ 2.43242757e+02,  9.24975025e+00],
         [ 2.51208791e+02, -2.69930070e+00],
         [ 2.62272727e+02,  3.49650350e+00],
         [ 2.72451548e+02,  4.33266733e+01],
         [ 2.74221778e+02,  1.30067932e+02],
         [ 3.36622378e+02,  2.46460539e+02],
         [ 2.98119880e+02,  2.33183816e+02],
         [ 2.76877123e+02,  2.61507493e+02],
         [ 3.94154845e+02,  2.57967033e+02],
         [ 3.74682318e+02,  2.22562438e+02],
         [ 2.70681319e+02, -4.91208791e+00],
         [ 2.11821179e+02,  5.04075924e+01],
         [ 1.97659341e+02,  5.70929071e+00],
         [ 7.60134865e+01,  1.07338162e+02]]), array([[194]], dtype=uint8))]]
