[[(array([[ 154.67201835,  702.6353211 ],
         [ 191.66284404,  660.36009174],
         [  99.18577982,  603.99311927],
         [  60.43348624,  605.75458716],
         [ -61.98853211,  418.15825688],
         [   9.35091743,  536.1766055 ],
         [  58.67201835,  513.27752294],
         [  74.52522936,  512.39678899],
         [ 260.36009174,  520.3233945 ],
         [ 233.05733945,  515.91972477],
         [ 156.43348624,  548.50688073],
         [ 122.96559633,  500.06651376],
         [ 182.85550459,  523.84633028],
         [ 106.23165138,  474.52522936],
         [  91.25917431,  458.67201835],
         [  98.30504587,  435.77293578],
         [ 156.43348624,  443.69954128],
         [  16.39678899,  449.8646789 ],
         [   3.18577982,  474.52522936],
         [  43.69954128,  437.53440367],
         [  56.02981651,  457.7912844 ],
         [  99.18577982,  532.65366972],
         [ 153.7912844 ,  493.0206422 ],
         [ 171.4059633 ,  466.59862385],
         [ 218.08486239,  448.10321101],
         [ 222.48853211,  468.36009174],
         [ 285.90137615,  468.36009174],
         [ 247.14908257,  474.52522936],
         [ 307.03899083,  476.28669725],
         [ 355.4793578 ,  544.10321101],
         [ 301.75458716,  512.39678899],
         [ 322.01146789,  536.1766055 ],
         [ 320.25      ,  503.58944954],
         [ 366.92889908,  486.85550459],
         [ 335.22247706,  463.07568807],
         [ 349.31422018,  446.34174312],
         [ 335.22247706,  435.77293578],
         [ 366.92889908,  418.15825688],
         [ 387.18577982,  624.25      ],
         [ 447.95642202,  688.54357798],
         [ 468.21330275,  575.80963303],
         [ 484.06651376,  525.60779817],
         [ 491.11238532,  568.76376147],
         [ 439.14908257,  480.69036697],
         [ 391.58944954,  501.82798165],
         [ 412.72706422,  466.59862385],
         [ 487.58944954,  486.85550459],
         [ 461.16743119,  462.19495413],
         [ 427.69954128,  452.50688073],
         [ 418.89220183,  402.30504587],
         [ 440.02981651,  392.61697248],
         [ 402.15825688,  407.58944954],
         [ 418.01146789,  373.24082569],
         [ 382.34174312,  465.05733945],
         [ 378.37844037,  428.50688073],
         [ 481.8646789 ,  421.46100917],
         [ 456.76376147,  421.0206422 ],
         [ 407.44266055,  368.61697248],
         [ 374.41513761,  373.46100917],
         [ 467.33256881,  377.8646789 ],
         [ 506.96559633,  387.55275229],
         [ 531.62614679,  398.56192661],
         [ 494.19495413,  385.7912844 ],
         [ 516.65366972,  362.45183486],
         [ 467.77293578,  359.36926606],
         [ 447.95642202,  351.88302752],
         [ 429.46100917,  335.14908257],
         [ 241.42431193,  450.52522936],
         [ 569.49770642,  519.22247706],
         [ 540.43348624,  504.69036697],
         [ 510.92889908,  489.27752294],
         [ 515.77293578,  506.89220183],
         [ 535.58944954,  558.85550459],
         [ 539.99311927,  623.14908257],
         [ 575.66284404,  603.77293578],
         [ 581.82798165,  416.61697248],
         [ 513.13073394,  405.60779817],
         [ 517.0940367 ,  393.71788991],
         [ 540.87385321,  404.28669725],
         [ 551.44266055,  402.52522936],
         [ 580.94724771,  366.85550459],
         [ 616.1766055 ,  392.39678899],
         [ 539.99311927,  432.47018349],
         [ 589.75458716,  402.96559633],
         [ 630.26834862,  415.73623853],
         [ 389.82798165,  384.02981651],
         [ 374.85550459,  334.7087156 ],
         [ 580.94724771,  315.33256881],
         [ 652.28669725,  441.27752294],
         [ 545.71788991,  468.58027523],
         [ 534.26834862,  469.46100917],
         [ 514.45183486,  453.60779817],
         [ 589.31422018,  559.73623853],
         [ 703.95642202,  592.3233945 ],
         [ 625.13073394,  630.6353211 ],
         [ 611.4793578 ,  622.7087156 ],
         [ 693.82798165,  701.0940367 ],
         [ 766.92889908,  673.7912844 ],
         [ 761.64449541,  617.42431193],
         [ 855.88302752,  653.53440367],
         [ 810.96559633,  742.04816514],
         [ 888.02981651,  745.57110092],
         [ 940.87385321,  683.03899083],
         [ 991.51605505,  715.62614679],
         [1001.64449541,  646.04816514],
         [ 938.23165138,  606.41513761],
         [ 939.99311927,  549.60779817],
         [ 902.56192661,  645.16743119],
         [ 807.00229358,  567.66284404],
         [ 758.12155963,  578.67201835],
         [ 686.78211009,  633.71788991],
         [ 803.91972477,  622.26834862],
         [ 904.76376147,  514.37844037],
         [ 855.44266055,  580.43348624],
         [ 908.28669725,  554.45183486],
         [ 963.77293578,  553.13073394],
         [ 963.33256881,  524.50688073],
         [ 977.8646789 ,  499.84633028],
         [ 927.66284404,  494.12155963],
         [ 829.0206422 ,  539.03899083],
         [ 829.0206422 ,  572.06651376],
         [ 839.14908257,  507.33256881],
         [ 862.92889908,  475.18577982],
         [ 893.31422018,  455.80963303],
         [ 809.64449541,  513.49770642],
         [ 764.72706422,  510.41513761],
         [ 693.82798165,  480.02981651],
         [ 770.01146789,  493.68119266],
         [ 769.57110092,  479.58944954],
         [ 732.58027523,  502.92889908],
         [ 709.24082569,  502.92889908],
         [ 646.26834862,  501.16743119],
         [ 644.50688073,  529.35091743],
         [ 668.72706422,  535.95642202],
         [ 670.48853211,  561.49770642],
         [ 614.56192661,  569.8646789 ],
         [ 616.3233945 ,  506.01146789],
         [ 597.82798165,  501.60779817],
         [ 580.21330275,  470.34174312],
         [ 611.03899083,  479.58944954],
         [ 631.29587156,  447.88302752],
         [ 961.57110092,  433.35091743],
         [1019.69954128,  442.59862385],
         [1021.0206422 ,  467.25917431],
         [ 939.99311927,  422.78211009],
         [ 878.34174312,  439.95642202],
         [ 868.21330275,  432.47018349],
         [ 853.24082569,  433.35091743],
         [ 836.06651376,  435.11238532],
         [ 823.73623853,  463.29587156],
         [ 794.67201835,  489.27752294],
         [ 784.10321101,  433.35091743],
         [ 766.04816514,  424.54357798],
         [ 702.6353211 ,  439.51605505],
         [ 743.14908257,  468.13990826],
         [ 729.49770642,  458.01146789],
         [ 999.44266055,  543.88302752],
         [ 878.78211009,  559.73623853],
         [ 903.00229358,  574.26834862],
         [ 666.08486239,  416.61697248],
         [ 676.65366972,  400.76376147],
         [ 674.89220183,  383.58944954],
         [ 652.43348624,  370.37844037],
         [ 669.16743119,  334.26834862],
         [ 707.03899083,  380.50688073],
         [ 740.50688073,  359.80963303],
         [ 769.13073394,  364.21330275],
         [ 748.87385321,  388.43348624],
         [ 740.94724771,  409.13073394],
         [ 696.91055046,  415.73623853],
         [ 714.52522936,  405.60779817],
         [ 711.00229358,  421.0206422 ],
         [ 813.60779817,  373.46100917],
         [ 824.61697248,  392.83715596],
         [ 797.31422018,  413.97477064],
         [ 779.25917431,  408.69036697],
         [ 830.34174312,  419.25917431],
         [ 856.76376147,  384.47018349],
         [ 878.34174312,  385.7912844 ],
         [ 896.83715596,  383.58944954],
         [ 899.03899083,  417.93807339],
         [ 928.10321101,  388.87385321],
         [ 942.6353211 ,  381.82798165],
         [ 953.20412844,  401.20412844],
         [ 991.95642202,  399.00229358],
         [ 999.88302752,  443.91972477],
         [ 765.16743119,  448.76376147],
         [ 746.67201835,  448.76376147],
         [ 777.49770642,  458.01146789],
         [ 792.91055046,  456.69036697],
         [ 811.84633028,  473.42431193],
         [ 827.69954128,  482.67201835],
         [ 611.4793578 ,  317.0940367 ],
         [ 585.49770642,  306.52522936],
         [ 711.00229358,  315.77293578],
         [ 827.25917431,  250.15825688],
         [ 778.81880734,  246.19495413],
         [ 374.85550459,  439.07568807],
         [ 394.23165138,  442.15825688],
         [ 410.96559633,  434.67201835],
         [ 914.74541284,  481.57110092],
         [ 767.66284404,  534.41513761],
         [ 737.71788991,  537.93807339],
         [1067.11238532,  564.36009174],
         [ -72.55733945,  454.26834862],
         [ 226.89220183,  648.02981651],
         [ 850.45183486,  468.36009174],
         [ 689.27752294,  293.0940367 ],
         [ 729.7912844 ,  244.65366972],
         [ 683.99311927,  234.08486239],
         [ 502.56192661,  333.60779817],
         [ 189.90137615,  450.74541284],
         [ 264.76376147,  460.43348624],
         [ 287.66284404,  446.34174312],
         [ 441.7912844 ,  595.18577982],
         [ 965.82798165,  591.66284404],
         [1020.43348624,  554.67201835],
         [1011.62614679,  497.42431193],
         [ 992.25      ,  491.25917431],
         [ 994.89220183,  460.43348624],
         [ 883.03899083,  417.27752294],
         [ 767.66284404,  397.90137615],
         [ 692.80045872,  402.30504587],
         [ 633.7912844 ,  466.59862385],
         [ 663.73623853,  477.16743119],
         [ 549.24082569,  450.74541284],
         [ 521.93807339,  441.93807339],
         [ 630.26834862,  398.78211009],
         [ 636.43348624,  381.16743119],
         [ 446.19495413,  370.59862385],
         [ 357.24082569,  307.18577982],
         [ 198.7087156 ,  488.61697248],
         [ -43.49311927,  408.47018349],
         [ -62.86926606,  432.25      ],
         [ 423.29587156,  418.15825688],
         [ 433.8646789 ,  430.48853211],
         [ 459.4059633 ,  433.13073394],
         [ 882.15825688,  546.74541284],
         [ 891.84633028,  530.89220183],
         [ 872.47018349,  491.25917431],
         [ -82.24541284,  330.08486239],
         [1060.06651376,  595.18577982],
         [ 477.90137615,  439.29587156],
         [ 458.52522936,  401.42431193],
         [ 837.24082569,  248.1766055 ],
         [ 844.28669725,  299.25917431],
         [ 588.10185185,  277.58333333],
         [ 511.30185185,  225.43518519]]), array([[248]], dtype=uint8))]]
