[[(array([[ 137.22616514,  618.53072149],
         [ 162.60106522,  522.76093732],
         [ 142.95598128,  461.37005003],
         [ 208.43959439,  454.82168872],
         [ 180.60905882,  412.2573402 ],
         [ 151.14143292,  404.07188856],
         [ 230.54031382,  423.71697249],
         [ 234.63303964,  369.69299167],
         [ 191.25014595,  345.95518192],
         [ 183.06469431,  383.60825946],
         [ 140.50034579,  360.68899487],
         [ 108.5770844 ,  310.75773988],
         [   6.25893892,  426.99115314],
         [  24.26693252,  408.16461438],
         [  74.19818752,  475.28531781],
         [  35.72656482,  500.66021789],
         [  11.98875506,  541.58747609],
         [ 106.12144891,  375.42280782],
         [  75.83527785,  265.73775586],
         [ 151.14143292,  275.56029783],
         [  81.56509399,  321.39882701],
         [  12.80730023,  327.12864315],
         [  19.35566154,  264.9192107 ],
         [  40.6378358 ,  234.63303964],
         [  76.65382301,  222.35486218],
         [ 102.84726825,  245.27412677],
         [ 139.68180063,  205.9839589 ],
         [ 126.58507801,  245.27412677],
         [ 173.24215235,  216.62504603],
         [ 205.9839589 ,  216.62504603],
         [ 190.43160079,  248.54830742],
         [ 224.81049767,  287.01993012],
         [ 250.18539775,  251.00394291],
         [ 228.08467832,  207.62104923],
         [ 238.72576546,  177.33487816],
         [1054.81529383,  506.39003404],
         [ 921.39243212,  477.7409533 ],
         [ 999.97276785,  429.44678864],
         [ 886.19499008,  409.8017047 ],
         [ 815.80010598,  454.82168872],
         [ 784.69538976,  526.03511797],
         [ 719.21177665,  540.76893092],
         [ 686.46997009,  513.75694052],
         [ 672.55470231,  564.50674067],
         [ 717.57468632,  459.7329597 ],
         [ 690.56269591,  462.18859519],
         [ 644.72416673,  425.35406282],
         [ 549.77292773,  502.29730822],
         [ 583.33327944,  512.93839535],
         [ 457.27732421,  484.28931462],
         [ 359.05190454,  496.56749207],
         [ 332.8584593 ,  414.71297569],
         [ 380.3340788 ,  423.71697249],
         [ 453.18459839,  426.17260798],
         [ 422.89842733,  368.87444651],
         [ 511.30130502,  435.17660478],
         [ 534.22056961,  396.70498208],
         [ 541.58747609,  437.63224028],
         [ 490.83767593,  354.14063356],
         [ 290.29411078,  380.3340788 ],
         [ 273.10466234,  461.37005003],
         [ 369.69299167,  346.77372709],
         [ 307.48355922,  335.31409479],
         [ 320.58028184,  294.3868366 ],
         [ 428.62824347,  321.39882701],
         [ 459.7329597 ,  308.30210438],
         [ 503.11585338,  297.66101725],
         [ 491.65622109,  273.9232075 ],
         [ 547.31729223,  273.9232075 ],
         [ 596.43000207,  268.19339135],
         [ 581.69618912,  300.93519791],
         [ 571.05510199,  332.8584593 ],
         [ 612.80090534,  340.22536577],
         [ 580.87764395,  363.14463036],
         [ 611.98236018,  392.61225626],
         [ 650.45398288,  374.60426266],
         [ 666.82488616,  329.58427864],
         [ 716.75614115,  318.12464635],
         [ 696.29251206,  398.34207241],
         [ 763.4132155 ,  406.52752405],
         [ 774.05430263,  336.95118512],
         [ 809.25174467,  365.60026585],
         [ 849.3604577 ,  386.88244012],
         [ 960.68259999,  368.87444651],
         [ 964.77532581,  343.49954643],
         [ 906.65861917,  354.95917872],
         [ 849.3604577 ,  352.50354323],
         [ 855.90881901,  328.76573348],
         [ 844.44918672,  295.20538176],
         [ 883.73935458,  272.28611717],
         [ 821.52992213,  268.19339135],
         [ 784.69538976,  248.54830742],
         [ 812.52592533,  224.81049767],
         [ 925.48515794,  316.48755602],
         [ 961.50114515,  233.81449447],
         [ 921.39243212,  216.62504603],
         [ 346.77372709,  276.37884299],
         [ 332.03991414,  226.447588  ],
         [ 343.49954643,  213.35086538],
         [ 338.58827545,  192.06869111],
         [ 318.12464635,  171.60506202],
         [ 350.86645291,  178.97196849],
         [ 398.34207241,  260.82648488],
         [ 458.09586937,  235.4515848 ],
         [ 433.53951446,  214.9879557 ],
         [ 446.63623708,  182.24614915],
         [ 465.46277585,  178.97196849],
         [ 495.74894691,  222.35486218],
         [ 539.95038576,  224.81049767],
         [ 523.57948248,  167.5123362 ],
         [ 546.49874707,  161.78252005],
         [ 521.94239215,  150.32288776],
         [ 489.2005856 ,  176.516333  ],
         [ 611.16381502,  208.43959439],
         [ 611.16381502,  180.60905882],
         [ 666.82488616,  205.16541374],
         [ 699.56669271,  209.25813956],
         [ 711.02632501,  242.81849127],
         [ 668.46197649,  251.00394291],
         [ 634.90162477,  265.73775586],
         [ 631.62744411,  240.36285578],
         [ 751.13503804,  182.24614915],
         [ 785.51393492,  187.9759653 ],
         [ 757.68339935,  253.4595784 ],
         [ 745.40522189,  310.75773988],
         [ 837.08228024,  165.05670071],
         [ 889.46917073,  187.9759653 ],
         [ 853.45318352,  224.81049767],
         [ 852.63463836,  251.82248808],
         [ 816.61865115,  159.32688456],
         [ 835.44518992,  133.13343932],
         [ 786.33248008,  157.68979423],
         [ 760.13903484,  151.95997808],
         [ 733.12704443,  171.60506202],
         [ 699.56669271,  138.86325546],
         [ 637.35726026,  165.05670071],
         [ 671.73615714,  147.86725227],
         [ 616.89363116,  154.41561358],
         [ 648.81689255,  127.40362317],
         [ 390.04522404,  349.46246147],
         [ 288.87539731,  331.75774179],
         [ 226.48733749,  308.15144889],
         [ 293.09080676,  263.46810875],
         [ 383.30056892,  168.19985525],
         [ 583.11097671,  159.76903635],
         [ 546.01537358,  137.00582534],
         [ 652.24369164,  110.02720488],
         [ 686.81004911,  122.67343322],
         [ 701.14244123,  113.39953244],
         [ 873.34191714,  160.03722276],
         [ 875.44962186,  131.37243852],
         [ 782.28907308,   97.64916295],
         [ 797.46454709,  122.94161963],
         [ 783.97523686,  133.48014325],
         [ 810.95385732,  136.85247081],
         [ 859.43106596,  179.00656528],
         [ 736.76265105,  118.30466924],
         [ 707.25478493,  172.26191016],
         [ 738.02727389,  149.92024009],
         [ 828.23703605,  102.28611334],
         [ 859.43106596,  105.6584409 ],
         [ 882.19427698,  121.25545585],
         [ 837.93247778,  115.77542357],
         [ 809.26769354,  104.81535901],
         [ 754.88891168,  105.6584409 ],
         [ 765.42743529,  121.25545585],
         [ 886.40968642,  101.8645724 ],
         [ 809.05692307,  249.13571663],
         [ 881.56196556,  233.96024262],
         [1008.02424897,  255.03728986],
         [1007.18116708,  289.60364732],
         [ 942.2638616 ,  289.60364732],
         [ 664.88991998,  180.84608359],
         [ 573.83707593,  217.09860483],
         [ 418.71000828,  163.9844458 ],
         [ 167.47160523,  314.896104  ],
         [ 406.06377994,  201.08004893],
         [ 482.78423187,  156.3967088 ],
         [ 496.2735421 ,  258.40961741],
         [ 563.72009325,  187.5907387 ],
         [  62.92945095,  223.00017806],
         [ 734.8657168 ,  283.7020741 ],
         [ -82.96248395,  419.62424667],
         [1020.43639695,  399.16061757],
         [ 843.63064155,   97.11745211],
         [ 684.0143346 ,  142.95598128],
         [ 729.03431861,  136.40761997],
         [ 506.39003404,  173.24215235],
         [ 456.45877904,  156.0527039 ],
         [ 291.11265594,  194.52432661],
         [ 587.42600526,  239.54431062],
         [ 612.80090534,  245.27412677],
         [ 514.57548568,  365.60026585],
         [ 373.78571749,  256.73375906],
         [ 287.83847529,  217.44359119],
         [ 269.83048168,  207.62104923],
         [  93.02472629,  264.9192107 ],
         [  99.14865677,  218.82602303],
         [ 101.67705183,  207.86964443],
         [  81.44989134,  207.02684607],
         [   8.12643455,  234.83919175]]), array([[201]], dtype=uint8))]]
