[[(array([[468.16790123, 186.14953704],
         [449.77469136, 201.32947531],
         [423.84691358, 176.39891975],
         [438.02962963, 154.18302469],
         [461.96296296, 150.96975309],
         [464.06820988, 134.01697531],
         [465.84104938,  87.75694444],
         [437.36481481, 118.7816358 ],
         [471.04876543, 110.69305556],
         [410.88302469,  97.17515432],
         [404.78888889, 128.64305556],
         [411.54783951, 119.88966049],
         [431.02160494, 327.69969136],
         [417.94691358, 283.15709877],
         [283.82098765, 315.40061728],
         [334.34691358, 263.54506173],
         [196.95185185, 264.43148148],
         [ 91.91111111, 244.04382716],
         [372.46296296, 229.41790123],
         [405.26049383, 191.30185185],
         [385.75925926, 166.03888889],
         [383.54320988, 150.96975309],
         [380.88395062, 112.41049383],
         [390.19135802,  91.13641975],
         [363.15555556,  84.04506173],
         [343.65432099,  94.23888889],
         [351.18888889,  77.39691358],
         [337.44938272, 130.13888889],
         [339.22222222, 157.61790123],
         [326.3691358 , 146.53765432],
         [328.58518519, 161.60679012],
         [303.7654321 , 188.19938272],
         [290.91234568, 192.63148148],
         [271.85432099, 198.39320988],
         [216.00987654, 209.47345679],
         [194.73580247, 214.79197531],
         [227.97654321, 196.62037037],
         [242.60246914, 160.72037037],
         [270.52469136, 142.99197531],
         [287.80987654, 148.31049383],
         [305.98148148, 143.87839506],
         [321.93703704, 120.3882716 ],
         [314.84567901,  97.34135802],
         [327.25555556,  76.51049383],
         [298.0037037 ,  77.39691358],
         [299.33333333, 101.33024691],
         [305.09506173,  68.97592593],
         [287.80987654, 107.53518519],
         [290.02592593, 119.94506173],
         [263.87654321, 108.42160494],
         [262.99012346,  98.67098765],
         [258.55802469,  94.68209877],
         [254.5691358 ,  85.37469136],
         [275.84320988,  71.63518519],
         [242.60246914,  64.98703704],
         [223.10123457,  82.7154321 ],
         [247.47777778, 104.87592593],
         [222.21481481, 117.28580247],
         [236.84074074, 150.08333333],
         [209.80493827, 135.45740741],
         [212.46419753, 113.74012346],
         [212.02098765,  88.03395062],
         [195.62222222, 102.21666667],
         [196.0654321 , 149.19691358],
         [169.47283951, 135.45740741],
         [176.56419753, 134.12777778],
         [199.16790123, 139.88950617],
         [157.50617284, 183.76728395],
         [121.60617284, 181.99444444],
         [ 85.70617284, 210.35987654],
         [ 27.20246914, 183.76728395],
         [106.53703704, 166.48209877],
         [112.29876543, 155.40185185],
         [ 92.79753086, 138.11666667],
         [114.95802469, 128.36604938],
         [147.75555556, 125.26358025],
         [164.15432099, 115.51296296],
         [186.75802469, 100.88703704],
         [204.92962963,  75.62407407],
         [220.88518519,  72.96481481],
         [196.50864198,  74.29444444],
         [208.91851852,  61.8845679 ],
         [186.31481481,  66.31666667],
         [179.66666667,  78.28333333],
         [173.01851852,  80.49938272],
         [164.15432099,  93.35246914],
         [181.43950617,  98.22777778],
         [154.4037037 , 105.3191358 ],
         [121.60617284, 108.86481481],
         [133.12962963, 118.6154321 ],
         [103.4345679 , 124.37716049],
         [ 56.01111111, 134.57098765],
         [ 20.55432099, 145.20802469],
         [  3.71234568, 148.7537037 ],
         [  3.2691358 , 136.34382716],
         [ 20.99753086, 104.43271605],
         [ 14.34938272,  95.56851852],
         [ 42.71481481, 119.50185185],
         [ 50.69259259, 103.5462963 ],
         [ 65.7617284 , 110.19444444],
         [ 76.39876543,  81.82901235],
         [102.10493827,  96.0117284 ],
         [ 85.26296296,  68.08950617],
         [120.71975309,  80.49938272],
         [124.2654321 ,  87.59074074],
         [149.52839506,  72.52160494],
         [153.07407407,  83.15864198],
         [153.96049383,  69.4191358 ],
         [136.34290123,  24.93194444],
         [146.75833333,  26.1507716 ],
         [167.36759259,  30.80447531],
         [148.3095679 ,  54.95941358],
         [152.18765432,  47.97885802],
         [161.71666667,  58.28348765],
         [174.34814815,  45.98441358],
         [187.0904321 ,  56.95385802],
         [207.81049383,  46.20601852],
         [222.87962963,  54.23919753],
         [ 72.63148148,  40.7212963 ],
         [ 37.36929012,  13.1591821 ],
         [ 18.97608025,  29.94575617],
         [ 24.46080247,  62.16157407],
         [ 55.9287037 ,  36.34459877],
         [ 51.16419753,  32.13410494],
         [  0.73533951,  34.15625   ],
         [ 99.33487654,  25.59675926],
         [310.85679012,  95.56851852],
         [ 98.75024975,  13.62581169],
         [414.81043956, 146.0959041 ]]), array([[129]], dtype=uint8))]]
