[[(array([[  51.98293586,  778.17524559],
         [  43.52286152,  756.4207687 ],
         [  64.06875636,  710.49465082],
         [  39.89711537,  582.38495357],
         [  18.14263848,  573.92487922],
         [  33.85420512,  540.08458184],
         [  33.85420512,  511.07861265],
         [  42.31427947,  494.15846396],
         [  55.60868201,  448.23234607],
         [  74.9459948 ,  463.94391272],
         [  80.98890505,  476.02973321],
         [  85.82323325,  514.7043588 ],
         [  82.1974871 ,  550.96182028],
         [  94.2833076 ,  608.97375866],
         [ 139.00084343,  652.48271244],
         [ 148.66949982,  700.82599442],
         [ 177.67546901,  702.03457647],
         [ 143.83517163,  605.34801251],
         [ 164.38106647,  592.05360997],
         [ 119.66353064,  570.29913308],
         [ 161.96390237,  514.7043588 ],
         [ 139.00084343,  489.32413576],
         [ 102.74338194,  472.40398706],
         [ 103.95196399,  453.06667427],
         [ 113.62062039,  424.06070508],
         [  96.70047169,  421.64354099],
         [ 126.91502293,  421.64354099],
         [ 142.62658958,  438.56368968],
         [ 164.38106647,  463.94391272],
         [ 151.08666392,  422.85212303],
         [ 161.96390237,  425.26928713],
         [ 177.67546901,  432.52077943],
         [ 180.09263311,  459.10958452],
         [ 187.34412541,  492.94988191],
         [ 211.5157664 ,  540.08458184],
         [ 182.50979721,  550.96182028],
         [ 188.55270746,  582.38495357],
         [ 206.6814382 ,  590.84502792],
         [ 228.43591509,  588.42786382],
         [ 262.27621248,  567.88196898],
         [ 294.90792782,  604.13943046],
         [ 358.96277644,  613.80808686],
         [ 373.46576103,  627.1024894 ],
         [ 396.42881997,  658.52562269],
         [ 386.76016358,  775.75808149],
         [ 447.18926605,  668.19427909],
         [ 483.44672754,  622.2681612 ],
         [ 495.53254804,  780.59240969],
         [ 563.21314281,  717.74614312],
         [ 599.47060429,  740.70920206],
         [ 607.93067864,  674.23718933],
         [ 547.50157616,  590.84502792],
         [ 528.16426337,  600.51368431],
         [ 485.86389164,  599.30510226],
         [ 432.68628146,  593.26219202],
         [ 395.22023793,  588.42786382],
         [ 352.91986619,  561.83905873],
         [ 356.54561234,  523.16443314],
         [ 329.95680725,  525.58159724],
         [ 292.49076372,  550.96182028],
         [ 280.40494322,  532.83308954],
         [ 286.44785347,  480.86406141],
         [ 251.39897403,  506.24428445],
         [ 252.60755608,  461.52674862],
         [ 233.27024329,  476.02973321],
         [ 221.1844228 ,  410.76630254],
         [ 194.59561771,  408.34913844],
         [ 204.2642741 ,  396.26331795],
         [ 256.23330223,  419.22637689],
         [ 271.94486887,  404.72339229],
         [ 279.19636117,  374.50884105],
         [ 257.44188428,  370.88309491],
         [ 368.63143284,  497.7842101 ],
         [ 356.54561234,  480.86406141],
         [ 357.75419439,  463.94391272],
         [ 327.53964315,  459.10958452],
         [ 314.24524061,  465.15249477],
         [ 367.42285079,  447.02376402],
         [ 385.55158153,  453.06667427],
         [ 412.14038662,  456.69242042],
         [ 396.42881997,  489.32413576],
         [ 392.80307383,  527.99876134],
         [ 429.06053531,  518.33010495],
         [ 442.35493786,  514.7043588 ],
         [ 458.0665045 ,  492.94988191],
         [ 442.35493786,  486.90697166],
         [ 455.6493404 ,  473.61256911],
         [ 444.77210196,  466.36107682],
         [ 425.43478916,  421.64354099],
         [ 395.22023793,  405.93197434],
         [ 444.77210196,  438.56368968],
         [ 488.28105574,  447.02376402],
         [ 476.19523524,  484.48980756],
         [ 488.28105574,  512.2871947 ],
         [ 505.20120443,  511.07861265],
         [ 542.66724797,  553.37898438],
         [ 559.58739666,  531.62450749],
         [ 581.34187355,  526.79017929],
         [ 598.26202224,  523.16443314],
         [ 595.84485815,  474.82115116],
         [ 571.67321715,  482.07264346],
         [ 535.41575567,  497.7842101 ],
         [ 513.66127878,  484.48980756],
         [ 525.74709927,  449.44092812],
         [ 514.86986083,  444.60659993],
         [ 528.16426337,  424.06070508],
         [ 519.70418903,  414.39204869],
         [ 499.15829418,  416.80921279],
         [ 511.24411468,  416.80921279],
         [ 691.32284006,  567.88196898],
         [ 620.01649914,  604.13943046],
         [ 649.02246832,  582.38495357],
         [ 817.01537321,  578.75920742],
         [ 812.18104501,  640.39689195],
         [ 806.13813476,  689.94875598],
         [ 762.62918098,  726.20621746],
         [ 694.94858621,  686.32300983],
         [ 673.19410931,  664.56853294],
         [ 705.82582465,  561.83905873],
         [ 719.1202272 ,  561.83905873],
         [ 698.57433235,  520.74726905],
         [ 642.97955808,  548.54465618],
         [ 597.05344019,  565.46480488],
         [ 630.89373758,  456.69242042],
         [ 647.81388627,  457.90100247],
         [ 680.44560161,  448.23234607],
         [ 734.83179384,  467.56965887],
         [ 721.53739129,  478.44689731],
         [ 749.33477843,  489.32413576],
         [ 756.58627073,  506.24428445],
         [ 749.33477843,  520.74726905],
         [ 772.29783737,  535.25025364],
         [ 789.21798607,  525.58159724],
         [ 881.07022183,  695.99166623],
         [ 954.79372685,  700.82599442],
         [ 977.75678579,  613.80808686],
         [ 971.71387554,  583.59353562],
         [ 943.91648841,  565.46480488],
         [ 943.91648841,  540.08458184],
         [ 946.3336525 ,  515.91294085],
         [ 906.45044487,  525.58159724],
         [ 906.45044487,  506.24428445],
         [ 891.94746028,  472.40398706],
         [ 868.98440134,  506.24428445],
         [ 823.05828345,  503.82712035],
         [ 820.64111936,  546.12749209],
         [ 838.7698501 ,  525.58159724],
         [ 866.56723724,  492.94988191],
         [ 814.59820911,  431.31219738],
         [ 794.05231427,  448.23234607],
         [ 831.5183578 ,  430.10361533],
         [ 849.64708854,  453.06667427],
         [ 878.65305773,  450.64951017],
         [ 877.44447568,  427.68645123],
         [ 891.94746028,  427.68645123],
         [ 911.28477307,  448.23234607],
         [ 937.87357816,  427.68645123],
         [ 926.99633971,  421.64354099],
         [ 956.0023089 ,  447.02376402],
         [ 957.21089095,  431.31219738],
         [ 959.62805505,  480.86406141],
         [ 985.00827809,  509.8700306 ],
         [1018.84857548,  463.94391272],
         [1021.26573957,  512.2871947 ],
         [ 807.34671681,  404.72339229],
         [ 826.6840296 ,  413.18346664],
         [ 795.26089632,  408.34913844],
         [ 759.00343483,  408.34913844],
         [ 768.67209123,  404.72339229],
         [ 775.92358352,  393.84615385],
         [ 739.66612204,  405.93197434],
         [ 740.87470409,  393.84615385],
         [ 832.72693985,  404.72339229],
         [ 895.57320643,  571.50771513],
         [ 620.01649914,  480.86406141],
         [ 632.10231963,  433.72936148],
         [ 587.3847838 ,  453.06667427],
         [ 591.01052995,  444.60659993],
         [ 582.5504556 ,  438.56368968],
         [ 565.63030691,  408.34913844],
         [ 519.70418903,  402.30622819],
         [ 499.15829418,  397.47189999],
         [ 489.48963779,  408.34913844],
         [ 479.82098139,  396.26331795],
         [ 471.36090705,  396.26331795],
         [ 450.8150122 ,  404.72339229],
         [ 437.52060966,  402.30622819],
         [ 293.69934577,  431.31219738],
         [ 291.28218167,  410.76630254],
         [ 274.36203297,  421.64354099],
         [ 253.81613813,  389.01182565],
         [ 231.67676471,  399.88906409],
         [ 216.56948909,  399.88906409],
         [ 159.76613277,  401.09764614],
         [ 139.22023793,  401.09764614],
         [ 283.64579284,  393.84615385],
         [ 414.77694522,  391.42898975],
         [ 426.86276571,  391.42898975],
         [ 438.94858621,  391.42898975],
         [ 440.15716826,  383.57320643],
         [ 449.82582465,  378.1345872 ],
         [ 461.30735412,  382.9689154 ],
         [ 473.99746564,  383.57320643],
         [ 490.31332331,  384.78178847],
         [ 494.54336048,  372.69596798],
         [ 496.35623356,  363.63160261],
         [ 480.04037589,  373.90455003],
         [ 473.99746564,  376.32171413],
         [ 450.43011568,  363.63160261],
         [ 438.94858621,  366.04876671],
         [ 438.94858621,  358.19298339],
         [ 428.67563878,  359.40156543],
         [ 417.79840034,  373.90455003],
         [ 428.07134776,  373.90455003],
         [ 414.17265419,  363.63160261],
         [ 403.29541574,  370.27880388],
         [ 403.89970677,  381.15604233],
         [ 394.23105037,  384.78178847],
         [ 386.97955808,  373.90455003],
         [ 384.56239398,  364.23589363],
         [ 392.4181773 ,  366.04876671],
         [ 603.09635044,  420.43495894],
         [ 593.42769405,  414.99633971],
         [ 597.05344019,  406.53626537],
         [ 621.82937221,  414.99633971],
         [ 614.57787991,  402.30622819],
         [ 626.66370041,  399.28477307],
         [ 643.5838491 ,  407.74484742],
         [ 651.43963242,  420.43495894],
         [ 631.49802861,  382.36462438],
         [ 642.97955808,  378.73887823],
         [ 653.2525055 ,  378.73887823],
         [ 616.99504401,  384.17749745],
         [ 607.93067864,  382.36462438],
         [ 600.07489532,  385.3860795 ],
         [ 605.51351454,  389.61611667],
         [ 592.219112  ,  386.59466155],
         [ 592.82340302,  378.1345872 ],
         [ 584.9676197 ,  370.88309491],
         [ 574.69467228,  398.07619102],
         [ 572.27750818,  383.57320643],
         [ 565.02601588,  372.69596798],
         [ 572.27750818,  364.23589363],
         [ 560.19168768,  396.86760897],
         [ 550.52303129,  392.6375718 ],
         [ 546.89728514,  379.34316925],
         [ 552.94019539,  371.48738593],
         [ 536.02004669,  378.1345872 ],
         [ 537.83291977,  398.07619102],
         [ 534.20717362,  390.82469872],
         [ 519.099898  ,  367.25734876],
         [ 509.4312416 ,  383.57320643],
         [ 505.80549546,  376.92600515],
         [ 510.63982365,  360.00585646],
         [ 605.51351454,  360.61014748],
         [ 600.67918634,  353.35865519],
         [ 593.42769405,  353.35865519],
         [ 597.05344019,  344.89858084],
         [ 600.07489532,  336.43850649],
         [ 610.95213376,  335.22992444],
         [ 607.93067864,  347.92003596],
         [ 612.76500684,  341.27283469],
         [ 619.41220811,  347.92003596],
         [ 619.41220811,  339.45996162],
         [ 616.39075299,  325.56126805],
         [ 623.03795426,  336.43850649],
         [ 627.87228246,  342.48141674],
         [ 636.3323568 ,  346.10716289],
         [ 641.166685  ,  345.50287187],
         [ 575.90325433,  345.50287187],
         [ 581.94616458,  340.66854367],
         [ 587.3847838 ,  335.22992444],
         [ 589.19765687,  329.79130522],
         [ 585.57191072,  324.95697702],
         [ 591.01052995,  324.352686  ],
         [ 591.61482097,  320.12264883],
         [ 603.70064147,  327.97843215],
         [ 561.40026973,  344.89858084],
         [ 549.31444924,  343.68999879],
         [ 546.89728514,  356.38011031],
         [ 564.42172486,  353.35865519],
         [ 554.75306846,  363.02731158],
         [ 542.66724797,  363.02731158],
         [ 534.20717362,  366.04876671],
         [ 523.9342262 ,  379.34316925],
         [ 477.40381729,  363.02731158],
         [ 471.96519807,  354.56723724],
         [ 480.42527242,  357.58869236],
         [ 490.69821984,  358.19298339],
         [ 491.30251086,  349.12861801],
         [ 496.13683906,  344.89858084],
         [ 484.05101856,  338.25137957],
         [ 469.54803397,  333.41705137],
         [ 493.11538394,  314.07973858],
         [ 489.48963779,  311.66257448],
         [ 484.05101856,  312.87115653],
         [ 462.29654167,  327.97843215],
         [ 470.152325  ,  327.97843215],
         [ 478.00810832,  324.95697702],
         [ 487.07247369,  330.99988727],
         [ 491.90680189,  330.99988727],
         [ 505.20120443,  332.81276035],
         [ 495.53254804,  322.53981292],
         [ 508.22265956,  345.50287187],
         [ 519.099898  ,  356.38011031],
         [ 526.3513903 ,  363.02731158],
         [ 522.12135312,  350.33720006],
         [ 522.12135312,  341.87712572],
         [ 429.66482634,  353.35865519],
         [ 413.95325969,  346.10716289],
         [ 406.09747637,  357.58869236],
         [ 404.2846033 ,  344.89858084],
         [ 418.18329687,  339.45996162],
         [ 426.64337121,  343.68999879],
         [ 447.18926605,  336.43850649],
         [ 437.52060966,  332.20846932],
         [ 273.75774195,  355.17152826],
         [ 514.86986083,  317.1011937 ],
         [ 516.07844288,  334.0213424 ],
         [ 525.74709927,  332.20846932],
         [ 532.99859157,  334.0213424 ],
         [ 544.48012104,  332.20846932],
         [ 550.52303129,  333.41705137],
         [ 541.45866592,  341.27283469],
         [ 555.96165051,  335.22992444],
         [ 564.42172486,  333.41705137],
         [ 564.42172486,  322.53981292],
         [ 574.09038125,  327.97843215],
         [ 560.19168768,  324.95697702],
         [ 554.75306846,  319.5183578 ],
         [ 546.89728514,  326.7698501 ],
         [ 543.27153899,  323.74839497],
         [ 537.83291977,  322.53981292],
         [ 539.04150182,  315.28832063],
         [ 531.1857185 ,  308.03682833],
         [ 526.95568132,  315.28832063],
         [ 525.74709927,  325.56126805],
         [ 532.39430055,  325.56126805],
         [ 510.03553263,  322.53981292],
         [ 474.98665319,  317.1011937 ],
         [ 468.94374295,  314.07973858],
         [ 465.3179968 ,  318.30977575],
         [ 477.40381729,  304.41108218],
         [ 472.56948909,  304.41108218],
         [ 454.44075835,  317.1011937 ],
         [ 438.12490068,  318.30977575],
         [ 448.3978481 ,  318.30977575],
         [ 444.77210196,  321.33123088],
         [ 448.3978481 ,  330.99988727],
         [ 455.6493404 ,  329.79130522],
         [ 427.85195326,  326.7698501 ],
         [ 447.18926605,  308.64111936],
         [ 445.37639298,  314.07973858],
         [ 499.15829418,  314.07973858],
         [ 502.17974931,  309.8497014 ],
         [ 509.4312416 ,  309.8497014 ],
         [ 490.09392881,  306.82824628],
         [ 497.94971213,  305.61966423],
         [ 462.9008327 ,  341.27283469],
         [ 456.85792245,  347.92003596],
         [ 516.6827339 ,  325.25912254],
         [ 537.83291977,  332.51061483],
         [ 462.59868719,  311.96471999],
         [ 478.91454485,  295.64886232],
         [ 481.02956344,  299.27460847],
         [ 471.66305256,  295.0445713 ],
         [ 456.85792245,  298.06602642],
         [ 464.41156026,  298.06602642],
         [ 459.57723206,  306.22395526],
         [ 436.61417312,  304.71322769],
         [ 510.33767814,  304.10893667],
         [ 516.6827339 ,  298.06602642],
         [ 513.66127878,  295.0445713 ],
         [ 507.01407751,  299.8788995 ],
         [ 515.77629736,  310.45399243],
         [ 496.74113008,  293.83598925],
         [ 502.48189482,  293.83598925],
         [ 499.4604397 ,  298.06602642],
         [ 487.67676471,  296.85744437],
         [ 454.74290386,  293.83598925],
         [ 514.56771532,  291.11667964],
         [ 455.95148591,  285.07376939],
         [ 461.39010514,  288.39737003],
         [ 462.59868719,  284.46947836],
         [ 467.13086987,  287.18878798],
         [ 457.76435899,  274.49867646],
         [ 503.38833136,  287.49093349],
         [ 508.22265956,  289.30380656],
         [ 496.13683906,  287.49093349],
         [ 486.16603715,  284.77162388],
         [ 477.40381729,  285.3759149 ],
         [ 793.78289305,  390.74449715],
         [ 584.42106633,  419.69329295],
         [ 604.58183483,  371.61761422],
         [ 594.75992197,  368.51595753],
         [ 239.50690782,  420.72717851],
         [ 240.54079339,  381.43952708],
         [ 474.19893086,  424.86272077],
         [ 542.43537809,  428.99826302],
         [ 463.34313244,  362.31264414],
         [ 444.73319228,  299.24562474],
         [ 447.83484898,  298.72868195],
         [ 444.73319228,  293.55925413],
         [ 451.97039123,  291.49148301],
         [ 448.35179176,  288.38982631],
         [ 450.41956289,  284.25428406],
         [ 467.47867469,  281.15262737],
         [ 465.41090356,  278.05097067],
         [ 453.52121958,  278.56791346],
         [ 458.17370462,  279.08485624],
         [ 470.0633886 ,  277.53402789],
         [ 473.68198808,  276.50014233],
         [ 474.19893086,  272.36460007],
         [ 476.78364477,  279.08485624],
         [ 478.8514159 ,  277.01708511],
         [ 470.58033138,  282.70345571],
         [ 470.0633886 ,  287.87288353],
         [ 469.02950304,  292.00842579],
         [ 463.86007522,  292.00842579],
         [ 465.92784635,  295.62702526],
         [ 466.44478913,  302.86422421],
         [ 471.61421695,  299.76256752],
         [ 475.74975921,  290.45759744],
         [ 479.36835868,  289.42371188],
         [ 483.50390094,  292.00842579],
         [ 486.08861485,  290.97454022],
         [ 484.02084372,  285.8051124 ],
         [ 482.47001537,  279.60179902],
         [ 485.57167206,  279.60179902],
         [ 486.60555763,  275.46625676],
         [ 490.74109988,  276.50014233],
         [ 491.77498545,  281.15262737],
         [ 490.2241571 ,  279.60179902],
         [ 489.70721432,  283.73734128],
         [ 495.39358492,  283.22039849],
         [ 499.52912718,  282.70345571],
         [ 504.18161222,  282.70345571],
         [ 507.28326891,  282.70345571],
         [ 513.48658229,  284.25428406],
         [ 509.86798282,  278.05097067],
         [ 506.24938334,  275.46625676],
         [ 501.59689831,  275.46625676],
         [ 496.42747049,  275.46625676],
         [ 495.39358492,  278.56791346],
         [ 487.63944319,  302.34728143],
         [ 491.77498545,  301.83033865],
         [ 520.20683846,  303.89810977],
         [ 524.8593235 ,  300.2795103 ],
         [ 523.30849515,  296.66091083],
         [ 519.17295289,  290.45759744],
         [ 509.86798282,  296.14396804],
         [ 505.73244056,  295.62702526],
         [ 476.78364477,  311.13530872],
         [ 469.54644582,  308.55059481],
         [ 487.63944319,  319.92333602],
         [ 503.66466943,  356.10933076],
         [ 549.67257703,  352.49073128],
         [ 538.81677861,  352.49073128],
         [ 542.43537809,  349.90601737],
         [ 420.95382431,  331.81302   ],
         [ 585.34162899,  363.34652971],
         [ 581.72302952,  358.69404467],
         [ 455.58899071,  529.80210552],
         [ 458.17370462,  452.26068821],
         [ 235.37136557,  773.28215585],
         [ 100.96624224,  538.59013281]]), array([[466]], dtype=uint16))]]
