[[(array([[  50.89790103,  531.72688877],
         [  30.87835069,  516.71222602],
         [   8.85684531,  529.72493374],
         [  13.8617329 ,  457.65455251],
         [  31.87932821,  463.66041761],
         [  50.89790103,  477.67410285],
         [  57.90474365,  452.64966492],
         [ 103.94970944,  448.64575485],
         [  83.9301591 ,  478.67508037],
         [  78.92527151,  500.69658574],
         [ 104.95068696,  485.68192299],
         [ 103.94970944,  527.72297871],
         [ 147.99272019,  524.72004615],
         [ 169.01324805,  480.6770354 ],
         [ 165.00933798,  456.65357499],
         [ 144.98978764,  468.6653052 ],
         [ 127.97316985,  389.58808134],
         [ 212.05528129,  466.66335016],
         [ 235.07776418,  513.70929347],
         [ 214.05723632,  523.71906864],
         [ 238.08069673,  541.73666395],
         [ 298.13934776,  522.71809112],
         [ 315.15596555,  552.74741663],
         [ 309.15010045,  508.70440588],
         [ 328.16867327,  491.68778809],
         [ 345.18529106,  527.72297871],
         [ 366.20581892,  550.7454616 ],
         [ 385.22439175,  520.71613609],
         [ 350.19017865,  509.7053834 ],
         [ 376.21559409,  482.67899044],
         [ 408.24687464,  466.66335016],
         [ 453.29086291,  470.66726023],
         [ 442.28011022,  509.7053834 ],
         [ 462.29966056,  527.72297871],
         [ 518.35440152,  520.71613609],
         [ 527.36319918,  548.74350656],
         [ 492.32898608,  562.7571918 ],
         [ 597.43162537,  495.69169816],
         [ 572.40718745,  533.72884381],
         [ 441.2791327 ,  382.58123873],
         [ 508.34462635,  398.596879  ],
         [ 518.35440152,  345.54507059],
         [ 543.37883945,  341.54116052],
         [ 534.3700418 ,  324.52454273],
         [ 549.38470455,  398.596879  ],
         [ 596.43064786,  425.62327196],
         [ 601.43553544,  403.60176658],
         [ 587.4218502 ,  382.58123873],
         [ 566.40132234,  338.53822797],
         [ 684.51666936,  485.68192299],
         [ 668.50102909,  464.66139513],
         [ 644.47756868,  459.65650754],
         [ 633.46681599,  447.64477734],
         [ 641.47463613,  418.61642934],
         [ 703.53524219,  410.6086092 ],
         [ 678.51080426,  376.57537362],
         [ 657.4902764 ,  383.58221624],
         [ 641.47463613,  359.55875583],
         [ 654.48734385,  349.54898066],
         [ 673.50591667,  338.53822797],
         [ 748.57923046,  422.62033941],
         [ 757.58802811,  448.64575485],
         [ 747.57825294,  470.66726023],
         [ 736.56750025,  505.70147333],
         [ 714.54599487,  526.72200119],
         [ 724.55577005,  548.74350656],
         [ 794.62419624,  566.76110187],
         [ 800.63006135,  527.72297871],
         [ 772.60269087,  507.70342836],
         [ 821.65058921,  501.69756326],
         [ 838.667207  ,  516.71222602],
         [ 861.68968989,  516.71222602],
         [ 372.21168402,  291.49228467],
         [ 339.17942596,  282.48348701],
         [ 354.19408872,  264.46589171],
         [ 302.14325783,  258.4600266 ],
         [ 236.0787417 ,  264.46589171],
         [ 235.07776418,  285.48641957],
         [ 222.06505646,  305.50596991],
         [ 231.07385411,  329.52943032],
         [ 196.03964101,  335.53529542],
         [ 166.0103155 ,  319.51965515],
         [ 170.01422557,  291.49228467],
         [ 125.97121482,  253.45513902],
         [ 100.94677689,  291.49228467],
         [  21.86955304,  285.48641957],
         [  36.88421579,  253.45513902],
         [  41.88910338,  222.42483599],
         [ 107.95361951,  333.53334039],
         [ 132.97805744,  338.53822797],
         [ 146.99174268,  356.55582328],
         [  69.91647386,  398.596879  ],
         [  32.88030573,  368.56755349],
         [   7.8558678 ,  361.56071087],
         [  12.86075538,  401.59981155],
         [  39.88714835,  415.61349679],
         [  63.91060876,  335.53529542],
         [  82.92918158,  225.42776854],
         [  97.94384434,  230.43265612],
         [ 130.9761024 ,  222.42483599],
         [ 195.0386635 ,  219.42190344],
         [ 199.04257356,  265.46686922],
         [ 608.44237806,  319.51965515],
         [ 647.48050123,  277.47859943],
         [ 616.4501982 ,  270.47175681],
         [ 735.56652273,  265.46686922],
         [ 751.58216301,  241.44340881],
         [ 760.59096066,  220.42288095],
         [ 729.56065763,  197.40039806],
         [ 854.68284727,  244.44634136],
         [ 842.67111706,  271.47273433],
         [ 837.66622948,  299.50010481],
         [ 824.65352176,  324.52454273],
         [ 791.62126369,  312.51281253],
         [ 773.60366838,  326.52649777],
         [ 757.58802811,  348.54800314],
         [ 724.55577005,  350.54995818],
         [ 728.55968011,  317.51770011],
         [ 709.54110729,  289.49032963],
         [ 693.52546702,  271.47273433],
         [ 695.52742205,  219.42190344],
         [ 839.66818451,  361.56071087],
         [ 837.66622948,  392.5910139 ],
         [ 817.64667914,  384.58319376],
         [ 778.60855597,  369.568531  ],
         [ 784.61442107,  400.59883403],
         [ 729.56065763,  382.58123873],
         [ 893.72097044,  377.57635114],
         [ 923.75029595,  438.63597968],
         [ 887.71510533,  471.66823775],
         [ 887.71510533,  506.70245085],
         [ 936.76300367,  489.68583306],
         [ 957.78353153,  510.70636091],
         [ 938.76495871,  533.72884381],
         [ 989.81481208,  498.69463071],
         [1014.83925001,  470.66726023],
         [ 990.8157896 ,  445.6428223 ],
         [ 987.81285704,  411.60958672],
         [ 465.30259312,  307.50792494],
         [ 483.32018842,  287.4883746 ],
         [ 467.30454815,  273.47468936],
         [ 511.3475589 ,  268.46980177],
         [ 538.37395186,  239.44145378],
         [ 532.36808676,  219.42190344],
         [ 575.41012   ,  216.41897089],
         [ 581.4159851 ,  179.38280275],
         [ 566.40132234,  176.3798702 ],
         [ 540.3759069 ,  456.65357499],
         [ 556.39154717,  456.65357499],
         [ 551.38665959,  475.67214782],
         [ 477.31432332,  453.65064244],
         [ 449.28695284,  433.6310921 ],
         [ 421.25958236,  411.60958672],
         [ 353.1931112 ,  394.59296893],
         [ 328.16867327,  349.54898066],
         [ 311.15205548,  335.53529542],
         [ 323.16378569,  315.51574508],
         [ 279.12077493,  340.54018301],
         [ 261.10317963,  338.53822797],
         [ 261.10317963,  364.56364342],
         [ 299.14032528,  359.55875583],
         [ 192.03573095,  406.60469914],
         [ 212.05528129,  387.58612631],
         [ 424.26251491,  247.44927392],
         [ 437.27522264,  208.41115075],
         [ 452.28988539,  202.40528565],
         [ 462.29966056,  178.38182524],
         [ 462.29966056,  178.38182524],
         [ 464.3016156 ,  162.36618496],
         [ 384.22341423,  166.37009503],
         [ 520.35635656,  171.37498262],
         [ 528.36417669,  150.35445476],
         [ 544.37981697,  138.34272455],
         [ 569.40425489,  132.33685945],
         [ 584.41891765,   99.30460138],
         [ 609.44335558,  115.32024166],
         [ 604.43846799,   88.2938487 ],
         [ 624.45801834,   72.27820842],
         [ 688.52057943,   75.28114097],
         [ 701.53328715,   65.2713658 ],
         [ 771.60171335,   67.27332084],
         [ 813.64276907,   53.2596356 ],
         [ 825.65449927,   25.23226512],
         [ 849.67795968,   25.23226512],
         [ 896.72390299,   18.2254225 ],
         [ 961.7874416 ,   29.23617519],
         [ 993.81872215,   34.24106277],
         [1015.84022752,   54.26061311],
         [1001.82654228,   54.26061311],
         [ 973.79917181,   53.2596356 ],
         [ 957.78353153,   67.27332084],
         [ 942.76886878,   58.26452318],
         [ 973.79917181,  107.31242152],
         [ 990.8157896 ,  114.31926414],
         [ 950.77668891,  114.31926414],
         [ 950.77668891,  101.30655642],
         [ 924.75127347,   76.28211849],
         [ 936.76300367,  134.33881448],
         [ 924.75127347,  127.33197186],
         [ 898.72585802,  130.33490441],
         [ 888.71608285,  111.31633159],
         [ 900.72781306,  100.3055789 ],
         [1018.84316008,  158.36227489],
         [ 990.8157896 ,  157.36129738],
         [ 971.79721677,  169.37302758],
         [ 920.7473634 ,  169.37302758],
         [ 914.7414983 ,  213.41603833],
         [ 942.76886878,  204.40724068],
         [ 934.76104864,  234.43656619],
         [ 914.7414983 ,  240.4424313 ],
         [ 894.72194795,  229.43167861],
         [ 872.70044258,  211.4140833 ],
         [ 966.79232919,  258.4600266 ],
         [1007.83240739,  261.46295916],
         [ 970.79623925,  213.41603833],
         [ 984.80992449,  205.4082182 ],
         [ 877.70533016,  146.35054469],
         [ 851.67991472,  123.32806179],
         [ 840.66916203,  155.35934234],
         [ 794.62419624,  132.33685945],
         [ 778.60855597,  152.35640979],
         [ 810.63983652,  190.39355544],
         [ 827.65645431,  208.41115075],
         [ 838.667207  ,  222.42483599],
         [ 805.63494893,  213.41603833],
         [ 824.65352176,  255.45709405],
         [ 780.610511  ,  282.48348701],
         [ 939.76593622,  320.52063266],
         [ 921.74834092,  287.4883746 ],
         [ 901.72879057,  310.51085749],
         [ 903.73074561,  278.47957695],
         [ 759.58998314,  174.37791517],
         [ 743.57434287,  169.37302758],
         [ 751.58216301,  106.311444  ],
         [ 786.61637611,   90.29580373],
         [ 801.63103886,  107.31242152],
         [ 728.55968011,  141.3456571 ],
         [ 692.5244895 ,  164.36814   ],
         [ 660.49320895,  125.33001683],
         [ 645.47854619,   97.30264635],
         [ 653.48636633,   80.28602856],
         [ 523.35928911,   69.27527587],
         [ 653.48636633,  222.42483599],
         [ 615.44922068,  234.43656619],
         [ 631.46486096,  257.45904909],
         [ 607.44140054,  258.4600266 ],
         [ 577.41207503,  270.47175681],
         [ 583.41794013,  286.48739708],
         [ 536.37199683,  264.46589171],
         [ 484.32116594,  222.42483599],
         [ 875.70337513,  352.55191321],
         [ 118.9643722 ,  144.34858965],
         [ 112.95850709,  103.30851145],
         [ 112.95850709,  103.30851145],
         [ 125.97121482,   90.29580373],
         [ 108.95459703,   71.2772309 ],
         [ 171.01520309,   60.26647822],
         [ 185.02888833,   47.25377049],
         [ 299.14032528,   85.29091614],
         [ 319.15987562,   67.27332084],
         [ 218.06114639,   67.27332084],
         [ 212.05528129,   89.29482621],
         [ 243.08558432,  118.32317421],
         [ 241.08362928,  146.35054469],
         [ 332.17258334,  225.42776854],
         [ 365.2048414 ,  199.40235309],
         [ 338.17844844,  197.40039806],
         [ 336.17649341,  169.37302758],
         [ 351.19115617,  150.35445476],
         [ 375.21461658,  141.3456571 ],
         [ 315.15596555,  142.34663462],
         [ 287.12859507,  120.32512924],
         [ 299.14032528,  433.6310921 ],
         [ 334.17453837,  439.6369572 ],
         [ 360.19995382,  434.63206961],
         [ 373.21266154,  454.65161996],
         [ 340.18040348,  464.66139513],
         [ 279.12077493,  446.64379982],
         [ 255.09731452,  439.6369572 ],
         [ 235.07776418,  431.62913706],
         [  66.91354131,  206.40919571],
         [  73.92038393,  183.38671282],
         [ 108.95459703,  184.38769034],
         [ 130.9761024 ,  187.39062289],
         [ 140.98587757,  172.37596013],
         [ 129.97512488,  122.32708428],
         [ 152.99760778,  141.3456571 ],
         [ 190.03377591,  127.33197186],
         [ 194.03768598,  104.30948897],
         [ 126.97219233,   30.2371527 ],
         [ 126.97219233,   30.2371527 ],
         [ 166.0103155 ,   22.22933257],
         [  85.93211413,   20.22737753],
         [  43.89105841,   34.24106277],
         [  55.90278862,   69.27527587],
         [  39.88714835,  100.3055789 ],
         [  18.86662049,  116.32121917],
         [  31.87932821,  138.34272455],
         [  15.86368793,  208.41115075],
         [ 212.05528129,   29.23617519],
         [ 246.08851687,   22.22933257],
         [ 270.11197728,   22.22933257],
         [ 253.09535949,   92.29775876],
         [ 154.99956281,    6.21369229],
         [ 361.20093134,   41.24790539],
         [ 529.36515421,  125.33001683],
         [ 505.3416938 ,  100.3055789 ],
         [ 478.31530084,   82.28798359],
         [ 435.2732676 ,  118.32317421],
         [ 406.24491961,  115.32024166],
         [ 475.31236829,  120.32512924],
         [ 677.50982674,  195.39844303],
         [ 668.50102909,  183.38671282],
         [ 632.46583847,  179.38280275],
         [ 856.6848023 ,   43.24986043],
         [ 856.6848023 ,   76.28211849],
         [ 871.69946506,   92.29775876],
         [ 892.71999292,   87.29287118],
         [ 895.72292547,   57.26354567],
         [ 712.54403984,  389.58808134],
         [ 706.53817474,  361.56071087],
         [ 813.64276907,  419.61740686],
         [ 426.26446995,  305.50596991],
         [ 426.26446995,  289.49032963],
         [ 408.24687464,  268.46980177],
         [ 384.22341423,  289.49032963],
         [ 311.15205548,  293.4942397 ],
         [ 427.26544747,  352.55191321],
         [ 546.381772  ,  103.30851145],
         [ 717.54892743,  183.38671282],
         [ 691.52351198,  452.64966492],
         [ 474.31139077,  250.45220647],
         [ 436.27424512,  223.42581351],
         [ 113.95948461,  537.73275388],
         [ 412.25078471,  447.64477734],
         [ 259.10122459,  261.46295916],
         [ 240.08265177,  237.43949874],
         [ 260.10220211,  211.4140833 ],
         [ 213.0562588 ,  208.41115075],
         [ 207.0503937 ,  176.3798702 ],
         [ 204.04746115,  152.35640979],
         [ 493.32996359,  137.34174703],
         [ 440.27815519,  142.34663462],
         [ 415.25371726,  167.37107255],
         [ 260.10220211,  509.7053834 ],
         [  76.92331648,  110.31535407],
         [ 398.23709947,  209.41212827],
         [ 578.41305255,   65.2713658 ],
         [ 787.61735362,  218.42092592],
         [ 507.34364883,   46.25279298],
         [ 108.95459703,  394.59296893],
         [1011.83631746,  219.42190344],
         [ 476.54434062,  341.47516201],
         [ 279.10977518,  224.34429288],
         [ 287.29359136,  199.79284432],
         [ 348.67221274,  312.32031685],
         [ 424.37251244,  151.71292424],
         [ 425.39548947,  110.79384332],
         [ 533.8310539 ,  500.54808908],
         [ 512.34853642,  492.3642729 ],
         [ 510.30258237,  332.77985731],
         [ 532.80807688,  184.44818898],
         [ 571.68120375,   79.08155561],
         [ 636.1287562 ,  163.98864852],
         [ 635.10577918,   81.12750966],
         [ 817.19568927,   95.44918798],
         [1012.58430066,  143.52910806]]), array([[367]], dtype=uint16))]]
