[[(array([[ 192.94920427,  517.57793765],
         [ 244.5175496 ,  496.29576339],
         [ 209.32010755,  460.27977618],
         [ 247.79173025,  451.27577938],
         [ 242.88045927,  425.9008793 ],
         [ 283.80771746,  429.99360512],
         [ 207.68301722,  391.52198241],
         [ 193.76774944,  360.41726619],
         [ 206.86447206,  361.23581135],
         [ 180.67102681,  355.5059952 ],
         [ 167.57430419,  350.59472422],
         [ 164.30012354,  357.9616307 ],
         [ 153.65903641,  355.5059952 ],
         [ 179.03393649,  366.14708233],
         [ 131.55831698,  347.32054357],
         [ 111.91323305,  348.95763389],
         [ 111.91323305,  360.41726619],
         [ 106.1834169 ,  360.41726619],
         [ 129.10268149,  363.69144684],
         [ 108.63905239,  369.42126299],
         [ 118.46159436,  375.9696243 ],
         [  88.99396846,  373.51398881],
         [  61.98197805,  363.69144684],
         [  66.07470387,  378.42525979],
         [  26.78453601,  387.42925659],
         [  28.42162634,  366.9656275 ],
         [  16.14344888,  383.33653078],
         [   6.32090691,  366.9656275 ],
         [  16.96199404,  353.05035971],
         [  30.05871666,  326.85691447],
         [  52.15943609,  334.22382094],
         [  66.07470387,  331.76818545],
         [  87.35687813,  335.04236611],
         [  73.44161035,  326.85691447],
         [  79.1714265 ,  449.63868905],
         [ 125.00995567,  473.3764988 ],
         [ 156.93321706,  427.53796962],
         [ 171.66703001,  395.61470823],
         [ 166.75575903,  366.14708233],
         [ 152.84049124,  473.3764988 ],
         [ 297.72298525,  353.05035971],
         [ 330.4647918 ,  362.05435651],
         [ 404.95240171,  353.05035971],
         [ 447.51675024,  346.5019984 ],
         [ 397.58549524,  384.15507594],
         [ 362.38805319,  409.52997602],
         [ 329.64624664,  425.9008793 ],
         [ 402.49676622,  415.25979217],
         [ 391.03713393,  418.53397282],
         [ 419.68621466,  422.62669864],
         [ 409.04512753,  437.36051159],
         [ 396.76695008,  452.9128697 ],
         [ 368.11786934,  461.09832134],
         [ 395.12985975,  474.19504396],
         [ 421.32330499,  458.64268585],
         [ 474.52874064,  513.48521183],
         [ 505.63345687,  523.3077538 ],
         [ 511.36327302,  471.73940847],
         [ 448.3352954 ,  464.372502  ],
         [ 476.98437614,  455.3685052 ],
         [ 470.43601482,  438.17905675],
         [ 503.99636654,  427.53796962],
         [ 519.54872466,  402.98161471],
         [ 560.47598285,  416.07833733],
         [ 547.37926023,  464.372502  ],
         [ 530.18981179,  452.9128697 ],
         [ 571.93561514,  447.18305356],
         [ 563.75016351,  454.54996003],
         [ 571.11706998,  551.95683453],
         [ 598.94760555,  565.05355715],
         [ 566.205799  ,  584.69864109],
         [ 682.43921227,  531.49320544],
         [ 688.16902841,  578.96882494],
         [ 733.18901243,  524.12629896],
         [ 725.00356079,  487.29176659],
         [ 652.1530412 ,  466.82813749],
         [ 665.24976383,  452.9128697 ],
         [ 637.41922825,  435.72342126],
         [ 598.12906039,  429.99360512],
         [ 603.04033137,  398.88888889],
         [ 624.32250563,  412.80415667],
         [ 621.04832498,  395.61470823],
         [ 581.75815711,  397.25179856],
         [ 598.12906039,  344.04636291],
         [ 707.81411235,  421.80815348],
         [ 763.47518349,  429.99360512],
         [ 712.72538333,  464.372502  ],
         [ 761.83809316,  540.49720224],
         [ 768.38645447,  520.85211831],
         [ 781.48317709,  532.3117506 ],
         [ 788.85008357,  515.12230216],
         [ 811.76934816,  553.59392486],
         [ 806.03953201,  484.01758593],
         [ 787.21299324,  425.9008793 ],
         [ 830.59588693,  421.80815348],
         [ 837.14424824,  460.27977618],
         [ 819.9547998 ,  608.43645084],
         [ 875.61587094,  496.29576339],
         [ 937.00675823,  517.57793765],
         [ 942.73657438,  613.34772182],
         [ 981.20819708,  527.40047962],
         [ 964.01874864,  519.21502798],
         [1002.49037134,  542.13429257],
         [ 992.66782937,  484.01758593],
         [ 981.20819708,  458.64268585],
         [ 969.74856478,  455.3685052 ],
         [ 937.00675823,  466.82813749],
         [ 950.10348085,  445.54596323],
         [ 944.3736647 ,  437.36051159],
         [ 932.09548725,  422.62669864],
         [ 933.73257757,  395.61470823],
         [ 950.92202602,  416.07833733],
         [ 964.01874864,  414.441247  ],
         [ 960.74456798,  402.98161471],
         [1016.40563913,  391.52198241],
         [1000.85328101,  445.54596323],
         [1022.13545527,  471.73940847],
         [ 883.80132258,  437.36051159],
         [ 621.86687014,  429.99360512],
         [ 603.85887654,  409.52997602],
         [ 864.97478381,  414.441247  ],
         [ 903.44640651,  421.80815348],
         [1003.3089165 ,  412.80415667],
         [  85.71978781,  326.0383693 ],
         [  55.43361674,  318.67146283],
         [ 405.77094688,  512.66666667],
         [ 652.97158637,  399.70743405],
         [ 615.31850883,  356.32454037],
         [ 635.78213793,  352.23181455],
         [ 643.1490444 ,  344.04636291],
         [ 806.85807717,  458.64268585],
         [ 844.51115471,  367.78417266],
         [ 824.86607078,  358.78017586],
         [ 803.58389652,  358.78017586],
         [ 743.83009956,  363.69144684],
         [ 729.91483177,  358.78017586],
         [ 752.83409636,  355.5059952 ],
         [ 312.15488215,  326.38608305],
         [ 944.30751964,  326.38608305]]), array([[139]], dtype=uint8))]]
