[[(array([[  39.90740741,  807.67592593],
         [  32.77777778,  785.26851852],
         [  62.31481481,  751.65740741],
         [ 120.37037037,  778.13888889],
         [ 168.24074074,  799.52777778],
         [ 163.14814815,  736.37962963],
         [ 138.7037037 ,  717.02777778],
         [ 117.31481481,  682.39814815],
         [  46.01851852,  670.17592593],
         [  94.90740741,  641.65740741],
         [  69.44444444,  633.50925926],
         [  89.81481481,  596.84259259],
         [  49.07407407,  580.5462963 ],
         [  48.05555556,  546.93518519],
         [  41.94444444,  525.5462963 ],
         [ 132.59259259,  634.52777778],
         [ 166.2037037 ,  613.13888889],
         [ 136.66666667,  604.99074074],
         [ 201.85185185,  618.23148148],
         [ 226.2962963 ,  675.26851852],
         [ 267.03703704,  759.80555556],
         [ 278.24074074,  676.28703704],
         [ 299.62962963,  651.84259259],
         [ 281.2962963 ,  586.65740741],
         [ 249.72222222,  571.37962963],
         [ 176.38888889,  565.26851852],
         [ 196.75925926,  552.02777778],
         [ 204.90740741,  510.26851852],
         [ 337.31481481,  603.97222222],
         [ 366.85185185,  606.00925926],
         [ 393.33333333,  625.36111111],
         [ 410.64814815,  663.0462963 ],
         [ 420.83333333,  699.71296296],
         [ 393.33333333,  734.34259259],
         [ 396.38888889,  769.99074074],
         [ 375.        ,  709.89814815],
         [ 324.07407407,  731.28703704],
         [ 505.37037037,  710.91666667],
         [ 558.33333333,  683.41666667],
         [ 512.5       ,  614.15740741],
         [ 524.72222222,  585.63888889],
         [ 460.55555556,  593.78703704],
         [ 468.7037037 ,  568.32407407],
         [ 500.27777778,  575.4537037 ],
         [ 434.07407407,  572.39814815],
         [ 415.74074074,  552.02777778],
         [ 417.77777778,  509.25      ],
         [ 445.27777778,  488.87962963],
         [ 459.53703704,  526.56481481],
         [ 376.01851852,  499.06481481],
         [ 335.27777778,  484.80555556],
         [ 663.24074074,  803.60185185],
         [ 711.11111111,  787.30555556],
         [ 769.16666667,  720.08333333],
         [ 794.62962963,  787.30555556],
         [ 824.16666667,  732.30555556],
         [ 913.7962963 ,  690.5462963 ],
         [ 889.35185185,  704.80555556],
         [ 880.18518519,  683.41666667],
         [ 944.35185185,  635.5462963 ],
         [ 942.31481481,  720.08333333],
         [ 949.44444444,  747.58333333],
         [ 971.85185185,  780.17592593],
         [ 972.87037037,  806.65740741],
         [ 782.40740741,  596.84259259],
         [ 743.7037037 ,  575.4537037 ],
         [ 716.2037037 ,  579.52777778],
         [ 689.72222222,  549.99074074],
         [ 676.48148148,  496.00925926],
         [ 625.55555556,  485.82407407],
         [ 569.53703704,  511.28703704],
         [ 544.07407407,  476.65740741],
         [ 506.38888889,  507.21296296],
         [ 564.44444444,  487.86111111],
         [ 619.44444444,  575.4537037 ],
         [ 669.35185185,  618.23148148],
         [ 884.25925926,  521.47222222],
         [ 859.81481481,  523.50925926],
         [ 875.09259259,  480.73148148],
         [ 978.98148148,  470.5462963 ],
         [ 968.7962963 ,  450.17592593],
         [ 947.40740741,  424.71296296],
         [ 976.94444444,  386.00925926],
         [ 918.88888889,  373.78703704],
         [ 887.31481481,  382.9537037 ],
         [ 855.74074074,  376.84259259],
         [ 870.        ,  322.86111111],
         [ 914.81481481,  272.9537037 ],
         [ 965.74074074,  320.82407407],
         [ 955.55555556,  244.43518519],
         [ 927.03703704,  241.37962963],
         [ 978.98148148,  274.99074074],
         [ 928.05555556,  196.56481481],
         [ 952.5       ,  177.21296296],
         [ 921.94444444,  172.12037037],
         [ 953.51851852,  139.52777778],
         [ 893.42592593,  150.73148148],
         [ 845.55555556,  143.60185185],
         [ 828.24074074,  191.47222222],
         [ 862.87037037,  215.91666667],
         [ 867.96296296,  197.58333333],
         [ 841.48148148,  229.15740741],
         [ 823.14814815,  249.52777778],
         [ 843.51851852,  295.36111111],
         [ 805.83333333,  285.17592593],
         [ 786.48148148,  271.93518519],
         [ 770.18518519,  255.63888889],
         [ 791.57407407,  235.26851852],
         [ 760.        ,  206.75      ],
         [ 760.        ,  182.30555556],
         [ 775.27777778,  152.76851852],
         [ 724.35185185,  179.25      ],
         [ 803.7962963 ,  405.36111111],
         [ 774.25925926,  414.52777778],
         [ 799.72222222,  369.71296296],
         [ 777.31481481,  338.13888889],
         [ 761.01851852,  286.19444444],
         [ 733.51851852,  271.93518519],
         [ 732.5       ,  251.56481481],
         [ 689.72222222,  224.06481481],
         [ 723.33333333,  209.80555556],
         [ 776.2962963 ,  492.9537037 ],
         [ 796.66666667,  514.34259259],
         [ 738.61111111,  486.84259259],
         [ 722.31481481,  450.17592593],
         [ 743.7037037 ,  429.80555556],
         [ 695.83333333,  426.75      ],
         [ 699.90740741,  389.06481481],
         [ 702.96296296,  357.49074074],
         [ 717.22222222,  326.93518519],
         [ 703.98148148,  306.56481481],
         [ 685.64814815,  339.15740741],
         [ 665.27777778,  271.93518519],
         [ 661.2037037 ,  243.41666667],
         [ 642.87037037,  203.69444444],
         [ 659.16666667,  198.60185185],
         [ 643.88888889,  168.0462963 ],
         [ 611.2962963 ,  147.67592593],
         [ 697.87037037,  138.50925926],
         [ 573.61111111,  149.71296296],
         [ 588.88888889,  140.5462963 ],
         [ 551.2037037 ,  172.12037037],
         [ 538.98148148,  148.69444444],
         [ 498.24074074,  163.97222222],
         [ 483.98148148,  142.58333333],
         [ 470.74074074,  158.87962963],
         [ 461.57407407,  140.5462963 ],
         [ 458.51851852,  180.26851852],
         [ 457.5       ,  218.97222222],
         [ 512.5       ,  196.56481481],
         [ 499.25925926,  189.43518519],
         [ 561.38888889,  209.80555556],
         [ 552.22222222,  241.37962963],
         [ 606.2037037 ,  255.63888889],
         [ 631.66666667,  234.25      ],
         [ 632.68518519,  252.58333333],
         [ 625.55555556,  312.67592593],
         [ 642.87037037,  329.99074074],
         [ 629.62962963,  373.78703704],
         [ 643.88888889,  398.23148148],
         [ 627.59259259,  424.71296296],
         [ 587.87037037,  390.08333333],
         [ 592.96296296,  356.47222222],
         [ 585.83333333,  306.56481481],
         [ 558.33333333,  291.28703704],
         [ 536.94444444,  285.17592593],
         [ 518.61111111,  270.91666667],
         [ 507.40740741,  256.65740741],
         [ 499.25925926,  237.30555556],
         [ 554.25925926,  425.73148148],
         [ 540.        ,  369.71296296],
         [ 515.55555556,  407.39814815],
         [ 483.98148148,  414.52777778],
         [ 480.92592593,  443.0462963 ],
         [ 450.37037037,  422.67592593],
         [ 473.7962963 ,  370.73148148],
         [ 497.22222222,  338.13888889],
         [ 520.64814815,  333.0462963 ],
         [ 435.09259259,  319.80555556],
         [ 448.33333333,  302.49074074],
         [ 458.51851852,  264.80555556],
         [ 441.2037037 ,  231.19444444],
         [ 394.35185185,  437.9537037 ],
         [ 401.48148148,  474.62037037],
         [ 415.74074074,  397.21296296],
         [ 398.42592593,  381.93518519],
         [ 342.40740741,  345.26851852],
         [ 394.35185185,  308.60185185],
         [ 358.7037037 ,  311.65740741],
         [ 275.18518519,  481.75      ],
         [ 288.42592593,  519.43518519],
         [ 258.88888889,  464.43518519],
         [ 283.33333333,  423.69444444],
         [ 333.24074074,  408.41666667],
         [ 299.62962963,  386.00925926],
         [ 299.62962963,  338.13888889],
         [ 306.75925926,  300.4537037 ],
         [ 333.24074074,  299.43518519],
         [ 358.7037037 ,  263.78703704],
         [ 397.40740741,  271.93518519],
         [ 408.61111111,  230.17592593],
         [ 422.87037037,  189.43518519],
         [ 428.98148148,  168.0462963 ],
         [ 420.83333333,  148.69444444],
         [ 395.37037037,  158.87962963],
         [ 375.        ,  150.73148148],
         [ 348.51851852,  150.73148148],
         [ 355.64814815,  161.93518519],
         [ 367.87037037,  175.17592593],
         [ 391.2962963 ,  193.50925926],
         [ 380.09259259,  230.17592593],
         [ 353.61111111,  191.47222222],
         [ 330.18518519,  194.52777778],
         [ 320.        ,  175.17592593],
         [ 321.01851852,  147.67592593],
         [ 333.24074074,  136.47222222],
         [ 295.55555556,  151.75      ],
         [ 321.01851852,  227.12037037],
         [ 332.22222222,  262.76851852],
         [ 280.27777778,  254.62037037],
         [ 283.33333333,  219.99074074],
         [ 259.90740741,  211.84259259],
         [ 263.98148148,  188.41666667],
         [ 265.        ,  191.47222222],
         [ 269.07407407,  154.80555556],
         [ 236.48148148,  161.93518519],
         [ 240.55555556,  142.58333333],
         [ 216.11111111,  144.62037037],
         [ 233.42592593,  182.30555556],
         [ 222.22222222,  222.02777778],
         [ 242.59259259,  248.50925926],
         [ 261.94444444,  261.75      ],
         [ 262.96296296,  268.87962963],
         [ 262.96296296,  294.34259259],
         [ 270.09259259,  318.78703704],
         [ 249.72222222,  340.17592593],
         [ 262.96296296,  369.71296296],
         [ 225.27777778,  380.91666667],
         [ 228.33333333,  339.15740741],
         [ 205.92592593,  327.9537037 ],
         [ 189.62962963,  298.41666667],
         [ 203.88888889,  260.73148148],
         [ 200.83333333,  243.41666667],
         [ 199.81481481,  216.93518519],
         [ 177.40740741,  136.47222222],
         [ 182.5       ,  163.97222222],
         [ 150.92592593,  147.67592593],
         [ 164.16666667,  178.23148148],
         [ 186.57407407,  183.32407407],
         [ 184.53703704,  195.5462963 ],
         [ 176.38888889,  207.76851852],
         [ 170.27777778,  254.62037037],
         [ 111.2037037 ,  151.75      ],
         [  96.94444444,  171.10185185],
         [  80.64814815,  164.99074074],
         [  87.77777778,  149.71296296],
         [  43.98148148,  139.52777778],
         [  12.40740741,  138.50925926],
         [  22.59259259,  174.15740741],
         [  24.62962963,  194.52777778],
         [  37.87037037,  187.39814815],
         [  53.14814815,  188.41666667],
         [  71.48148148,  206.75      ],
         [ 100.        ,  232.21296296],
         [  71.48148148,  244.43518519],
         [  24.62962963,  238.32407407],
         [  13.42592593,  265.82407407],
         [  43.98148148,  269.89814815],
         [  75.55555556,  263.78703704],
         [  69.44444444,  289.25      ],
         [  33.7962963 ,  309.62037037],
         [  92.87037037,  293.32407407],
         [ 115.27777778,  295.36111111],
         [ 138.7037037 ,  310.63888889],
         [ 141.75925926,  255.63888889],
         [ 126.48148148,  236.28703704],
         [ 134.62962963,  212.86111111],
         [ 137.68518519,  195.5462963 ],
         [   9.35185185,  391.10185185],
         [   9.35185185,  347.30555556],
         [  27.68518519,  396.19444444],
         [  53.14814815,  402.30555556],
         [  70.46296296,  335.08333333],
         [  88.7962963 ,  331.00925926],
         [ 106.11111111,  331.00925926],
         [  90.83333333,  356.47222222],
         [ 109.16666667,  367.67592593],
         [ 145.83333333,  365.63888889],
         [ 172.31481481,  369.71296296],
         [ 116.2962963 ,  410.4537037 ],
         [ 145.83333333,  407.39814815],
         [ 180.46296296,  410.4537037 ],
         [ 214.07407407,  420.63888889],
         [ 206.94444444,  451.19444444],
         [ 227.31481481,  443.0462963 ],
         [ 146.85185185,  500.08333333],
         [ 134.62962963,  464.43518519],
         [ 103.05555556,  466.47222222],
         [  92.87037037,  490.91666667],
         [  75.55555556,  445.08333333],
         [  12.40740741,  438.97222222],
         [   8.33333333,  484.80555556],
         [ 125.46296296,  502.12037037],
         [ 354.62962963,  350.36111111],
         [ 670.37037037,  167.02777778],
         [ 443.24074074,  202.67592593],
         [1013.35413929,   93.19053876],
         [ 978.6629435 ,  100.77923784],
         [ 992.75624179,  164.74113009],
         [1019.8587385 ,  280.73981603],
         [1009.01773982,  334.94480946],
         [ 982.99934297,  265.56241787],
         [ 904.94415243,   87.77003942],
         [ 959.14914586,   74.760841  ],
         [ 876.75755585,   75.84494087],
         [ 826.88896189,   71.50854139],
         [ 795.4500657 ,   75.84494087],
         [ 784.60906702,   95.3587385 ],
         [ 810.62746386,  120.29303548],
         [ 847.4868594 ,  121.37713535],
         [ 805.20696452,  127.88173456],
         [ 781.35676741,  124.62943495],
         [ 762.92706965,  121.37713535],
         [ 737.99277267,  108.36793693],
         [ 732.57227332,   89.93823916],
         [ 718.47897503,   71.50854139],
         [ 689.20827858,   91.02233903],
         [ 671.86268068,   93.19053876],
         [ 668.61038108,  121.37713535],
         [ 688.12417871,   72.59264126],
         [ 640.42378449,   76.92904074],
         [ 632.83508541,   99.69513798],
         [ 600.31208936,   98.61103811],
         [ 586.21879106,  118.12483574],
         [ 640.42378449,  141.97503285],
         [ 576.46189225,   84.51773982],
         [ 558.03219448,   72.59264126],
         [ 543.93889619,  110.53613666],
         [ 521.17279895,   99.69513798],
         [ 509.24770039,  122.46123522],
         [ 497.32260184,   93.19053876],
         [ 491.9021025 ,   76.92904074],
         [ 460.46320631,   84.51773982],
         [ 444.20170828,   98.61103811],
         [ 463.71550591,  122.46123522],
         [ 439.8653088 ,  125.71353482],
         [ 394.33311432,  115.95663601],
         [ 414.93101183,   93.19053876],
         [ 395.41721419,   87.77003942],
         [ 429.02431012,   74.760841  ],
         [ 375.90341656,   85.60183968],
         [ 370.48291721,  106.19973719],
         [ 335.79172142,  105.11563732],
         [ 322.782523  ,   85.60183968],
         [ 343.3804205 ,   71.50854139],
         [ 294.59592641,   75.84494087],
         [ 295.68002628,   97.52693824],
         [ 283.75492773,  117.04073587],
         [ 308.6892247 ,  135.47043364],
         [ 260.98883049,  128.96583443],
         [ 247.97963206,   97.52693824],
         [ 232.8022339 ,   85.60183968],
         [ 224.12943495,   78.0131406 ],
         [ 200.27923784,   74.760841  ],
         [ 184.01773982,   91.02233903],
         [ 236.05453351,  110.53613666],
         [ 216.54073587,  122.46123522],
         [ 200.27923784,  123.54533509],
         [ 164.50394218,   93.19053876],
         [ 146.07424442,   79.09724047],
         [ 116.80354796,   82.34954008],
         [ 111.38304862,  115.95663601],
         [  90.78515112,  107.28383706],
         [  83.19645204,   73.67674113],
         [  59.34625493,   74.760841  ],
         [  68.01905388,  104.03153745],
         [  42.00065703,  101.86333771],
         [  37.66425756,   80.18134034],
         [  19.23455979,  101.86333771],
         [ 514.85348226,   49.01346912],
         [ 550.08672799,   45.21911958],
         [ 583.69382392,   40.88272011],
         [ 599.95532194,   65.81701708],
         [ 618.92706965,  108.09691196],
         [ 615.13272011,  193.74080158],
         [ 599.95532194,  296.18823916],
         [ 621.63731932,  316.24408673],
         [ 491.54533509,   63.10676741],
         [ 431.37779238,   46.84526938],
         [ 409.69579501,   47.38731932],
         [ 366.8738502 ,   49.01346912],
         [ 385.8455979 ,   64.73291721],
         [ 386.38764783,   40.34067017],
         [ 308.33245729,   39.79862024],
         [ 288.81865966,   45.76116951],
         [ 273.6412615 ,   51.72371879],
         [ 253.58541393,   65.27496715],
         [ 256.2956636 ,   41.42477004],
         [ 228.65111695,   43.05091984],
         [ 241.66031537,   37.6304205 ],
         [ 190.70762155,   52.80781866],
         [ 178.782523  ,   52.26576873],
         [ 167.94152431,   65.81701708],
         [ 155.47437582,   49.55551905],
         [ 126.7457293 ,   45.76116951],
         [ 144.0913272 ,   51.18166886],
         [ 352.78055191,   38.71452037],
         [ 332.72470434,   45.21911958],
         [ 329.47240473,   57.68626807],
         [ 309.9586071 ,   68.52726675],
         [ 222.68856767,   56.6021682 ],
         [ 204.80091984,   42.50886991],
         [ 191.24967148,  320.5804862 ],
         [ 180.4086728 ,  308.65538765],
         [ 371.75229961,  247.40374507],
         [  43.86371756,   46.2481675 ],
         [  20.74190005,   57.80907626],
         [   6.20818619,   51.86346604],
         [  12.81441976,   39.97224561],
         [  76.89488543,   40.30255728],
         [  99.68639126,   51.86346604],
         [ 113.88979345,   40.30255728],
         [ 249.31758172,   28.08102517],
         [ 166.07903868,   30.7235186 ],
         [ 200.43145327,   23.45666167],
         [ 117.52322191,   70.69123173],
         [  48.81839274,  120.56829521],
         [  73.92208032,  136.09294411],
         [ 167.73059708,  130.47764557],
         [ 242.71134814,  131.79889229],
         [  58.7277431 ,  100.41928281],
         [  76.6574614 ,   44.43145327],
         [ 109.68862927,   47.73457006],
         [ 623.41617732,  376.2271836 ],
         [ 540.17763428,  221.31100628],
         [ 551.40823136,  418.1767668 ],
         [   5.87787451,  188.44734519],
         [ 357.4223883 ,   66.23202406],
         [ 584.0161999 ,   48.39519341],
         [ 504.91130092,   29.22864652],
         [ 488.64980289,   21.63994744],
         [ 508.16360053,   12.96714849],
         [ 457.2109067 ,   16.21944809],
         [ 924.45795007,   44.40604468],
         [ 877.84165572,   45.49014455],
         [ 852.90735874,   70.42444152],
         [ 829.05716163,   30.31274639],
         [ 844.23455979,   10.79894875],
         [ 875.67345598,   12.96714849],
         [ 797.61826544,   44.40604468],
         [ 772.68396846,   50.91064389],
         [ 751.00197109,   27.06044678],
         [ 733.65637319,   12.96714849],
         [ 713.05847569,   10.79894875],
         [ 670.77858081,   47.65834428],
         [ 665.35808147,   19.4717477 ],
         [ 631.75098555,   21.63994744],
         [ 632.83508541,   48.74244415],
         [ 606.81668857,   17.30354796],
         [ 586.21879106,   10.79894875],
         [ 555.86399474,   20.55584757],
         [ 411.67871222,   15.13534823],
         [ 381.3239159 ,   11.88304862],
         [ 362.89421813,   11.88304862],
         [ 332.53942181,   29.22864652],
         [ 328.20302234,    6.46254928],
         [ 294.59592641,   20.55584757],
         [ 269.66162943,   11.88304862],
         [ 292.42772668,    7.54664915],
         [ 206.78383706,    8.63074901],
         [ 242.55913272,    7.54664915],
         [ 182.93363995,    9.71484888],
         [ 146.07424442,   11.88304862],
         [ 101.6261498 ,   11.88304862],
         [ 120.05584757,    8.63074901],
         [  57.17805519,   10.79894875],
         [  38.74835742,   10.79894875],
         [   9.47766097,   17.30354796],
         [ 976.49474376,   22.72404731],
         [ 955.89684625,   15.13534823],
         [ 561.28449409,    9.71484888],
         [ 782.44086728,    7.54664915],
         [ 759.67477004,    5.37844941],
         [ 898.43955322,  111.62023653],
         [ 923.3738502 ,  326.27201051],
         [1010.10183968,  658.0065703 ]]), array([[486]], dtype=uint16))]]
