[[(array([[ 2.57922078e+01,  4.87918831e+02],
         [ 1.45110390e+02,  4.18113636e+02],
         [ 2.04363636e+02,  3.57237013e+02],
         [ 1.90564935e+02,  3.19899351e+02],
         [ 2.23032468e+02,  2.34672078e+02],
         [ 9.47857143e+01,  1.79477273e+02],
         [ 7.28701299e+01,  1.67301948e+02],
         [ 1.19935065e+01,  1.52691558e+02],
         [ 2.25324675e+00,  1.81912338e+02],
         [ 3.22857143e+01,  1.21847403e+02],
         [ 2.33571429e+01,  9.66850649e+01],
         [ 2.17337662e+01,  2.36331169e+01],
         [ 4.68831169e+00,  1.38928571e+01],
         [ 7.93636364e+01,  6.90876623e+01],
         [ 8.26103896e+01,  4.79837662e+01],
         [ 1.08584416e+02,  1.63279221e+01],
         [ 1.56474026e+02,  1.95746753e+01],
         [ 1.39428571e+02,  4.23019481e+01],
         [ 1.16701299e+02,  5.04188312e+01],
         [ 1.87318182e+02,  4.79837662e+01],
         [ 1.77577922e+02,  7.07110390e+01],
         [ 1.34558442e+02,  8.77564935e+01],
         [ 1.28876623e+02,  1.23470779e+02],
         [ 1.77577922e+02,  1.50256494e+02],
         [ 2.19785714e+02,  1.48633117e+02],
         [ 2.37642857e+02,  1.42951299e+02],
         [ 2.52253247e+02,  1.85970779e+02],
         [ 3.05012987e+02,  1.59996753e+02],
         [ 3.53714286e+02,  1.74607143e+02],
         [ 3.01766234e+02,  1.35646104e+02],
         [ 3.40727273e+02,  1.12918831e+02],
         [ 3.71571429e+02,  1.35646104e+02],
         [ 4.16214286e+02,  1.33211039e+02],
         [ 4.30824675e+02,  2.34672078e+02],
         [ 4.65727273e+02,  1.78665584e+02],
         [ 5.26603896e+02,  1.61620130e+02],
         [ 5.56636364e+02,  1.44574675e+02],
         [ 5.93974026e+02,  1.47821429e+02],
         [ 6.14266234e+02,  1.33211039e+02],
         [ 6.63779221e+02,  1.48633117e+02],
         [ 7.09233766e+02,  1.45386364e+02],
         [ 6.72707792e+02,  1.98957792e+02],
         [ 7.11668831e+02,  2.07074675e+02],
         [ 7.56311688e+02,  1.61620130e+02],
         [ 7.50629870e+02,  1.23470779e+02],
         [ 7.57935065e+02,  7.31461039e+01],
         [ 7.41701299e+02,  4.63603896e+01],
         [ 7.29525974e+02,  1.63279221e+01],
         [ 7.18974026e+02,  6.90876623e+01],
         [ 7.00305195e+02,  1.12918831e+02],
         [ 6.70272727e+02,  1.21847403e+02],
         [ 6.65402597e+02,  9.58733766e+01],
         [ 6.78389610e+02,  7.07110390e+01],
         [ 6.51603896e+02,  2.20097403e+01],
         [ 7.01928571e+02,  3.34090909e+00],
         [ 6.28064935e+02,  4.79837662e+01],
         [ 5.93974026e+02,  1.06461039e+01],
         [ 6.24818182e+02, -7.17532468e-01],
         [ 6.22383117e+02,  6.58766234e+00],
         [ 5.54201299e+02,  9.41558442e-02],
         [ 5.55012987e+02,  4.96428571e+00],
         [ 5.42837662e+02,  1.79512987e+01],
         [ 5.04688312e+02,  6.58766234e+00],
         [ 4.80337662e+02,  8.21103896e+00],
         [ 4.80337662e+02,  2.76915584e+01],
         [ 4.99006494e+02,  7.07110390e+01],
         [ 5.11181818e+02,  6.90876623e+01],
         [ 5.76116883e+02,  4.79837662e+01],
         [ 5.79363636e+02,  8.45097403e+01],
         [ 5.27415584e+02,  1.16165584e+02],
         [ 5.08746753e+02,  1.14542208e+02],
         [ 4.88454545e+02,  9.91201299e+01],
         [ 4.83584416e+02,  1.29152597e+02],
         [ 4.51116883e+02,  1.12107143e+02],
         [ 4.50305195e+02,  9.34383117e+01],
         [ 4.42188312e+02,  5.12305195e+01],
         [ 4.25954545e+02,  3.41850649e+01],
         [ 4.38941558e+02,  1.79512987e+01],
         [ 3.80500000e+02,  2.60681818e+01],
         [ 3.90240260e+02,  4.79837662e+01],
         [ 3.68324675e+02,  8.36980519e+01],
         [ 3.95922078e+02,  1.00743506e+02],
         [ 3.41538961e+02,  5.12305195e+01],
         [ 3.09071429e+02,  7.80162338e+01],
         [ 2.87967532e+02,  6.82759740e+01],
         [ 2.80662338e+02,  7.96396104e+01],
         [ 2.49006494e+02,  7.23344156e+01],
         [ 2.08422078e+02,  6.50292208e+01],
         [ 2.20597403e+02,  4.06785714e+01],
         [ 2.51441558e+02,  3.33733766e+01],
         [ 2.82285714e+02,  2.52564935e+01],
         [ 2.55500000e+02,  6.58766234e+00],
         [ 2.17350649e+02,  8.21103896e+00],
         [ 2.97707792e+02,  2.52922078e+00],
         [ 3.49655844e+02,  2.76915584e+01],
         [ 3.09071429e+02,  1.95746753e+01],
         [ 5.72058442e+02,  3.46685065e+02],
         [ 5.99655844e+02,  2.13568182e+02],
         [ 2.25324675e+00,  2.39542208e+02],
         [ 7.90814186e+01,  9.14390609e+01]]), array([[100]], dtype=uint8))]]
