[[(array([[ 45.43647913, 491.26588022],
         [ 93.10254083, 502.93920145],
         [272.09346642, 523.36751361],
         [405.36388385, 491.26588022],
         [673.85027223, 502.93920145],
         [738.05353902, 407.60707804],
         [798.36569873, 392.04264973],
         [751.67241379, 369.66878403],
         [709.8430127 , 371.61433757],
         [691.36025408, 373.55989111],
         [678.71415608, 360.9137931 ],
         [ 13.33484574, 446.51814882],
         [ 12.36206897, 412.47096189],
         [  8.47096189, 379.39655172],
         [ 29.87205082, 374.53266788],
         [ 61.00090744, 406.63430127],
         [ 52.24591652, 376.47822142],
         [ 91.1569873 , 396.90653358],
         [113.53085299, 367.72323049],
         [100.88475499, 356.04990926],
         [158.27858439, 385.23321234],
         [163.14246824, 371.61433757],
         [150.49637024, 360.9137931 ],
         [125.20417423, 434.84482759],
         [193.29854809, 423.17150635],
         [209.83575318, 402.74319419],
         [209.83575318, 364.80490018],
         [195.24410163, 351.18602541],
         [241.93738657, 351.18602541],
         [239.01905626, 376.47822142],
         [278.90290381, 393.0154265 ],
         [270.14791289, 347.29491833],
         [284.73956443, 364.80490018],
         [306.14065336, 340.48548094],
         [305.16787659, 356.04990926],
         [318.78675136, 436.79038113],
         [319.75952813, 338.5399274 ],
         [352.83393829, 345.34936479],
         [366.45281307, 356.04990926],
         [336.29673321, 331.73049002],
         [388.82667877, 366.75045372],
         [361.58892922, 376.47822142],
         [402.44555354, 439.70871143],
         [439.41107078, 407.60707804],
         [427.73774955, 353.13157895],
         [409.25499093, 347.29491833],
         [382.99001815, 349.24047187],
         [369.37114338, 326.86660617],
         [445.2477314 , 349.24047187],
         [444.27495463, 335.6215971 ],
         [463.73049002, 347.29491833],
         [463.73049002, 337.56715064],
         [487.07713249, 349.24047187],
         [482.21324864, 333.67604356],
         [481.24047187, 379.39655172],
         [496.80490018, 401.77041742],
         [572.6814882 , 401.77041742],
         [547.3892922 , 386.20598911],
         [492.9137931 , 475.70145191],
         [636.88475499, 420.25317604],
         [615.48366606, 392.04264973],
         [553.22595281, 369.66878403],
         [564.89927405, 337.56715064],
         [537.6615245 , 337.56715064],
         [517.23321234, 364.80490018],
         [627.1569873 , 376.47822142],
         [595.0553539 , 344.37658802],
         [618.40199637, 345.34936479],
         [649.53085299, 369.66878403],
         [646.61252269, 339.51270417],
         [652.4491833 , 330.75771325],
         [675.79582577, 346.32214156],
         [652.4491833 , 394.96098004],
         [778.91016334, 356.04990926],
         [756.53629764, 351.18602541],
         [793.50181488, 359.94101633],
         [798.36569873, 349.24047187],
         [793.50181488, 330.75771325],
         [720.54355717, 349.24047187],
         [  3.99909256, 365.29128857],
         [ 19.07713249, 354.5907441 ],
         [ 14.21324864, 333.18965517],
         [ 16.64519056, 309.35662432],
         [ 13.24047187, 295.73774955],
         [ 43.39655172, 288.44192377],
         [  3.99909256, 350.21324864],
         [  3.99909256, 339.99909256],
         [ 20.53629764, 341.9446461 ],
         [ 23.45462795, 331.73049002],
         [ 40.9646098 , 334.16243194],
         [ 34.15517241, 326.38021779],
         [ 50.6923775 , 348.2676951 ],
         [ 59.44736842, 334.16243194],
         [ 57.50181488, 329.78493648],
         [ 57.98820327, 316.16606171],
         [ 45.82849365, 316.16606171],
         [ 70.63430127, 317.62522686],
         [ 68.68874773, 321.51633394],
         [ 73.06624319, 335.13520871],
         [ 95.92649728, 336.59437387],
         [ 98.3584392 , 321.51633394],
         [ 89.60344828, 326.38021779],
         [ 84.73956443, 319.5707804 ],
         [ 85.7123412 , 317.62522686],
         [ 81.33484574, 314.22050817],
         [131.43284936, 333.18965517],
         [143.1061706 , 331.73049002],
         [155.7522686 , 335.6215971 ],
         [170.83030853, 344.37658802],
         [170.34392015, 369.66878403],
         [126.08257713, 318.11161525],
         [119.27313975, 321.02994555],
         [138.72867514, 324.43466425],
         [127.54174229, 297.1969147 ],
         [170.34392015, 303.03357532],
         [182.50362976, 317.62522686],
         [181.04446461, 310.32940109],
         [154.53629764, 316.65245009],
         [171.07350272, 325.40744102],
         [221.90108893, 330.02813067],
         [195.14972777, 328.32577132],
         [199.04083485, 335.6215971 ],
         [233.08802178, 328.81215971],
         [247.19328494, 324.92105263],
         [266.16243194, 324.43466425],
         [271.51270417, 331.24410163],
         [284.64519056, 328.32577132],
         [279.29491833, 323.46188748],
         [275.89019964, 335.13520871],
         [287.07713249, 304.97912886],
         [264.70326679, 285.52359347],
         [309.45099819, 323.46188748],
         [301.18239564, 304.97912886],
         [362.0753176 , 328.32577132],
         [352.34754991, 323.94827586],
         [338.72867514, 321.51633394],
         [377.15335753, 322.00272232],
         [464.2168784 , 333.67604356],
         [470.5399274 , 321.02994555],
         [493.88656987, 319.08439201],
         [460.81215971, 318.11161525],
         [471.99909256, 317.62522686],
         [423.36025408, 319.5707804 ],
         [423.84664247, 329.29854809],
         [504.10072595, 339.02631579],
         [522.58348457, 333.67604356],
         [511.39655172, 324.43466425],
         [513.34210526, 318.11161525],
         [540.09346642, 331.24410163],
         [546.90290381, 321.02994555],
         [554.19872958, 322.00272232],
         [569.76315789, 321.02994555],
         [577.54537205, 319.08439201],
         [584.84119782, 323.46188748],
         [599.43284936, 327.83938294],
         [614.02450091, 328.81215971],
         [609.16061706, 324.43466425],
         [625.69782214, 332.2168784 ],
         [630.0753176 , 323.46188748],
         [635.42558984, 328.81215971],
         [635.91197822, 339.51270417],
         [438.43829401, 322.97549909],
         [451.08439201, 319.5707804 ],
         [647.67967332, 319.5707804 ],
         [642.32940109, 324.92105263],
         [639.41107078, 322.48911071],
         [670.5399274 , 319.08439201],
         [676.86297641, 322.48911071],
         [684.64519056, 336.10798548],
         [693.88656987, 325.8938294 ],
         [702.15517241, 330.27132486],
         [700.69600726, 337.56715064],
         [709.45099819, 323.46188748],
         [746.41651543, 338.5399274 ],
         [738.14791289, 339.51270417],
         [729.39292196, 326.86660617],
         [720.15154265, 321.51633394],
         [768.79038113, 329.78493648],
         [769.27676951, 309.35662432],
         [752.73956443, 311.30217786],
         [779.00453721, 333.18965517],
         [787.75952813, 343.40381125],
         [740.95954046, 320.44805195],
         [398.1023976 , 314.05444555],
         [204.6958042 , 316.45204795],
         [198.3021978 , 310.85764236],
         [191.90859141, 312.45604396],
         [100.7997003 , 310.05844156],
         [ 11.28921079, 273.2952048 ]]), array([[189]], dtype=uint8))]]
