[[(array([[ 21.89732076, 647.24083221],
         [ 74.66067954, 606.20266427],
         [115.69884748, 557.83625206],
         [108.3706032 , 516.79808412],
         [ 64.40113755, 522.66067954],
         [ 64.40113755, 493.34770244],
         [ 11.63777878, 519.72938183],
         [162.59961084, 512.40113755],
         [130.35533603, 522.66067954],
         [196.3095345 , 579.82098488],
         [243.21029786, 628.1873971 ],
         [230.01945816, 600.34006885],
         [238.81335129, 529.98892381],
         [219.75991618, 510.9354887 ],
         [208.15686275, 487.85151923],
         [182.50800778, 488.58434366],
         [167.85151923, 474.66067954],
         [126.81335129, 490.04999252],
         [219.88205358, 476.12632839],
         [194.96602305, 476.12632839],
         [279.24083221, 524.49274061],
         [307.08816046, 600.70648107],
         [193.5003742 , 537.6835803 ],
         [210.35533603, 470.9965574 ],
         [237.46983984, 476.12632839],
         [255.0576261 , 487.85151923],
         [268.2484658 , 471.72938183],
         [271.91258794, 455.60724442],
         [281.43930549, 470.9965574 ],
         [294.63014519, 487.85151923],
         [279.97365664, 506.90495435],
         [339.33243526, 512.03472534],
         [335.66831313, 551.60724442],
         [354.72174824, 528.15686275],
         [371.57671007, 561.13396198],
         [439.72938183, 537.6835803 ],
         [403.82098488, 514.23319862],
         [450.72174824, 502.50800778],
         [487.36296962, 503.24083221],
         [422.87442   , 501.77518336],
         [367.91258794, 515.69884748],
         [380.3706032 , 484.92022152],
         [356.92022152, 476.12632839],
         [375.24083221, 469.53090855],
         [313.6835803 , 483.45457267],
         [332.73701542, 486.38587038],
         [334.9354887 , 461.46983984],
         [316.61487801, 460.73701542],
         [296.09579404, 469.53090855],
         [301.22556504, 455.60724442],
         [290.96602305, 449.01182458],
         [332.73701542, 446.81335129],
         [326.87442   , 459.27136656],
         [232.34006885, 464.40113755],
         [256.52327496, 460.73701542],
         [464.64541236, 482.72174824],
         [496.88968717, 469.53090855],
         [449.25609939, 470.9965574 ],
         [435.33243526, 469.53090855],
         [423.60724442, 460.73701542],
         [408.21793145, 460.73701542],
         [393.5614429 , 459.27136656],
         [403.08816046, 445.34770244],
         [369.37823679, 449.01182458],
         [382.56907649, 450.47747343],
         [380.3706032 , 441.6835803 ],
         [355.45457267, 461.46983984],
         [354.72174824, 454.14159557],
         [356.1873971 , 449.01182458],
         [362.04999252, 443.88205358],
         [353.98892381, 429.95838946],
         [361.31716809, 432.15686275],
         [375.97365664, 436.55380931],
         [376.70648107, 428.49274061],
         [398.69121389, 410.90495435],
         [393.5614429 , 418.23319862],
         [359.11869481, 422.63014519],
         [382.56907649, 428.49274061],
         [387.88205358, 422.81335129],
         [387.51564137, 412.55380931],
         [403.63777878, 414.01945816],
         [416.46220626, 415.11869481],
         [422.32480168, 415.11869481],
         [415.72938183, 429.77518336],
         [402.90495435, 432.34006885],
         [398.14159557, 431.24083221],
         [395.21029786, 444.43167191],
         [435.51564137, 434.90495435],
         [428.1873971 , 431.24083221],
         [432.58434366, 416.95075587],
         [426.72174824, 415.11869481],
         [438.08052687, 444.79808412],
         [434.78281694, 449.19503068],
         [484.2484658 , 467.51564137],
         [478.75228259, 454.69121389],
         [471.79045053, 459.45457267],
         [453.83625206, 456.88968717],
         [450.17212992, 447.72938183],
         [466.29426733, 442.59961084],
         [473.6225116 , 443.33243526],
         [468.85915282, 415.85151923],
         [452.3706032 , 433.07289328],
         [461.16449633, 433.07289328],
         [458.59961084, 437.46983984],
         [447.24083221, 442.59961084],
         [476.1873971 , 485.10342763],
         [506.23319862, 460.1873971 ],
         [511.72938183, 445.89732076],
         [500.73701542, 448.09579404],
         [491.21029786, 445.16449633],
         [461.53090855, 462.01945816],
         [461.89732076, 453.59197725],
         [479.85151923, 426.11106122],
         [486.81335129, 422.81335129],
         [498.90495435, 412.55380931],
         [495.24083221, 427.21029786],
         [508.06525969, 413.65304595],
         [509.16449633, 431.24083221],
         [517.95838946, 438.20266427],
         [517.59197725, 422.81335129],
         [520.52327496, 415.11869481],
         [515.02709175, 413.65304595],
         [491.57671007, 415.11869481],
         [488.27900015, 413.28663374],
         [480.21793145, 412.55380931],
         [479.85151923, 416.95075587],
         [475.82098488, 415.11869481],
         [465.92785511, 417.6835803 ],
         [438.14159557, 738.11106122],
         [575.91258794, 733.71411465],
         [529.01182458, 585.6835803 ],
         [537.80571771, 547.57671007],
         [568.58434366, 502.14159557],
         [582.87442   , 517.16449633],
         [599.72938183, 497.37823679],
         [611.45457267, 490.78281694],
         [630.50800778, 489.31716809],
         [548.43167191, 482.72174824],
         [527.17976351, 463.66831313],
         [529.37823679, 448.27900015],
         [549.89732076, 465.86678641],
         [539.63777878, 465.13396198],
         [566.01945816, 463.66831313],
         [574.81335129, 463.66831313],
         [590.20266427, 459.27136656],
         [593.13396198, 480.52327496],
         [537.43930549, 447.54617572],
         [571.14922916, 448.27900015],
         [578.47747343, 448.27900015],
         [557.22556504, 440.95075587],
         [546.23319862, 443.14922916],
         [538.17212992, 438.01945816],
         [546.96602305, 427.75991618],
         [618.78281694, 465.13396198],
         [611.45457267, 432.15686275],
         [577.92785511, 436.73701542],
         [572.06525969, 429.77518336],
         [577.5614429 , 427.94312229],
         [587.08816046, 422.81335129],
         [565.46983984, 429.77518336],
         [559.24083221, 434.17212992],
         [550.08052687, 436.73701542],
         [570.59961084, 435.63777878],
         [585.25609939, 437.46983984],
         [592.21793145, 441.13396198],
         [589.65304595, 430.50800778],
         [607.97365664, 452.12632839],
         [634.35533603, 459.08816046],
         [604.67594671, 434.90495435],
         [689.31716809, 455.79045053],
         [687.11869481, 437.46983984],
         [683.45457267, 426.47747343],
         [693.71411465, 429.77518336],
         [690.78281694, 422.44693908],
         [701.40877114, 426.47747343],
         [706.17212992, 422.81335129],
         [676.85915282, 442.96602305],
         [672.46220626, 443.33243526],
         [675.02709175, 462.01945816],
         [707.63777878, 464.21793145],
         [706.90495435, 445.53090855],
         [839.72938183, 569.5614429 ],
         [978.96602305, 721.98892381],
         [792.82861847, 754.23319862],
         [929.13396198, 519.72938183],
         [876.3706032 , 537.31716809],
         [714.23319862, 416.58434366],
         [721.5614429 , 415.85151923],
         [730.35533603, 418.41640473],
         [725.95838946, 410.72174824],
         [751.60724442, 410.72174824],
         [748.67594671, 410.72174824],
         [756.73701542, 410.72174824],
         [769.19503068, 414.01945816],
         [744.64541236, 417.31716809],
         [738.78281694, 422.44693908],
         [732.92022152, 414.75228259],
         [738.41640473, 412.1873971 ],
         [747.21029786, 428.67594671],
         [750.14159557, 421.71411465],
         [716.79808412, 441.5003742 ],
         [706.90495435, 438.20266427],
         [698.11106122, 444.06525969],
         [725.95838946, 442.23319862],
         [725.95838946, 430.50800778],
         [734.75228259, 431.24083221],
         [740.61487801, 433.07289328],
         [750.50800778, 435.63777878],
         [762.23319862, 430.87442   ],
         [762.59961084, 422.44693908],
         [756.3706032 , 425.37823679],
         [773.95838946, 424.27900015],
         [781.28663374, 423.54617572],
         [788.2484658 , 417.31716809],
         [784.58434366, 414.01945816],
         [788.61487801, 410.72174824],
         [796.3095345 , 420.61487801],
         [800.70648107, 417.31716809],
         [797.04235893, 409.25609939],
         [779.45457267, 428.3095345 ],
         [764.79808412, 436.00419099],
         [779.08816046, 435.27136656],
         [744.64541236, 440.40113755],
         [736.95075587, 442.23319862],
         [719.72938183, 459.45457267],
         [715.33243526, 485.83625206],
         [738.41640473, 464.95075587],
         [734.75228259, 453.95838946],
         [745.744649  , 455.79045053],
         [753.07289328, 445.89732076],
         [775.42403832, 449.19503068],
         [758.9354887 , 449.92785511],
         [749.04235893, 478.87442   ],
         [766.63014519, 485.83625206],
         [796.3095345 , 507.45457267],
         [798.50800778, 472.64541236],
         [788.2484658 , 460.92022152],
         [792.27900015, 449.92785511],
         [804.3706032 , 447.36296962],
         [802.53854213, 437.83625206],
         [802.53854213, 430.14159557],
         [793.01182458, 435.27136656],
         [794.47747343, 426.11106122],
         [786.78281694, 428.67594671],
         [786.04999252, 433.80571771],
         [816.09579404, 463.48510702],
         [817.92785511, 449.92785511],
         [835.14922916, 453.59197725],
         [838.08052687, 443.69884748],
         [827.45457267, 439.66831313],
         [814.63014519, 436.00419099],
         [809.86678641, 437.83625206],
         [812.06525969, 418.41640473],
         [817.92785511, 421.71411465],
         [821.22556504, 432.70648107],
         [835.88205358, 431.24083221],
         [842.47747343, 427.94312229],
         [826.72174824, 414.75228259],
         [834.78281694, 408.52327496],
         [847.97365664, 406.69121389],
         [845.04235893, 415.11869481],
         [853.83625206, 409.98892381],
         [841.37823679, 409.98892381],
         [865.19503068, 406.32480168],
         [858.59961084, 409.98892381],
         [861.53090855, 409.98892381],
         [875.82098488, 408.52327496],
         [888.64541236, 407.42403832],
         [832.3095345 , 424.1873971 ],
         [854.47747343, 420.70648107],
         [861.6225116 , 431.69884748],
         [876.27900015, 422.72174824],
         [882.14159557, 420.34006885],
         [882.50800778, 408.98129023],
         [894.04999252, 408.98129023],
         [906.50800778, 405.6835803 ],
         [899.36296962, 409.53090855],
         [899.17976351, 421.80571771],
         [895.33243526, 426.9354887 ],
         [880.67594671, 430.78281694],
         [868.40113755, 421.6225116 ],
         [855.57671007, 441.95838946],
         [849.34770244, 430.04999252],
         [850.44693908, 457.34770244],
         [866.9354887 , 446.17212992],
         [875.36296962, 443.24083221],
         [872.98129023, 431.33243526],
         [896.79808412, 444.52327496],
         [908.15686275, 439.75991618],
         [908.70648107, 430.96602305],
         [888.3706032 , 444.52327496],
         [895.33243526, 461.19503068],
         [866.38587038, 463.57671007],
         [897.16449633, 436.09579404],
         [756.79808412, 533.28663374],
         [834.47747343, 479.79045053],
         [846.20266427, 490.04999252],
         [828.61487801, 544.27900015],
         [872.58434366, 485.65304595],
         [951.72938183, 446.08052687],
         [786.84388565, 568.46220626],
         [962.08052687, 441.40877114],
         [949.25609939, 435.17976351],
         [974.90495435, 442.50800778],
         [256.40113755, 738.11106122],
         [ 77.39162798, 716.62439521],
         [426.22679282, 396.43258702],
         [498.34667293, 403.08193767],
         [496.8122074 , 395.40961   ],
         [507.04197763, 398.99002958],
         [507.55346614, 396.43258702],
         [503.97304656, 397.96705256],
         [476.35266694, 402.57044916],
         [476.86415545, 407.17384576],
         [521.87514446, 395.92109851],
         [518.80621339, 407.17384576],
         [524.94407553, 410.24277683]]), array([[317]], dtype=uint16))]]
