[[(array([[  91.49830949,  588.28898326],
         [  34.7434012 ,  412.4600517 ],
         [  79.25705476,  291.16034575],
         [ 133.78628037,  267.79067764],
         [ 159.38163116,  285.59613906],
         [ 212.79801543,  257.77510558],
         [ 170.51004455,  434.71687848],
         [ 231.7163182 ,  440.28108517],
         [ 260.65019301,  436.94256116],
         [ 260.65019301,  520.40566158],
         [ 310.72805326,  588.28898326],
         [ 348.56465879,  399.10595563],
         [ 429.80207653,  426.92698911],
         [ 516.60370097,  491.47178677],
         [ 472.09004741,  465.87643597],
         [ 532.18347972,  420.24994107],
         [ 644.58045495,  450.29665723],
         [ 673.51432976,  483.68189739],
         [ 762.54163688,  619.44854075],
         [ 847.11757864,  541.54964702],
         [ 900.53396291,  485.90758007],
         [ 833.76348258,  460.31222928],
         [ 770.33152625,  471.44064267],
         [ 779.23425697,  396.88027296],
         [ 963.96591923,  468.10211865],
         [ 918.33942434,  412.4600517 ],
         [ 949.49898183,  389.09038358],
         [ 910.54953496,  377.96197019],
         [ 853.79462668,  366.8335568 ],
         [ 791.47551169,  351.25377806],
         [ 820.40938651,  359.04366743],
         [ 839.32768927,  342.35104735],
         [ 835.98916525,  303.40160048],
         [ 815.95802115,  318.98137923],
         [ 899.42112157,  313.41717253],
         [ 862.69735739,  283.37045638],
         [ 834.87632391,  280.03193236],
         [ 967.30444325,  354.59230207],
         [ 987.33558735,  352.3666194 ],
         [1015.15662083,  364.60787413],
         [1001.80252476,  311.19148985],
         [ 987.33558735,  295.61171111],
         [ 952.83750584,  325.65842726],
         [ 635.67772424,  387.97754224],
         [ 403.0938844 ,  373.51060484],
         [ 354.12886548,  362.38219145],
         [ 306.27668791,  362.38219145],
         [ 332.98488004,  346.8024127 ],
         [ 282.90701979,  326.7712686 ],
         [ 276.22997175,  362.38219145],
         [ 210.57233276,  342.35104735],
         [ 218.36222213,  315.64285521],
         [ 259.53735167,  305.62728316],
         [ 265.10155836,  272.24204299],
         [ 692.43263253,  385.75185957],
         [ 738.05912742,  393.54174894],
         [ 772.55720893,  333.44831663],
         [ 773.67005027,  307.85296584],
         [ 754.75174751,  284.48329772],
         [ 768.10584358,  277.80624969],
         [ 744.73617546,  262.22647094],
         [ 709.12525261,  262.22647094],
         [ 805.9424491 ,  287.82182174],
         [ 819.29654517,  283.37045638],
         [ 749.18754081,  303.40160048],
         [ 728.04355537,  317.86853789],
         [ 689.09410851,  317.86853789],
         [ 641.24193093,  335.67399931],
         [ 597.84111871,  307.85296584],
         [ 587.82554666,  346.8024127 ],
         [ 536.63484507,  354.59230207],
         [ 535.52200373,  377.96197019],
         [ 496.57255687,  395.76743162],
         [ 493.23403285,  356.81798475],
         [ 473.20288875,  331.22263396],
         [ 516.60370097,  318.98137923],
         [ 344.6697141 ,  317.59032755],
         [ 312.95373594,  305.34907283],
         [ 302.38174322,  291.43855609],
         [ 282.90701979,  273.076674  ],
         [ 280.12491644,  257.49689525],
         [ 281.79417845,  298.67202479],
         [ 332.98488004,  274.18951533],
         [ 322.41288732,  266.39962596],
         [ 305.16384657,  260.83541927],
         [ 300.15606054,  244.69921985],
         [ 287.91480581,  233.01438579],
         [ 319.63078397,  243.58637851],
         [ 331.8720387 ,  249.70700588],
         [ 329.08993535,  238.57859249],
         [ 323.52572866,  231.90154445],
         [ 169.95362388,  227.4501791 ],
         [ 434.25344189,  352.64482973],
         [ 408.10167042,  332.61368563],
         [ 375.82927159,  309.80043818],
         [ 375.82927159,  283.64866672],
         [ 368.59580289,  265.28678462],
         [ 360.80591352,  273.076674  ],
         [ 349.67750013,  274.18951533],
         [ 387.51410565,  264.17394328],
         [ 398.08609837,  276.97161868],
         [ 410.3273531 ,  256.38405391],
         [ 425.90713184,  266.95604663],
         [ 459.84879268,  432.21298547],
         [ 443.71259327,  323.15453425],
         [ 465.41299938,  308.68759684],
         [ 468.75152339,  288.10003207],
         [ 453.17174465,  280.3101427 ],
         [ 440.37406925,  298.11560412],
         [ 430.3584972 ,  284.76150805],
         [ 381.94989896,  250.26342655],
         [ 367.48296155,  250.26342655],
         [ 367.48296155,  238.02217182],
         [ 428.68923519,  249.70700588],
         [ 434.25344189,  260.2789986 ],
         [ 443.71259327,  258.60973659],
         [ 449.27679996,  253.04552989],
         [ 462.63089603,  252.48910922],
         [ 463.1873167 ,  269.18172931],
         [ 475.9849921 ,  265.28678462],
         [ 376.38569226,  240.80427517],
         [ 384.7320023 ,  239.13501316],
         [ 390.85262967,  244.69921985],
         [ 374.16000958,  230.78870311],
         [ 380.83705762,  229.11944111],
         [ 385.84484364,  213.53966236],
         [ 411.44019444,  228.00659977],
         [ 401.98104306,  226.33733776],
         [ 393.07831235,  233.01438579],
         [ 398.64251904,  240.80427517],
         [ 419.23008381,  246.36848186],
         [ 418.67366314,  236.90933048],
         [ 409.77093243,  236.90933048],
         [ 424.79429051,  228.00659977],
         [ 512.70875628,  297.55918345],
         [ 493.23403285,  288.65645274],
         [ 489.89550884,  276.41519801],
         [ 497.68539821,  252.48910922],
         [ 492.67761218,  240.80427517],
         [ 474.31573009,  245.25564052],
         [ 453.72816532,  238.02217182],
         [ 534.40916239,  272.52025333],
         [ 517.71654231,  257.49689525],
         [ 532.73990039,  256.94047458],
         [ 529.40137637,  240.80427517],
         [ 528.8449557 ,  229.11944111],
         [ 528.8449557 ,  220.21671039],
         [ 485.44414348,  226.33733776],
         [ 442.87796226,  238.99590799],
         [ 435.36628323,  235.65738397],
         [ 431.74954887,  233.43170129],
         [ 433.69702122,  227.58928427],
         [ 438.98301758,  220.07760523],
         [ 426.46355251,  216.73908121],
         [ 418.67366314,  214.79160887],
         [ 419.50829415,  223.13791891],
         [ 387.51410565,  228.42391527],
         [ 462.90910637,  226.75465326],
         [ 449.83322063,  222.85970857],
         [ 443.71259327,  224.80718092],
         [ 446.21648628,  216.18266054],
         [ 453.44995498,  216.73908121],
         [ 470.14257507,  219.24297422],
         [ 464.57836837,  233.15349096],
         [ 484.33130214,  239.55232866],
         [ 478.48888511,  239.55232866],
         [ 477.65425411,  228.42391527],
         [ 472.64646808,  228.7021256 ],
         [ 493.23403285,  212.00950552],
         [ 497.96360854,  212.00950552],
         [ 502.97139457,  215.34802954],
         [ 507.14454959,  211.17487452],
         [ 514.93443896,  210.89666418],
         [ 511.31770461,  220.91223623],
         [ 506.30991858,  220.91223623],
         [ 496.8507672 ,  220.91223623],
         [ 490.17371917,  222.02507757],
         [ 501.85855323,  232.59707029],
         [ 507.14454959,  233.43170129],
         [ 542.19905177,  237.88306665],
         [ 548.31967913,  230.64959795],
         [ 544.98115511,  225.64181192],
         [ 542.4772621 ,  220.91223623],
         [ 536.0784244 ,  230.64959795],
         [ 534.68737273,  223.69433958],
         [ 534.68737273,  219.24297422],
         [ 532.46169005,  213.40055719],
         [ 527.73211436,  215.0698192 ],
         [ 523.00253867,  215.0698192 ],
         [ 519.94222499,  210.06203318],
         [ 508.25739093,  216.18266054],
         [ 559.16988219,  237.60485632],
         [ 563.62124754,  229.53675661],
         [ 556.94419951,  225.64181192],
         [ 564.17766821,  221.74686724],
         [ 566.40335089,  215.90445021],
         [ 548.59788947,  218.13013288],
         [ 544.42473444,  212.84413652],
         [ 538.86052775,  211.17487452],
         [ 555.2749375 ,  208.94919184],
         [ 556.66598917,  216.18266054],
         [ 565.84693022,  211.17487452],
         [ 410.3273531 ,  216.73908121],
         [ 346.33897611,  230.37138761],
         [ 346.33897611,  240.94338033],
         [ 441.48691059,  232.59707029],
         [ 499.63287055,  237.04843565],
         [ 559.72630286,  221.19044657],
         [ 570.57650591,  235.65738397],
         [ 574.74966093,  219.52118456],
         [ 577.25355394,  212.00950552],
         [ 569.46366457,  218.96476389],
         [ 590.60765001,  221.4686569 ],
         [ 584.20881231,  221.74686724],
         [ 580.59207796,  227.58928427],
         [ 591.16407068,  230.37138761],
         [ 599.23217039,  220.91223623],
         [ 606.46563909,  230.37138761],
         [ 602.29248407,  237.60485632],
         [ 593.11154302,  240.66517   ],
         [ 588.38196733,  233.43170129],
         [ 581.7049193 ,  244.56011468],
         [ 570.29829558,  252.35000406],
         [ 558.61346152,  245.11653535],
         [ 542.4772621 ,  253.74105573],
         [ 551.10178248,  272.10293782],
         [ 553.04925482,  298.25470929],
         [ 541.92084143,  298.81112996],
         [ 579.47923662,  274.88504117],
         [ 590.60765001,  263.47841745],
         [ 581.14849863,  251.23716272],
         [ 599.78859106,  246.78579736],
         [ 610.91700445,  252.90642473],
         [ 620.9325765 ,  261.5309451 ],
         [ 634.5648829 ,  270.43367582],
         [ 623.15825918,  300.20218163],
         [ 656.54349935,  291.29945092],
         [ 676.01822278,  260.41810376],
         [ 679.35674679,  250.40253171],
         [ 696.88399788,  242.05622167],
         [ 724.14861069,  272.93756883],
         [ 716.63693165,  290.46481992],
         [ 684.92095349,  293.24692326],
         [ 648.47539964,  244.00369401],
         [ 664.88980939,  244.83832502],
         [ 648.75360997,  263.47841745],
         [ 635.67772424,  247.34221803],
         [ 627.88783487,  249.84611104],
         [ 620.09794549,  242.05622167],
         [ 619.54152482,  234.2663323 ],
         [ 573.08039892,  211.17487452],
         [ 546.92862746,  210.89666418],
         [ 627.88783487,  227.58928427],
         [ 612.02984579,  237.04843565],
         [ 693.26726353,  261.5309451 ],
         [ 672.40148843,  274.60683084],
         [ 736.11165508,  275.16325151],
         [ 970.64296727,  377.96197019],
         [ 612.40408387,  403.77460088],
         [ 937.71077717,  365.92445103],
         [ 784.26422373,  307.61476072]]), array([[261]], dtype=uint16))]]
