[[(array([[ 18.7967033 , 540.51098901],
         [ 36.5989011 , 468.31318681],
         [128.57692308, 531.60989011],
         [272.97252747, 462.37912088],
         [345.17032967, 563.25824176],
         [400.55494505, 460.4010989 ],
         [438.13736264, 562.26923077],
         [579.56593407, 478.2032967 ],
         [636.92857143, 583.03846154],
         [656.70879121, 467.32417582],
         [735.82967033, 531.60989011],
         [746.70879121, 420.84065934],
         [868.35714286, 529.63186813],
         [899.01648352, 433.6978022 ],
         [974.18131868, 439.63186813],
         [976.15934066, 550.4010989 ],
         [834.73076923, 365.45604396],
         [870.33516484, 338.75274725],
         [940.55494505, 342.70879121],
         [994.95054945, 322.92857143],
         [983.08241758, 312.04945055],
         [863.41208791, 302.15934066],
         [800.11538462, 316.00549451],
         [748.68681319, 345.67582418],
         [680.44505495, 364.46703297],
         [593.41208791, 387.21428571],
         [527.14835165, 403.03846154],
         [450.99450549, 406.99450549],
         [354.07142857, 406.00549451],
         [241.32417582, 382.26923077],
         [152.31318681, 403.03846154],
         [ 31.65384615, 394.13736264],
         [ 40.55494505, 316.00549451],
         [ 42.53296703, 291.28021978],
         [ 40.55494505, 243.80769231],
         [ 65.28021978, 169.63186813],
         [ 51.43406593, 100.4010989 ],
         [ 61.32417582,  48.97252747],
         [  7.91758242,  48.97252747],
         [ 15.82967033,  14.35714286],
         [ 63.3021978 ,   7.43406593],
         [108.7967033 ,   7.43406593],
         [108.7967033 ,  14.35714286],
         [116.70879121,  31.17032967],
         [114.73076923,  67.76373626],
         [127.58791209, 104.35714286],
         [147.36813187, 148.86263736],
         [130.55494505, 211.17032967],
         [146.37912088, 249.74175824],
         [144.4010989 , 295.23626374],
         [241.32417582, 316.00549451],
         [208.68681319, 249.74175824],
         [215.60989011, 195.34615385],
         [197.80769231, 145.8956044 ],
         [185.93956044,  98.42307692],
         [171.1043956 ,  55.8956044 ],
         [170.11538462,  36.11538462],
         [173.08241758,  14.35714286],
         [223.52197802,  21.28021978],
         [235.39010989,  52.92857143],
         [252.2032967 , 111.28021978],
         [268.02747253, 149.85164835],
         [280.88461538, 228.97252747],
         [308.57692308, 281.39010989],
         [350.11538462, 333.80769231],
         [413.41208791, 354.57692308],
         [370.88461538, 244.7967033 ],
         [365.93956044, 187.43406593],
         [335.28021978, 152.81868132],
         [307.58791209, 121.17032967],
         [293.74175824,  81.60989011],
         [293.74175824,  49.96153846],
         [274.95054945,  26.22527473],
         [314.51098901,  28.2032967 ],
         [345.17032967,  28.2032967 ],
         [360.99450549,  87.54395604],
         [383.74175824, 138.97252747],
         [360.00549451,  51.93956044],
         [416.37912088, 176.55494505],
         [439.12637363, 237.87362637],
         [494.51098901, 270.51098901],
         [534.07142857, 235.8956044 ],
         [594.4010989 , 228.97252747],
         [657.6978022 , 192.37912088],
         [702.2032967 , 222.04945055],
         [684.4010989 , 293.25824176],
         [720.00549451, 169.63186813],
         [776.37912088, 217.1043956 ],
         [822.86263736, 204.24725275],
         [869.34615385, 238.86263736],
         [918.7967033 , 226.99450549],
         [964.29120879, 206.22527473],
         [985.06043956, 166.66483516],
         [964.29120879, 114.24725275],
         [929.67582418, 145.8956044 ],
         [898.02747253, 138.97252747],
         [843.63186813, 176.55494505],
         [756.5989011 , 150.84065934],
         [798.13736264, 126.11538462],
         [834.73076923, 119.19230769],
         [879.23626374,  94.46703297],
         [907.91758242,  90.51098901],
         [950.44505495,  76.66483516],
         [979.12637363,  45.01648352],
         [970.22527473,  12.37912088],
         [929.67582418,  52.92857143],
         [895.06043956,  32.15934066],
         [846.5989011 ,  19.3021978 ],
         [824.84065934,  33.14835165],
         [834.73076923,  72.70879121],
         [787.25824176,  32.15934066],
         [788.24725275,  73.6978022 ],
         [745.71978022,  86.55494505],
         [745.71978022,  49.96153846],
         [765.5       ,  12.37912088],
         [718.02747253,  24.24725275],
         [707.14835165,  76.66483516],
         [705.17032967, 116.22527473],
         [673.52197802,  39.08241758],
         [669.56593407,  62.81868132],
         [664.62087912, 123.14835165],
         [636.92857143,  31.17032967],
         [608.24725275,  97.43406593],
         [623.08241758, 150.84065934],
         [562.75274725, 161.71978022],
         [567.6978022 , 107.32417582],
         [589.45604396,  56.88461538],
         [600.33516484,  21.28021978],
         [566.70879121,  42.04945055],
         [580.55494505,   4.46703297],
         [537.03846154,  12.37912088],
         [526.15934066,  55.8956044 ],
         [540.99450549, 107.32417582],
         [507.36813187,  87.54395604],
         [529.12637363, 138.97252747],
         [495.5       , 195.34615385],
         [468.7967033 , 128.09340659],
         [474.73076923,  67.76373626],
         [502.42307692,  26.22527473],
         [457.91758242,  24.24725275],
         [422.31318681,  14.35714286],
         [410.44505495,  52.92857143],
         [436.15934066, 100.4010989 ],
         [399.56593407,  28.2032967 ],
         [387.6978022 ,  26.22527473],
         [603.3021978 , 322.92857143],
         [540.00549451, 356.55494505],
         [665.60989011,  15.84065934]]), array([[148]], dtype=uint8))]]
