[[(array([[ 40.01219512, 379.2804878 ],
         [ 29.2804878 , 328.06097561],
         [ 50.74390244, 183.18292683],
         [ 61.47560976, 126.59756098],
         [  4.40243902, 127.57317073],
         [ 22.93902439,  32.93902439],
         [ 70.25609756,  14.40243902],
         [122.93902439,  26.1097561 ],
         [162.93902439,  65.13414634],
         [191.7195122 ,  17.32926829],
         [265.37804878,   6.1097561 ],
         [326.35365854,  19.76829268],
         [305.37804878,  35.86585366],
         [376.59756098,  52.93902439],
         [355.62195122, 103.18292683],
         [303.42682927,  77.81707317],
         [193.67073171, 136.84146341],
         [134.64634146, 110.98780488],
         [167.32926829, 216.84146341],
         [122.45121951, 223.67073171],
         [145.86585366, 157.32926829],
         [226.84146341, 222.69512195],
         [181.96341463, 256.84146341],
         [255.13414634, 257.81707317],
         [285.86585366, 178.30487805],
         [360.5       , 227.08536585],
         [381.47560976, 175.37804878],
         [395.62195122, 142.69512195],
         [300.98780488, 325.62195122],
         [270.74390244, 393.42682927],
         [223.42682927, 318.79268293],
         [396.59756098, 380.74390244],
         [189.2804878 , 376.35365854],
         [117.08536585, 361.7195122 ],
         [129.2804878 , 304.15853659],
         [322.45121951, 158.79268293],
         [275.62195122, 130.5       ],
         [ 27.32926829, 258.30487805],
         [344.8902439 , 293.42682927],
         [238.54878049, 178.30487805],
         [235.62195122,  61.7195122 ],
         [252.69512195,  96.35365854],
         [ 35.13414634,  82.20731707]]), array([[43]], dtype=uint8))]]
