[[(array([[1192.8200546 ,  314.44030777],
         [-105.00273021,  264.61752296],
         [1155.14916853,  191.70613055],
         [ 339.75676346,  506.44030777],
         [ 342.18714321,  472.41499131],
         [ 350.69347233,  444.46562422],
         [ 376.21245967,  450.54157359],
         [ 394.44030777,  429.88334574],
         [ 396.87068752,  484.56689005],
         [ 441.83271283,  448.11119384],
         [ 440.61752296,  435.95929511],
         [ 486.79473815,  427.452966  ],
         [ 468.56689005,  408.00992802],
         [ 508.66815587,  410.44030777],
         [ 529.32638372,  427.452966  ],
         [ 511.09853562,  428.66815587],
         [ 518.38967486,  465.12385207],
         [ 508.66815587,  486.99726979],
         [ 505.02258625,  514.94663688],
         [  57.83271283,  671.70613055],
         [  49.32638372,  733.6808141 ],
         [  22.5922065 ,  619.452966  ],
         [  95.50359891,  602.44030777],
         [  16.51625714,  541.6808141 ],
         [   9.2251179 ,  486.99726979],
         [   9.2251179 ,  421.37701663],
         [  28.66815587,  418.94663688],
         [  90.64283941,  386.1365103 ],
         [  69.98461157,  397.07321916],
         [  90.64283941,  410.44030777],
         [ 142.89600397,  476.06056093],
         [ 165.98461157,  479.70613055],
         [  65.12385207,  459.04790271],
         [  79.70613055,  499.14916853],
         [ 231.60486473,  617.02258625],
         [ 162.33904195,  610.94663688],
         [ 104.00992802,  552.61752296],
         [ 255.9086622 ,  576.92132043],
         [ 289.93397865,  665.63018119],
         [ 308.16182676,  624.31372549],
         [ 258.33904195,  665.63018119],
         [ 347.04790271,  705.73144701],
         [ 411.452966  ,  720.31372549],
         [ 468.56689005,  716.66815587],
         [ 492.87068752,  697.2251179 ],
         [ 430.89600397,  671.70613055],
         [ 417.52891536,  646.18714321],
         [ 495.30106726,  655.9086622 ],
         [ 542.69347233,  705.73144701],
         [ 565.78207992,  687.50359891],
         [ 460.06056093,  533.17448498],
         [ 439.40233309,  552.61752296],
         [ 416.31372549,  542.89600397],
         [ 373.78207992,  521.02258625],
         [ 384.71878878,  540.46562422],
         [ 258.33904195,  507.65549764],
         [ 568.21245967,  557.47828245],
         [ 557.27575081,  530.74410524],
         [ 537.83271283,  499.14916853],
         [ 552.41499131,  486.99726979],
         [ 568.21245967,  495.50359891],
         [ 603.452966  ,  504.00992802],
         [ 587.65549764,  461.47828245],
         [ 547.55423182,  416.51625714],
         [ 560.92132043,  405.57954828],
         [ 576.71878878,  411.65549764],
         [ 662.99726979,  479.70613055],
         [ 697.02258625,  472.41499131],
         [ 718.89600397,  445.6808141 ],
         [ 744.41499131,  408.00992802],
         [ 603.452966  ,  649.83271283],
         [ 638.69347233,  703.30106726],
         [ 682.44030777,  740.97195334],
         [ 686.08587739,  619.452966  ],
         [ 622.89600397,  546.54157359],
         [ 626.54157359,  506.44030777],
         [ 599.80739638,  538.03524448],
         [ 519.60486473,  597.57954828],
         [ 488.00992802,  580.56689005],
         [ 488.00992802,  557.47828245],
         [ 275.35170017,  715.452966  ],
         [ 681.2251179 ,  565.98461157],
         [1142.99726979,  258.54157359],
         [ 581.57954828,  339.95929511],
         [ 576.71878878,  353.32638372],
         [ 539.04790271,  363.04790271],
         [ 526.89600397,  354.54157359],
         [ 503.80739638,  327.80739638],
         [ 480.71878878,  370.33904195],
         [ 502.5922065 ,  359.40233309],
         [ 932.76942169,  675.35170017],
         [ 906.03524448,  634.03524448],
         [ 884.16182676,  585.42764954],
         [ 874.44030777,  614.5922065 ],
         [ 844.06056093,  608.51625714],
         [ 801.52891536,  617.02258625],
         [ 784.51625714,  585.42764954],
         [ 806.38967486,  556.26309258],
         [ 738.33904195,  552.61752296],
         [ 675.14916853,  517.37701663],
         [ 955.85802929,  467.55423182],
         [1144.21245967,  240.31372549],
         [ 665.42764954,  428.66815587],
         [ 705.52891536,  384.92132043],
         [ 818.54157359,  433.52891536],
         [ 830.69347233,  462.69347233],
         [ 885.37701663,  530.74410524],
         [ 560.92132043,  631.60486473],
         [ 523.25043435,  665.63018119],
         [ 588.87068752,  720.31372549],
         [ 777.2251179 ,  674.1365103 ],
         [1006.89600397,  493.07321916],
         [ 982.5922065 ,  513.73144701],
         [ 980.16182676,  548.97195334],
         [ 924.26309258,  542.89600397],
         [ 937.63018119,  573.27575081],
         [1156.3643584 ,  189.27575081],
         [ 853.78207992,  390.99726979],
         [ 818.54157359,  339.95929511],
         [ 844.06056093,  301.07321916],
         [ 858.64283941,  219.65549764],
         [ 919.40233309,  225.73144701],
         [ 943.70613055,  222.08587739],
         [ 986.23777612,  241.52891536],
         [ 974.08587739,  265.83271283],
         [1012.97195334,  273.12385207],
         [1000.8200546 ,  356.97195334],
         [1004.46562422,  335.09853562],
         [ 958.28840903,  346.03524448],
         [ 999.60486473,  401.93397865],
         [ 981.37701663,  369.12385207],
         [ 971.65549764,  387.35170017],
         [ 458.84537106,  203.55423182],
         [ 434.54157359,  201.12385207],
         [  47.50359891,  188.97195334],
         [ 513.52891536,  199.30106726],
         [ 497.73144701,  205.98461157],
         [ 303.30106726,  210.23777612],
         [ 328.21245967,  212.66815587],
         [ 461.88334574,  258.23777612],
         [ 568.8200546 ,  267.35170017],
         [ 628.3643584 ,  284.3643584 ],
         [ 591.9086622 ,  210.23777612],
         [ 594.33904195,  203.55423182],
         [ 288.11119384,  297.12385207],
         [ 314.23777612,  300.76942169],
         [ 326.99726979,  282.54157359],
         [ 270.49094068,  210.23777612],
         [ 282.64283941,  219.95929511],
         [ 412.06056093,  206.5922065 ],
         [ 417.52891536,  210.23777612],
         [ 398.08587739,  205.37701663],
         [ 362.23777612,  205.37701663],
         [ 350.69347233,  207.80739638],
         [ 308.76942169,  262.49094068],
         [ 322.74410524,  258.23777612],
         [ 340.3643584 ,  249.73144701],
         [ 460.06056093,  251.55423182],
         [ 450.94663688,  248.51625714],
         [ 506.84537106,  220.56689005],
         [ 317.27575081,  199.30106726],
         [ 285.07321916,  252.76942169],
         [ 280.21245967,  236.97195334],
         [ 556.06056093,  291.04790271],
         [ 594.33904195,  262.49094068],
         [ 605.88334574,  252.76942169],
         [ 663.60486473,  268.56689005],
         [ 625.93397865,  219.95929511],
         [ 638.69347233,  203.55423182],
         [ 625.93397865,  203.55423182],
         [ 429.07321916,  267.35170017],
         [ 411.452966  ,  289.83271283],
         [ 441.83271283,  214.49094068],
         [ 450.33904195,  270.99726979],
         [ 451.55423182,  303.19980144],
         [ 429.6808141 ,  298.33904195],
         [ 436.3643584 ,  281.32638372],
         [ 356.76942169,  261.27575081],
         [ 526.28840903,  210.84537106],
         [ 526.89600397,  267.95929511],
         [ 532.97195334,  285.57954828],
         [ 543.30106726,  288.61752296],
         [ 535.40233309,  302.5922065 ],
         [ 519.60486473,  289.2251179 ],
         [ 478.28840903,  206.5922065 ],
         [ 483.75676346,  206.5922065 ],
         [ 469.78207992,  212.66815587],
         [ 457.63018119,  229.07321916],
         [ 475.85802929,  229.07321916],
         [ 507.452966  ,  232.71878878],
         [ 527.50359891,  224.21245967],
         [ 537.2251179 ,  205.37701663],
         [ 651.452966  ,  294.08587739],
         [ 651.452966  ,  269.78207992],
         [ 303.30106726,  229.6808141 ],
         [ 385.93397865,  285.57954828],
         [ 392.00992802,  274.03524448],
         [ 551.80739638,  384.61752296],
         [ 562.1365103 ,  382.18714321],
         [ 577.93397865,  381.57954828],
         [ 586.44030777,  386.44030777],
         [ 440.61752296,  376.11119384],
         [ 418.1365103 ,  365.17448498],
         [ 339.14916853,  301.37701663],
         [ 345.83271283,  309.88334574],
         [ 333.6808141 ,  292.26309258],
         [ 303.30106726,  296.51625714],
         [ 269.88334574,  314.1365103 ],
         [ 272.31372549,  336.00992802],
         [ 344.61752296,  396.16182676],
         [ 379.25043435,  372.46562422],
         [ 531.14916853,  399.80739638],
         [ 534.79473815,  385.2251179 ],
         [ 521.42764954,  394.33904195],
         [ 511.09853562,  380.3643584 ],
         [ 490.44030777,  387.04790271],
         [ 374.38967486,  399.80739638],
         [ 556.66815587,  224.8200546 ],
         [ 540.87068752,  229.6808141 ],
         [ 548.16182676,  228.46562422],
         [ 540.26309258,  249.73144701],
         [ 557.88334574,  244.26309258],
         [ 498.33904195,  252.76942169],
         [ 617.42764954,  326.28840903],
         [ 630.79473815,  313.52891536],
         [ 653.88334574,  318.38967486],
         [ 605.27575081,  292.26309258],
         [ 580.97195334,  296.51625714],
         [ 591.30106726,  312.31372549],
         [ 574.89600397,  328.71878878],
         [ 551.80739638,  306.84537106],
         [ 540.87068752,  337.83271283],
         [ 517.78207992,  319.60486473],
         [ 358.5922065 ,  295.30106726],
         [ 661.78207992,  188.3643584 ],
         [ 549.98461157,  186.54157359],
         [ 570.64283941,  184.71878878],
         [ 389.57954828,  210.23777612],
         [ 439.40233309,  231.50359891],
         [ 139.32894741,  449.73929832],
         [ 149.14948899,  373.13907399],
         [ 162.24354443,  384.26902112],
         [ 206.76333292,  498.84200621],
         [  28.02947617,  388.85194052],
         [  32.61239558,  338.43982708],
         [  64.03812863,  328.6192855 ],
         [ 102.66559218,  308.97820234],
         [ 100.70148386,  331.89279936],
         [ 124.27078365,  313.56112174],
         [ 145.22127236,  308.32349956],
         [ 166.82646383,  304.39528293],
         [ 184.50343868,  288.02771363],
         [ 188.43165531,  310.94231065],
         [ 195.6333858 ,  333.85690767],
         [ 168.79057215,  348.26036866],
         [ 130.1631086 ,  352.18858529],
         [ 115.75964762,  367.24674904],
         [  55.52699259,  371.82966845],
         [  16.24482628,  357.42620746],
         [  16.89952905,  331.23809658],
         [  16.24482628,  304.39528293],
         [   7.73369024,  279.5165776 ],
         [  84.98861733,  278.86187483],
         [ 116.41435039,  202.2616505 ],
         [ 125.5801892 ,  202.91635327],
         [  92.8450506 ,  207.49927268],
         [  57.49110091,  206.84456991],
         [  35.88590944,  206.84456991],
         [  10.35250133,  212.73689485],
         [ 107.24851158,  240.23441128],
         [ 105.28440327,  225.17624752],
         [  82.36980625,  228.44976138],
         [ 145.87597513,  252.01906117],
         [ 173.37349155,  227.79505861],
         [ 164.86235552,  206.84456991],
         [ 154.38711117,  204.88046159],
         [ 141.9477585 ,  204.88046159],
         [ 130.1631086 ,  210.11808377],
         [ 122.96137811,  293.26533581],
         [ 155.04181394,  279.5165776 ],
         [ 171.40938324,  271.66014433],
         [ 181.22992482,  257.25668335],
         [  58.14580368,  302.43117462],
         [  62.72872309,  286.06360532],
         [  63.38342586,  276.24306374],
         [  46.36115379,  281.48068591],
         [  35.88590944,  324.03636609],
         [  31.9576928 ,  287.37301086],
         [ 119.68786425,  259.87549444],
         [ 122.30667534,  223.21213921],
         [ 127.54429751,  221.24803089],
         [ 144.56656959,  223.21213921],
         [  90.22623951,  241.54381682],
         [ 271.57890735,  288.02771363],
         [ 272.23361012,  253.32846672],
         [ 182.53933036,  425.51529575],
         [ 172.06408601,  398.01777933],
         [ 183.84873591,  370.5202629 ],
         [  44.46562422,  478.49094068],
         [ 779.65549764,  408.00992802],
         [ 790.5922065 ,  356.97195334],
         [ 799.09853562,  352.11119384],
         [ 761.42764954,  309.57954828],
         [ 763.85802929,  280.41499131],
         [ 800.31372549,  292.56689005],
         [ 701.88334574,  198.99726979],
         [ 683.65549764,  213.57954828],
         [ 672.71878878,  216.00992802],
         [ 367.70613055,  653.47828245],
         [ 405.37701663,  606.08587739],
         [ 684.87068752,  676.56689005],
         [ 653.27575081,  661.98461157],
         [ 705.52891536,  648.61752296],
         [ 733.47828245,  593.93397865],
         [ 733.47828245,  625.52891536],
         [ 608.31372549,  614.5922065 ],
         [ 624.11119384,  582.99726979],
         [ 558.49094068,  593.93397865],
         [ 827.23104643,  356.76549604],
         [ 833.71462278,  342.17744925],
         [ 805.34897625,  318.26926146],
         [ 815.07434078,  306.11255581],
         [ 779.81989437,  305.30210876],
         [ 745.78111854,  349.06624912],
         [ 768.06841224,  346.63490799],
         [ 727.95128357,  323.94239077],
         [ 725.11471892,  300.4394265 ],
         [ 728.3565071 ,  280.58347393],
         [ 714.98413087,  291.1192855 ],
         [ 728.76173062,  379.45801326],
         [ 895.71382163,  299.62897946],
         [ 887.20412767,  318.26926146],
         [ 886.79890415,  346.22968447],
         [ 905.43918615,  380.26846031],
         [ 896.11904515,  369.73264874],
         [ 882.74666893,  407.41843627],
         [ 828.85194052,  392.83038949],
         [ 799.27062342,  389.58860131],
         [ 789.14003538,  330.42596712],
         [ 728.76173062,  400.93485992],
         [ 800.08107047,  420.7908125 ],
         [ 857.21758705,  465.3653999 ],
         [ 857.21758705,  432.94751815],
         [ 839.79297561,  405.79754219],
         [ 920.43245646,  401.74530697],
         [ 947.58243243,  374.595331  ],
         [ 959.73913808,  452.80347072],
         [ 900.17128037,  466.58107047],
         [ 915.5697742 ,  455.64003538],
         [ 717.17512591,  198.36131402],
         [ 708.39287947,  191.093248  ],
         [ 814.08267277,  189.88190367],
         [ 776.53099836,  194.12160884],
         [ 794.7011634 ,  192.00175625],
         [ 752.90978381,  202.90385528],
         [ 767.44591584,  199.26982227],
         [ 743.8247013 ,  210.47475738],
         [ 734.73961878,  198.36131402],
         [ 743.21902913,  185.64219849],
         [ 728.38006101,  190.48757583],
         [ 642.37461317,  210.17192129],
         [ 651.45969569,  194.42444493],
         [ 646.61431834,  201.38967486],
         [ 637.22639974,  288.90930312],
         [ 658.7277617 ,  281.94407319],
         [ 672.35538548,  291.63482788],
         [ 702.94182996,  280.12705669],
         [ 687.80002576,  256.80867822],
         [1002.03524448,  188.06056093],
         [ 892.66815587,  200.21245967],
         [ 919.40233309,  185.63018119],
         [ 192.71878878,  205.07321916],
         [ 806.38967486,  697.2251179 ],
         [ 820.97195334,  659.55423182],
         [ 865.93397865,  687.50359891],
         [ 833.12385207,  714.23777612],
         [ 918.18714321,  705.73144701],
         [ 876.87068752,  647.40233309],
         [ 813.6808141 ,  523.452966  ],
         [ 771.14916853,  486.99726979],
         [ 756.56689005,  439.60486473],
         [ 714.03524448,  418.94663688],
         [ 684.87068752,  418.94663688],
         [ 645.98461157,  386.1365103 ],
         [ 659.35170017,  369.12385207],
         [ 664.21245967,  354.54157359],
         [ 673.93397865,  343.60486473],
         [ 602.23777612,  346.03524448],
         [ 610.74410524,  367.9086622 ],
         [ 613.17448498,  387.35170017],
         [ 608.31372549,  411.65549764],
         [ 598.5922065 ,  422.5922065 ],
         [ 570.64283941,  427.452966  ],
         [ 648.41499131,  454.18714321],
         [ 669.07321916,  444.46562422],
         [ 678.79473815,  367.9086622 ],
         [ 971.65549764,  418.94663688],
         [ 952.21245967,  420.16182676],
         [1008.11119384,  435.95929511],
         [1016.61752296,  531.95929511],
         [ 961.93397865,  602.44030777],
         [ 989.88334574,  711.80739638],
         [ 993.52891536,  654.69347233],
         [ 995.95929511,  580.56689005],
         [1006.89600397,  644.97195334],
         [ 864.71878878,  722.74410524],
         [  54.18714321,  510.08587739],
         [ 458.84537106,  654.69347233],
         [ 450.33904195,  617.02258625],
         [ 853.78207992,  518.5922065 ],
         [ 846.49094068,  493.07321916],
         [ 875.65549764,  479.70613055],
         [ 398.08587739,  361.83271283],
         [ 387.14916853,  322.94663688],
         [ 890.23777612,  505.2251179 ],
         [ 459.1189203 ,  480.98505416],
         [ 630.97906016,  438.0200192 ],
         [ 633.0250142 ,  413.46857065],
         [ 634.04799122,  399.14689232],
         [ 533.79624297,  756.16587334],
         [ 600.28974947,  755.14289632],
         [ 640.18585336,  755.14289632],
         [ 721.32638372,  482.1365103 ],
         [ 421.17448498,  224.51625714],
         [ 782.08587739,  546.54157359],
         [ 734.69347233,  516.16182676],
         [ 129.52891536,  386.1365103 ],
         [ 117.37701663,  404.3643584 ],
         [ 114.94663688,  418.94663688],
         [ 187.85802929,  455.40233309],
         [ 258.33904195,  623.09853562],
         [ 310.5922065 ,  597.57954828],
         [ 704.31372549,  356.97195334],
         [ 707.95929511,  301.07321916],
         [ 484.3643584 ,  288.92132043],
         [ 495.30106726,  270.69347233],
         [ 566.99726979,  212.3643584 ],
         [ 549.98461157,  205.07321916],
         [ 593.73144701,  223.30106726],
         [ 599.80739638,  213.57954828],
         [ 309.37701663,  242.74410524],
         [ 325.17448498,  219.65549764],
         [ 489.2251179 ,  442.03524448],
         [ 345.83271283,  646.18714321],
         [ 305.73144701,  510.08587739],
         [ 294.79473815,  486.99726979],
         [ 532.97195334,  555.04790271],
         [ 438.18714321,  397.07321916],
         [ 438.18714321,  397.07321916],
         [ 937.63018119,  640.11119384],
         [ 506.23777612,  399.50359891],
         [ 548.76942169,  659.55423182],
         [ 660.56689005,  339.95929511],
         [ 528.11119384,  236.66815587],
         [ 253.47828245,  367.9086622 ],
         [ 388.02071016,  222.07863179],
         [ 398.4874904 ,  218.1535892 ],
         [ 393.25410028,  246.93723486],
         [ 602.58970505,  181.51985837],
         [ 582.9644921 ,  184.13655343]]), array([[460]], dtype=uint16))]]
