[[(array([[  19.31892108,  579.42441558],
         [  97.06517483,  547.71212787],
         [  42.84739261,  486.33350649],
         [  77.62861139,  477.12671329],
         [  28.52571429,  450.52931069],
         [  45.91632368,  427.00083916],
         [  30.57166833,  393.2425974 ],
         [  78.65158841,  391.19664336],
         [  32.61762238,  318.56527473],
         [  52.05418581,  311.40443556],
         [   6.02021978,  297.08275724],
         [   8.06617383,  272.53130869],
         [  42.84739261,  241.841998  ],
         [  68.42181818,  247.97986014],
         [  47.96227772,  216.26757243],
         [  12.15808192,  218.31352647],
         [ 438.7395005 ,  561.01082917],
         [ 378.38385614,  573.28655345],
         [ 385.5446953 ,  648.98685315],
         [ 344.62561439,  667.40043956],
         [ 341.55668332,  604.99884116],
         [ 309.8443956 ,  643.87196803],
         [ 259.71852148,  674.56127872],
         [ 223.91432567,  621.36647353],
         [ 212.66157842,  663.30853147],
         [ 182.99524476,  644.89494505],
         [ 197.31692308,  604.99884116],
         [ 170.71952048,  588.63120879],
         [ 116.50173826,  622.38945055],
         [ 113.43280719,  491.44839161],
         [ 112.40983017,  431.09274725],
         [  99.11112887,  401.42641359],
         [ 136.96127872,  385.05878122],
         [ 128.77746254,  419.84      ],
         [ 178.90333666,  412.67916084],
         [ 196.29394605,  400.40343656],
         [ 170.71952048,  448.48335664],
         [ 179.92631369,  466.89694306],
         [ 233.12111888,  457.69014985],
         [ 249.48875125,  469.96587413],
         [ 308.82141858,  479.17266733],
         [ 331.32691309,  520.09174825],
         [ 342.57966034,  538.50533467],
         [ 294.49974026,  582.49334665],
         [ 368.15408591,  473.03480519],
         [ 231.07516484,  561.01082917],
         [ 105.24899101,  677.63020979],
         [ 427.48675325,  669.44639361],
         [ 474.5436963 ,  676.60723277],
         [ 505.23300699,  627.50433566],
         [ 593.20903097,  662.28555445],
         [ 577.86437562,  620.3434965 ],
         [ 546.15208791,  630.57326673],
         [ 577.86437562,  586.58525475],
         [ 642.31192807,  595.79204795],
         [ 623.89834166,  572.26357642],
         [ 641.28895105,  660.2396004 ],
         [ 664.81742258,  624.4354046 ],
         [ 688.34589411,  554.87296703],
         [ 639.242997  ,  631.59624376],
         [ 740.51772228,  598.86097902],
         [ 780.41382617,  579.42441558],
         [ 679.1391009 ,  680.69914086],
         [ 700.62161838,  677.63020979],
         [ 750.74749251,  685.81402597],
         [ 797.80443556,  676.60723277],
         [ 847.93030969,  670.46937063],
         [ 827.47076923,  595.79204795],
         [ 847.93030969,  597.838002  ],
         [1006.49174825,  572.26357642],
         [1014.67556444,  534.41342657],
         [1007.51472527,  517.02281718],
         [ 988.07816184,  522.1377023 ],
         [ 955.3428971 ,  520.09174825],
         [ 911.35488511,  474.05778222],
         [ 883.73450549,  498.60923077],
         [ 887.82641359,  515.99984016],
         [ 894.98725275,  465.87396603],
         [ 850.99924076,  462.80503497],
         [ 829.51672328,  472.01182817],
         [ 728.241998  ,  -60.9592008 ],
         [ 482.72751249,  520.09174825],
         [ 413.16507493,  540.55128871],
         [ 408.05018981,  510.88495504],
         [ 439.76247752,  486.33350649],
         [ 454.08415584,  453.59824176],
         [ 528.76147852,  455.6441958 ],
         [ 544.10613387,  493.49434565],
         [ 575.81842158,  505.77006993],
         [ 579.91032967,  479.17266733],
         [ 609.57666334,  502.70113886],
         [ 642.31192807,  509.86197802],
         [ 667.88635365,  512.93090909],
         [ 697.55268731,  517.02281718],
         [ 677.09314685,  462.80503497],
         [ 687.32291708,  445.41442557],
         [ 726.19604396,  493.49434565],
         [ 751.77046953,  457.69014985],
         [ 732.33390609,  539.52831169],
         [ 503.18705295,  568.17166833],
         [ 518.53170829,  595.79204795],
         [ 488.86537463,  604.99884116],
         [ 406.00423576,  429.04679321],
         [ 356.90133866,  432.11572428],
         [ 370.20003996,  407.56427572],
         [ 346.67156843,  403.47236763],
         [ 330.30393606,  412.67916084],
         [ 291.43080919,  376.87496503],
         [ 273.01722278,  408.58725275],
         [ 280.17806194,  434.16167832],
         [ 240.28195804,  362.55328671],
         [ 192.20203796,  379.9438961 ],
         [ 168.67356643,  373.80603397],
         [  82.7434965 ,  302.19764236],
         [ 104.22601399,  314.47336663],
         [ 115.47876124,  301.17466533],
         [ 126.73150849,  329.81802198],
         [ 144.12211788,  329.81802198],
         [ 201.40883117,  338.00183816],
         [ 188.11012987,  327.77206793],
         [ 200.38585415,  305.26657343],
         [ 167.65058941,  294.01382617],
         [ 152.30593407,  271.50833167],
         [ 160.48975025,  250.02581419],
         [ 166.62761239,  241.841998  ],
         [ 139.00723277,  239.79604396],
         [ 117.52471528,  256.16367632],
         [ 105.24899101,  243.88795205],
         [  92.97326673,  261.27856144],
         [  88.88135864,  239.79604396],
         [  74.55968032,  226.49734266],
         [  45.91632368,  194.78505495],
         [  57.16907093,  186.60123876],
         [  86.06817183,  219.08075924],
         [  91.18305694,  213.45438561],
         [  84.02221778,  167.42041958],
         [  97.32091908,  172.02381618],
         [ 109.08515485,  165.88595405],
         [ 120.84939061,  178.67316683],
         [ 121.36087912,  162.30553447],
         [ 128.52171828,  160.25958042],
         [ 130.56767233,  169.46637363],
         [ 146.42381618,  161.79404595],
         [ 155.63060939,  161.79404595],
         [ 140.28595405,  189.92591409],
         [ 140.28595405,  177.1387013 ],
         [ 153.07316683,  193.50633367],
         [ 114.20003996,  190.94889111],
         [ 123.40683317,  212.43140859],
         [ 108.57366633,  219.08075924],
         [ 102.4358042 ,  204.24759241],
         [  97.83240759,  194.52931069],
         [ 148.46977023,  218.05778222],
         [ 157.67656344,  215.50033966],
         [ 118.29194805,  227.77606394],
         [ 204.22201798,  223.17266733],
         [ 208.82541459,  220.10373626],
         [ 202.17606394,  240.56327672],
         [ 191.94629371,  251.81602398],
         [ 191.94629371,  267.16067932],
         [ 209.3369031 ,  280.45938062],
         [ 160.23400599,  289.15468531],
         [ 217.00923077,  296.31552448],
         [ 231.33090909,  254.88495504],
         [ 242.58365634,  244.65518482],
         [ 246.16407592,  230.33350649],
         [ 243.09514486,  210.89694306],
         [ 248.72151848,  195.0407992 ],
         [ 226.21602398,  187.36847153],
         [ 214.45178821,  187.36847153],
         [ 215.47476523,  168.95488511],
         [ 221.10113886,  167.93190809],
         [ 228.26197802,  164.35148851],
         [ 187.3428971 ,  154.12171828],
         [ 179.15908092,  153.09874126],
         [ 187.85438561,  182.25358641],
         [ 171.99824176,  173.55828172],
         [ 173.53270729,  185.83400599],
         [ 177.62461538,  198.10973027],
         [ 200.13010989,  187.87996004],
         [ 193.48075924,  211.40843157],
         [ 262.02021978,  212.43140859],
         [ 268.66957043,  208.85098901],
         [ 284.52571429,  205.78205794],
         [ 263.55468531,  197.08675325],
         [ 265.60063936,  189.41442557],
         [ 275.31892108,  196.57526474],
         [ 292.19804196,  203.7361039 ],
         [ 308.56567433,  203.22461538],
         [ 295.77846154,  215.50033966],
         [ 281.96827173,  221.6382018 ],
         [ 267.64659341,  216.52331668],
         [ 271.22701299,  232.37946054],
         [ 255.37086913,  259.48835165],
         [ 284.01422577,  263.06877123],
         [ 315.72651349,  227.26457542],
         [ 306.51972028,  223.68415584],
         [ 320.32991009,  219.59224775],
         [ 330.55968032,  225.21862138],
         [ 324.42181818,  229.82201798],
         [ 326.97926074,  235.95988012],
         [ 317.77246753,  241.07476523],
         [ 333.11712288,  269.20663337],
         [ 291.68655345,  272.78705295],
         [ 297.31292707,  296.31552448],
         [ 289.12911089,  305.01082917],
         [ 302.42781219,  319.33250749],
         [ 313.16907093,  306.03380619],
         [ 263.55468531,  291.71212787],
         [ 251.27896104,  295.29254745],
         [ 254.34789211,  312.17166833],
         [ 230.81942058,  302.96487512],
         [ 262.53170829,  339.79204795],
         [ 317.26097902,  350.53330669],
         [ 271.22701299,  363.83200799],
         [ 320.8413986 ,  376.61922078],
         [ 348.46177822,  368.4354046 ],
         [ 345.90433566,  350.53330669],
         [ 372.50173826,  379.17666334],
         [ 392.96127872,  368.4354046 ],
         [ 384.77746254,  350.02181818],
         [ 408.81742258,  348.99884116],
         [ 411.88635365,  334.16567433],
         [ 441.0411988 ,  341.838002  ],
         [ 456.38585415,  370.48135864],
         [ 457.92031968,  330.58525475],
         [ 473.77646354,  332.11972028],
         [ 457.92031968,  317.79804196],
         [ 467.6386014 ,  312.17166833],
         [ 481.96027972,  300.40743257],
         [ 445.6445954 ,  302.96487512],
         [ 432.34589411,  292.7351049 ],
         [ 459.45478521,  307.56827173],
         [ 469.17306693,  290.68915085],
         [ 471.73050949,  297.84999001],
         [ 356.13410589,  302.96487512],
         [ 346.92731269,  301.9418981 ],
         [ 366.36387612,  286.08575425],
         [ 359.71452547,  265.62621379],
         [ 370.96727273,  257.4423976 ],
         [ 354.59964036,  243.12071928],
         [ 342.8354046 ,  239.5402997 ],
         [ 341.81242757,  226.75308691],
         [ 289.6405994 ,  245.67816184],
         [ 319.81842158,  189.92591409],
         [ 306.51972028,  182.25358641],
         [ 287.59464535,  178.67316683],
         [ 270.20403596,  173.04679321],
         [ 246.16407592,  182.25358641],
         [ 236.95728272,  179.69614386],
         [ 349.99624376,  214.47736264],
         [ 336.69754246,  201.69014985],
         [ 351.01922078,  201.69014985],
         [ 360.7375025 ,  205.27056943],
         [ 357.66857143,  226.75308691],
         [ 350.50773227,  227.77606394],
         [ 369.9442957 ,  226.2415984 ],
         [ 376.59364635,  217.03480519],
         [ 364.82941059,  219.59224775],
         [ 385.28895105,  219.59224775],
         [ 387.33490509,  235.95988012],
         [ 398.07616384,  257.4423976 ],
         [ 390.91532468,  259.99984016],
         [ 401.65658342,  246.70113886],
         [ 399.61062937,  235.95988012],
         [ 403.19104895,  217.03480519],
         [ 424.67356643,  227.26457542],
         [ 414.95528472,  230.33350649],
         [ 402.16807193,  132.6392008 ],
         [ 388.86937063,  128.54729271],
         [ 308.56567433,   56.9389011 ],
         [ 302.42781219,   56.42741259],
         [ 452.80543457,  263.06877123],
         [ 416.48975025,  243.12071928],
         [ 410.35188811,  238.51732268],
         [ 438.99524476,  254.88495504],
         [ 422.62761239,  269.20663337],
         [ 432.34589411,  265.62621379],
         [ 428.25398601,  268.18365634],
         [ 418.5357043 ,  285.06277722],
         [ 411.37486513,  283.52831169],
         [ 404.21402597,  282.50533467],
         [ 408.81742258,  301.43040959],
         [ 364.31792208,  296.82701299],
         [ 492.70153846,  331.09674326],
         [ 502.41982018,  328.5393007 ],
         [ 504.97726274,  314.21762238],
         [ 496.28195804,  314.21762238],
         [ 490.65558442,  308.59124875],
         [ 487.07516484,  292.7351049 ],
         [ 493.21302697,  290.68915085],
         [ 510.09214785,  259.99984016],
         [ 488.60963037,  255.90793207],
         [ 479.91432567,  252.32751249],
         [ 462.52371628,  245.16667333],
         [ 449.22501499,  247.72411588],
         [ 471.21902098,  257.4423976 ],
         [ 465.59264735,  263.06877123],
         [ 467.6386014 ,  274.32151848],
         [ 456.89734266,  278.92491508],
         [ 448.20203796,  272.78705295],
         [ 475.31092907,  281.99384615],
         [ 484.00623377,  279.94789211],
         [ 488.09814186,  269.71812188],
         [ 495.77046953,  275.3444955 ],
         [ 489.63260739,  280.97086913],
         [ 497.30493506,  284.55128871],
         [ 484.00623377,  218.05778222],
         [ 496.79344655,  216.52331668],
         [ 436.69354645,  389.40643357],
         [ 439.76247752,  402.70513487],
         [ 392.70553447,  397.59024975],
         [ 553.31292707,  378.66517483],
         [ 522.11212787,  351.0447952 ],
         [ 529.78445554,  341.838002  ],
         [ 546.66357642,  328.5393007 ],
         [ 322.63160839,  317.28655345],
         [ 153.32891109,  301.43040959],
         [ 564.56567433,  345.41842158],
         [ 557.40483516,  339.28055944],
         [ 576.32991009,  307.56827173],
         [ 569.68055944,  308.59124875],
         [ 569.68055944,  298.36147852],
         [ 554.84739261,  296.82701299],
         [ 546.15208791,  289.66617383],
         [ 536.43380619,  297.84999001],
         [ 531.83040959,  287.62021978],
         [ 513.41682318,  291.20063936],
         [ 516.48575425,  270.7410989 ],
         [ 532.85338661,  264.09174825],
         [ 520.57766234,  243.12071928],
         [ 539.50273726,  243.63220779],
         [ 548.70953047,  152.58725275],
         [ 538.99124875,  149.51832168],
         [ 526.20403596,  224.70713287],
         [ 553.82441558,  277.90193806],
         [ 546.15208791,  279.94789211],
         [ 537.45678322,  275.3444955 ],
         [ 520.06617383,  279.94789211],
         [ 567.63460539,  281.99384615],
         [ 552.80143856,  314.72911089],
         [ 549.22101898,  307.05678322],
         [ 524.15808192,  322.91292707],
         [ 519.0431968 ,  289.15468531],
         [ 843.58265734,  442.60123876],
         [ 859.95028971,  447.71612388],
         [ 864.0421978 ,  424.69914086],
         [ 853.81242757,  414.98085914],
         [ 794.47976024,  400.65918082],
         [ 773.50873127,  396.05578422],
         [ 762.25598402,  430.32551449],
         [ 789.87636364,  433.90593407],
         [ 746.39984016,  402.70513487],
         [ 745.88835165,  413.44639361],
         [ 732.58965035,  423.16467532],
         [ 739.75048951,  426.23360639],
         [ 724.40583417,  414.98085914],
         [ 715.19904096,  417.5383017 ],
         [ 721.84839161,  384.80303696],
         [ 738.21602398,  374.06177822],
         [ 742.30793207,  381.22261738],
         [ 745.88835165,  390.42941059],
         [ 753.04919081,  392.98685315],
         [ 696.27396603,  392.47536464],
         [ 685.53270729,  386.84899101],
         [ 692.69354645,  381.73410589],
         [ 668.1420979 ,  386.3375025 ],
         [ 669.16507493,  377.6421978 ],
         [ 677.86037962,  372.52731269],
         [ 665.07316683,  408.33150849],
         [ 639.49874126,  384.80303696],
         [ 649.21702298,  363.32051948],
         [ 660.46977023,  358.71712288],
         [ 714.17606394,  358.20563437],
         [ 720.82541459,  352.57926074],
         [ 637.96427572,  349.51032967],
         [ 621.59664336,  355.1367033 ],
         [ 603.69454545,  384.80303696],
         [ 584.25798202,  370.48135864],
         [ 588.34989011,  352.57926074],
         [ 601.1371029 ,  352.57926074],
         [ 577.09714286,  345.41842158],
         [ 575.56267732,  332.63120879],
         [ 584.76947053,  314.72911089],
         [ 579.65458541,  299.38445554],
         [ 592.4417982 ,  300.91892108],
         [ 601.1371029 ,  300.40743257],
         [ 584.25798202,  295.80403596],
         [ 616.48175824,  295.29254745],
         [ 624.15408591,  295.80403596],
         [ 641.03320679,  294.26957043],
         [ 644.61362637,  302.96487512],
         [ 647.17106893,  307.56827173],
         [ 656.88935065,  312.17166833],
         [ 661.49274725,  313.19464535],
         [ 678.88335664,  313.70613387],
         [ 678.88335664,  336.21162837],
         [ 663.02721279,  332.63120879],
         [ 664.56167832,  347.46437562],
         [ 648.70553447,  321.88995005],
         [ 641.5446953 ,  333.1426973 ],
         [ 640.52171828,  316.77506494],
         [ 610.85538462,  325.98185814],
         [ 605.22901099,  313.70613387],
         [ 595.51072927,  313.19464535],
         [ 591.93030969,  323.9359041 ],
         [ 598.06817183,  331.60823177],
         [ 623.13110889,  315.2405994 ],
         [ 633.87236763,  314.72911089],
         [ 612.90133866,  313.19464535],
         [ 669.67656344,  315.75208791],
         [ 674.27996004,  320.86697303],
         [ 685.02121878,  330.07376623],
         [ 705.48075924,  318.82101898],
         [ 700.87736264,  323.9359041 ],
         [ 649.72851149,  345.41842158],
         [ 793.45678322,  394.00983017],
         [ 873.24899101,  412.42341658],
         [ 890.12811189,  425.21062937],
         [ 904.44979021,  431.34849151],
         [ 935.65058941,  447.20463536],
         [ 953.0411988 ,  469.71012987],
         [ 971.96627373,  464.59524476],
         [ 986.79944056,  462.54929071],
         [ 970.43180819,  477.89394605],
         [ 960.71352647,  488.12371628],
         [ 988.84539461,  476.35948052],
         [ 930.5357043 ,  487.10073926],
         [ 938.71952048,  499.88795205],
         [ 880.92131868,  453.3424975 ],
         [ 883.99024975,  481.98585415],
         [ 656.12211788,  229.82201798],
         [-120.82893107,  128.29154845]]), array([[433]], dtype=uint16))]]
