[[(array([[ 126.8512133 ,  700.51651574],
         [  72.77367793,  671.12655087],
         [  13.99374819,  733.4332764 ],
         [ 233.83068544,  724.02848764],
         [ 259.69385453,  684.05813541],
         [ 157.41677677,  631.15619864],
         [ 184.45554446,  539.45950823],
         [ 119.79762173,  488.90876865],
         [  77.47607231,  453.6408108 ],
         [  37.50572009,  468.92359254],
         [   5.76455802,  490.08436725],
         [   2.23776224,  401.91447262],
         [  37.50572009,  368.99771197],
         [  93.93445264,  401.91447262],
         [ 122.14881892,  374.87570494],
         [ 162.11917115,  421.89964874],
         [ 229.12829106,  495.96236022],
         [ 287.90822081,  550.03989559],
         [ 296.13741098,  459.51880378],
         [ 399.59008733,  740.48686797],
         [ 483.05758757,  728.73088202],
         [ 439.56043956,  691.11172698],
         [ 418.39966485,  622.92700848],
         [ 399.59008733,  554.74228997],
         [ 390.18529857,  486.55757146],
         [ 334.93216461,  418.37285295],
         [ 403.11688312,  418.37285295],
         [ 345.51255196,  374.87570494],
         [ 297.31300957,  363.11971899],
         [ 244.4110728 ,  358.41732461],
         [ 206.79191776,  358.41732461],
         [ 219.7235023 ,  305.51538784],
         [ 144.48519223,  305.51538784],
         [ 113.91962876,  277.30102156],
         [  31.62772711,  272.59862718],
         [  10.4669524 ,  336.08095131],
         [  21.04733976,  209.11630305],
         [  50.43730463,  217.34549322],
         [ 119.79762173,  226.75028198],
         [ 235.00628404,  271.42302858],
         [ 210.31871354,  242.03306371],
         [ 273.80103767,  272.59862718],
         [ 336.1077632 ,  289.05700751],
         [ 380.78050981,  323.14936676],
         [ 471.30160162,  410.14366279],
         [ 488.93558055,  300.81299346],
         [ 431.3312494 ,  285.53021172],
         [ 511.27195385,  477.1527827 ],
         [ 535.95952435,  628.80500145],
         [ 599.44184847,  601.76623377],
         [ 658.22177822,  667.59975508],
         [ 693.48973607,  640.5609874 ],
         [ 604.14424285,  530.05471947],
         [ 595.91505269,  432.48003609],
         [ 518.32554542,  416.02165576],
         [ 541.83751732,  292.58380329],
         [ 600.61744707,  320.79816957],
         [ 577.10547517,  304.33978924],
         [ 640.5877993 ,  346.66133866],
         [ 655.87058103,  448.93841642],
         [ 802.8204054 ,  628.80500145],
         [ 764.02565177,  584.13225484],
         [ 852.19554639,  685.23373401],
         [ 997.96977216,  740.48686797],
         [ 967.40420869,  658.19496632],
         [ 960.35061712,  580.60545906],
         [1007.37456092,  546.5130998 ],
         [ 997.96977216,  479.50397989],
         [ 927.43385647,  520.64993071],
         [ 878.05871548,  493.61116303],
         [ 805.17160259,  530.05471947],
         [ 833.38596887,  508.89394476],
         [ 787.53762367,  443.06042345],
         [ 815.75198995,  426.60204312],
         [ 718.17730656,  473.62598692],
         [ 706.42132061,  424.25084593],
         [ 669.97776417,  397.21207824],
         [ 668.80216558,  363.11971899],
         [ 708.7725178 ,  306.69098643],
         [ 738.16248268,  296.11059908],
         [ 748.74287003,  374.87570494],
         [ 788.71322226,  354.89052883],
         [ 812.22519416,  309.04218362],
         [ 842.79075763,  309.04218362],
         [ 855.72234217,  269.07183139],
         [ 876.88311688,  341.95894428],
         [ 909.79987754,  356.06612742],
         [ 885.11230705,  412.49485998],
         [ 980.33579324,  430.1288389 ],
         [1003.84776514,  371.34890916],
         [ 950.94582837,  399.56327543],
         [ 965.0530115 ,  347.83693726],
         [ 968.57980729,  267.8962328 ],
         [ 977.98459605,  226.75028198],
         [1013.2525539 ,  243.20866231],
         [ 920.3802649 ,  254.96464825],
         [ 920.3802649 ,  287.88140891],
         [ 842.79075763,  209.11630305],
         [ 866.30272953,  206.76510586],
         [ 880.40991267,  182.07753537],
         [ 907.44868035,  160.91676066],
         [ 772.25484193,  213.81869743],
         [ 691.13853888,  267.8962328 ],
         [ 649.99258806,  251.43785247],
         [ 605.31984145,  244.3842609 ],
         [ 538.31072154,  226.75028198],
         [ 450.14082692,  226.75028198],
         [ 367.84892527,  238.50626793],
         [ 405.46808031,  203.23831008],
         [ 448.96522832,  197.3603171 ],
         [ 407.8192775 ,  179.72633818],
         [ 345.51255196,  179.72633818],
         [ 374.90251684,  159.74116206],
         [ 336.1077632 ,  244.3842609 ],
         [ 292.61061519,  234.97947214],
         [ 239.70867842,  204.41390867],
         [ 266.7474461 ,  167.97035223],
         [ 235.00628404,  140.93158454],
         [ 217.37230511,  170.32154942],
         [ 169.17276272,  159.74116206],
         [ 146.83638942,  195.00911991],
         [ 128.0268119 ,  165.61915504],
         [  82.17846669,  185.60433115],
         [  66.89568496,  156.21436628],
         [  21.04733976,  143.28278173],
         [  49.26170604,  105.6636267 ],
         [  91.58325545,  135.05359157],
         [ 143.30959363,  129.17559859],
         [ 143.30959363,  102.13683091],
         [ 213.84550933,  102.13683091],
         [ 260.86945313,   83.32725339],
         [ 138.60719925,   75.09806323],
         [  68.07128356,   93.90764075],
         [  84.52966388,   69.22007025],
         [  25.74973414,   77.44926042],
         [   1.06216364,   70.39566885],
         [  18.69614257,   45.70809835],
         [  13.99374819,    3.38654893],
         [  39.85691728,    3.38654893],
         [  68.07128356,   37.47890819],
         [  97.46124843,   48.05929554],
         [ 100.98804421,    8.08894331],
         [ 122.14881892,   12.79133769],
         [ 177.40195289,   48.05929554],
         [ 189.15793884,   37.47890819],
         [ 160.94357256,    9.26454191],
         [ 190.33353743,   12.79133769],
         [ 231.47948825,   36.30330959],
         [ 247.93786858,   56.28848571],
         [ 279.67903065,   60.99088009],
         [ 278.50343205,   15.14253488],
         [ 253.81586156,    9.26454191],
         [ 302.01540395,   16.31813348],
         [ 324.35177726,   72.74686604],
         [ 305.54219974,   57.4640843 ],
         [ 313.7713899 ,  102.13683091],
         [ 283.20582643,  119.77080984],
         [ 314.9469885 ,  138.58038735],
         [ 350.21494634,  105.6636267 ],
         [ 379.60491122,  126.82440141],
         [ 394.88769295,   93.90764075],
         [ 394.88769295,   50.41049273],
         [ 351.39054494,   58.6396829 ],
         [ 350.21494634,   23.37172505],
         [ 357.26853791,    8.08894331],
         [ 119.79762173,  756.9452483 ],
         [ 601.79304566,  203.23831008],
         [ 560.64709484,  223.22348619],
         [ 565.34948922,  184.42873256],
         [ 517.14994683,  184.42873256],
         [ 504.21836228,  152.68757049],
         [ 492.46237633,  118.59521124],
         [ 450.14082692,  124.47320422],
         [ 439.56043956,   79.80045761],
         [ 458.37001708,   85.67845058],
         [ 480.70639038,   69.22007025],
         [ 430.1556508 ,   42.18130257],
         [ 460.72121427,   44.53249976],
         [ 413.69727047,    6.91334472],
         [ 390.18529857,   24.54732364],
         [ 338.45896039,   36.30330959],
         [ 323.17617866,   28.07411943],
         [ 324.35177726,   48.05929554],
         [ 454.84322129,   16.31813348],
         [ 424.27765783,    3.38654893],
         [ 473.65279881,    6.91334472],
         [ 493.63797493,   15.14253488],
         [ 504.21836228,   36.30330959],
         [ 525.37913699,   23.37172505],
         [ 507.74515807,    4.56214753],
         [ 527.73033418,   53.93728852],
         [ 550.06670749,   53.93728852],
         [ 540.66191873,   93.90764075],
         [ 525.37913699,   93.90764075],
         [ 532.43272856,  122.12200703],
         [ 577.10547517,  128.        ],
         [ 598.26624988,  111.54161967],
         [ 565.34948922,  102.13683091],
         [ 595.91505269,   52.76168992],
         [ 602.96864426,   19.84492926],
         [ 614.72463021,   15.14253488],
         [ 581.80786955,   15.14253488],
         [ 558.29589765,   12.79133769],
         [ 639.4122007 ,   17.49373207],
         [ 647.64139087,   32.77651381],
         [ 620.60262318,   69.22007025],
         [ 625.30501756,  110.36602108],
         [ 666.45096839,  132.70239438],
         [ 689.96294029,  182.07753537],
         [ 649.99258806,  197.3603171 ],
         [ 607.67103864,  155.03876768],
         [ 736.98688408,  231.45267636],
         [ 813.40079276,  271.42302858],
         [ 803.996004  ,  163.26795785],
         [ 781.65963069,  163.26795785],
         [ 776.95723631,  128.        ],
         [ 799.29360962,  126.82440141],
         [ 739.33808127,  126.82440141],
         [ 706.42132061,  140.93158454],
         [ 686.4361445 ,   97.43443653],
         [ 708.7725178 ,   88.02964777],
         [ 744.04047565,   90.38084496],
         [ 772.25484193,   52.76168992],
         [ 768.72804615,   23.37172505],
         [ 735.81128549,   48.05929554],
         [ 693.48973607,   48.05929554],
         [ 661.74857401,   93.90764075],
         [ 681.73375012,    4.56214753],
         [ 704.07012342,   25.72292224],
         [ 725.23089813,   17.49373207],
         [ 835.73716606,   19.84492926],
         [ 835.73716606,   50.41049273],
         [ 829.85917308,   70.39566885],
         [ 852.19554639,  115.06841546],
         [ 936.83864523,  113.89281686],
         [ 888.63910283,   73.92246463],
         [ 887.46350424,   48.05929554],
         [ 907.44868035,   69.22007025],
         [ 859.24913796,   42.18130257],
         [ 879.23431407,   17.49373207],
         [ 839.26396184,    3.38654893],
         [ 973.28220167,   33.9521124 ],
         [ 995.61857497,   28.07411943],
         [1002.67216654,   85.67845058],
         [ 989.740582  ,  118.59521124],
         [ 966.2286101 ,  104.4880281 ],
         [ 945.06783539,   78.62485901],
         [ 945.06783539,   64.51767587],
         [ 953.29702556,  152.68757049],
         [ 987.38938481,  193.83352132],
         [1002.67216654,  167.97035223],
         [1021.48174406,   66.86887306],
         [ 792.24001805,   42.18130257],
         [ 859.24913796,  155.03876768],
         [ 918.02906771,  472.45038832],
         [ 965.0530115 ,    6.91334472],
         [ 938.00599401,  206.12987013]]), array([[257]], dtype=uint16))]]
