[[(array([[2.88023529e+01, 3.03010588e+02],
         [8.68047059e+01, 2.50598824e+02],
         [1.82543529e+02, 2.84841176e+02],
         [2.57317647e+02, 2.94624706e+02],
         [3.34887059e+02, 2.74358824e+02],
         [3.83105882e+02, 2.67370588e+02],
         [4.28529412e+02, 2.62478824e+02],
         [4.50891765e+02, 2.46405882e+02],
         [4.87230588e+02, 2.47803529e+02],
         [5.75282353e+02, 2.78551765e+02],
         [5.59908235e+02, 2.38020000e+02],
         [5.76680000e+02, 1.97488235e+02],
         [5.40341176e+02, 2.00283529e+02],
         [5.04002353e+02, 2.15657647e+02],
         [4.62771765e+02, 2.14958824e+02],
         [4.32023529e+02, 2.10765882e+02],
         [3.59345882e+02, 2.38020000e+02],
         [2.90162353e+02, 2.29634118e+02],
         [2.48931765e+02, 2.44309412e+02],
         [2.19581176e+02, 2.49201176e+02],
         [1.83941176e+02, 2.35224706e+02],
         [1.49698824e+02, 2.55490588e+02],
         [6.51411765e+01, 2.54791765e+02],
         [7.83764706e+00, 2.45008235e+02],
         [1.27294118e+01, 2.18452941e+02],
         [2.95011765e+01, 1.80716471e+02],
         [5.04658824e+01, 1.81415294e+02],
         [8.53647059e+00, 1.84210588e+02],
         [8.40094118e+01, 1.84210588e+02],
         [1.43409412e+02, 2.11464706e+02],
         [2.11195294e+02, 2.05175294e+02],
         [2.83174118e+02, 2.00982353e+02],
         [3.80310588e+02, 1.80716471e+02],
         [4.39710588e+02, 1.79318824e+02],
         [4.55084706e+02, 1.62547059e+02],
         [4.90025882e+02, 1.91198824e+02],
         [5.17978824e+02, 1.85608235e+02],
         [5.76680000e+02, 1.62547059e+02],
         [5.50124706e+02, 1.49968235e+02],
         [5.11689412e+02, 1.56956471e+02],
         [3.99178824e+02, 1.74427059e+02],
         [3.42574118e+02, 1.71631765e+02],
         [3.14621176e+02, 1.63944706e+02],
         [3.46767059e+02, 1.98885882e+02],
         [2.53823529e+02, 1.67438824e+02],
         [1.90230588e+02, 1.77222353e+02],
         [2.39148235e+02, 1.71631765e+02],
         [1.35023529e+02, 1.76523529e+02],
         [1.05672941e+02, 1.71631765e+02],
         [5.04235294e+00, 1.28304706e+02],
         [5.25623529e+01, 1.35991765e+02],
         [7.07317647e+01, 1.22714118e+02],
         [1.37818824e+02, 1.35292941e+02],
         [1.42710588e+02, 1.54860000e+02],
         [1.50397647e+02, 1.68836471e+02],
         [1.79748235e+02, 1.59751765e+02],
         [2.06303529e+02, 1.57655294e+02],
         [1.88134118e+02, 1.34594118e+02],
         [1.99315294e+02, 1.42281176e+02],
         [2.37750588e+02, 1.35991765e+02],
         [2.91560000e+02, 1.40184706e+02],
         [2.81077647e+02, 1.45775294e+02],
         [3.51658824e+02, 1.40184706e+02],
         [3.68430588e+02, 1.29702353e+02],
         [4.05468235e+02, 1.52064706e+02],
         [4.07564706e+02, 1.29702353e+02],
         [4.25035294e+02, 1.24810588e+02],
         [5.04701176e+02, 1.40883529e+02],
         [5.42437647e+02, 1.29702353e+02],
         [5.65498824e+02, 1.25509412e+02],
         [5.89957647e+02, 1.40883529e+02],
         [5.87861176e+02, 1.15027059e+02],
         [5.68992941e+02, 9.89541176e+01],
         [5.36847059e+02, 1.15725882e+02],
         [5.20774118e+02, 1.05942353e+02],
         [5.21472941e+02, 1.17123529e+02],
         [5.15882353e+02, 1.31100000e+02],
         [4.83037647e+02, 1.19918824e+02],
         [4.78844706e+02, 1.10135294e+02],
         [4.88628235e+02, 1.05942353e+02],
         [4.99110588e+02, 1.15027059e+02],
         [4.50891765e+02, 1.12930588e+02],
         [4.34818824e+02, 1.22015294e+02],
         [4.74651765e+02, 1.44377647e+02],
         [4.59976471e+02, 1.28304706e+02],
         [4.34120000e+02, 1.52763529e+02],
         [4.04769412e+02, 1.13629412e+02],
         [3.47465882e+02, 1.20617647e+02],
         [3.46767059e+02, 1.03845882e+02],
         [3.60044706e+02, 9.68576471e+01],
         [3.85901176e+02, 9.40623529e+01],
         [2.18183529e+02, 1.54860000e+02],
         [2.54522353e+02, 1.27605882e+02],
         [2.45437647e+02, 1.15027059e+02],
         [1.95821176e+02, 1.19918824e+02],
         [1.17552941e+02, 1.12231765e+02],
         [6.93341176e+01, 1.03147059e+02],
         [2.68805882e+01, 9.72470588e+01],
         [3.63147059e+01, 8.36200000e+01],
         [4.99417647e+01, 1.04584706e+02],
         [1.72294118e+00, 9.23552941e+01],
         [1.36029412e+01, 8.25717647e+01],
         [2.77117647e+00, 7.76800000e+01],
         [5.91588235e+00, 5.56670588e+01],
         [1.53500000e+01, 6.54505882e+01],
         [3.77123529e+01, 6.64988235e+01],
         [5.20382353e+01, 5.84623529e+01],
         [7.92923529e+01, 7.06917647e+01],
         [9.88594118e+01, 8.60658824e+01],
         [1.12137059e+02, 8.25717647e+01],
         [1.02353529e+02, 1.03536471e+02],
         [1.27161765e+02, 9.09576471e+01],
         [1.42885294e+02, 9.86447059e+01],
         [1.46030000e+02, 1.16115294e+02],
         [1.61404118e+02, 9.72470588e+01],
         [1.97044118e+02, 8.85117647e+01],
         [2.02984118e+02, 1.02837647e+02],
         [2.16261765e+02, 1.12621176e+02],
         [2.31286471e+02, 9.41023529e+01],
         [2.18707647e+02, 8.29211765e+01],
         [2.18707647e+02, 9.55000000e+01],
         [2.33732353e+02, 7.52341176e+01],
         [2.59239412e+02, 1.12970588e+02],
         [2.77059412e+02, 1.02138824e+02],
         [2.89987647e+02, 9.89941176e+01],
         [2.86493529e+02, 1.22404706e+02],
         [2.82650000e+02, 7.87282353e+01],
         [2.87541765e+02, 8.99094118e+01],
         [2.67625294e+02, 7.27882353e+01],
         [2.50504118e+02, 7.17400000e+01],
         [2.75312353e+02, 6.68482353e+01],
         [2.72517059e+02, 5.53176471e+01],
         [2.81252353e+02, 4.58835294e+01],
         [2.85095882e+02, 3.67988235e+01],
         [2.90337059e+02, 2.84129412e+01],
         [2.85794706e+02, 2.03764706e+01],
         [2.89288824e+02, 9.89411765e+00],
         [2.77758235e+02, 2.21235294e+01],
         [2.68324118e+02, 1.40870588e+01],
         [2.73565294e+02, 3.12082353e+01],
         [2.63082941e+02, 4.30882353e+01],
         [2.71468824e+02, 4.13411765e+01],
         [2.55395882e+02, 3.26058824e+01],
         [2.48407647e+02, 4.34376471e+01],
         [2.55046471e+02, 5.67152941e+01],
         [2.43865294e+02, 4.83294118e+01],
         [2.34431176e+02, 3.57505882e+01],
         [2.41070000e+02, 3.47023529e+01],
         [2.40021765e+02, 2.73647059e+01],
         [2.47010000e+02, 2.70152941e+01],
         [2.51901765e+02, 1.16411765e+01],
         [2.37575882e+02, 9.89411765e+00],
         [2.29190000e+02, 1.47858824e+01],
         [2.22201765e+02, 2.35211765e+01],
         [2.34431176e+02, 4.90282353e+01],
         [2.18008824e+02, 6.40529412e+01],
         [2.27442941e+02, 6.68482353e+01],
         [2.56094706e+02, 4.48352941e+01],
         [2.63082941e+02, 8.84588235e+00],
         [2.60637059e+02, 1.40870588e+01],
         [2.84047647e+02, 1.50823529e+00],
         [2.75312353e+02, 1.37376471e+01],
         [2.70770000e+02, 3.95411765e+00],
         [2.45262941e+02, 4.30352941e+00],
         [2.32334706e+02, 5.00235294e+00],
         [2.19406471e+02, 7.44823529e+00],
         [2.22900588e+02, 1.37376471e+01],
         [2.16960588e+02, 2.42200000e+01],
         [2.12068824e+02, 2.84129412e+01],
         [2.06128824e+02, 3.57505882e+01],
         [2.16611176e+02, 4.65823529e+01],
         [2.22201765e+02, 4.06423529e+01],
         [2.06478235e+02, 4.97270588e+01],
         [1.92152353e+02, 7.52341176e+01],
         [1.88658235e+02, 6.26552941e+01],
         [1.95995882e+02, 5.21729412e+01],
         [1.89357059e+02, 4.79800000e+01],
         [1.89007647e+02, 3.64494118e+01],
         [1.95646471e+02, 3.61000000e+01],
         [1.96694706e+02, 2.21235294e+01],
         [1.83766471e+02, 1.12917647e+01],
         [1.80971176e+02, 5.00235294e+00],
         [1.74332353e+02, 7.44823529e+00],
         [1.85862941e+02, 2.55647059e+00],
         [1.93899412e+02, 6.40000000e+00],
         [1.96345294e+02, 1.37376471e+01],
         [2.05080588e+02, 2.35211765e+01],
         [2.10321765e+02, 2.00270588e+01],
         [1.77477059e+02, 2.84129412e+01],
         [1.82019412e+02, 3.81964706e+01],
         [1.58958235e+02, 7.62823529e+01],
         [1.47777059e+02, 8.88611765e+01],
         [1.41487647e+02, 7.13905882e+01],
         [1.72934706e+02, 7.87282353e+01],
         [1.69091176e+02, 4.06423529e+01],
         [1.67693529e+02, 3.36541176e+01],
         [1.57211176e+02, 2.49188235e+01],
         [1.62801765e+02, 1.47858824e+01],
         [1.68392353e+02, 1.72317647e+01],
         [1.78525294e+02, 1.79305882e+01],
         [1.57910000e+02, 3.95411765e+00],
         [1.44282941e+02, 1.61835294e+01],
         [1.35897059e+02, 1.61835294e+01],
         [1.45331176e+02, 2.42200000e+01],
         [1.46030000e+02, 3.50517647e+01],
         [1.36595882e+02, 2.98105882e+01],
         [1.51271176e+02, 4.62329412e+01],
         [1.28559412e+02, 5.70647059e+01],
         [1.26462941e+02, 7.31376471e+01],
         [1.15281765e+02, 6.82458824e+01],
         [9.53652941e+01, 6.44023529e+01],
         [1.02004118e+02, 4.13411765e+01],
         [1.18077059e+02, 3.36541176e+01],
         [1.22619412e+02, 4.48352941e+01],
         [1.31354706e+02, 4.09917647e+01],
         [1.37993529e+02, 4.13411765e+01],
         [1.29957059e+02, 3.40035294e+01],
         [1.18775882e+02, 2.66658824e+01],
         [1.26812353e+02, 1.86294118e+01],
         [1.18426471e+02, 1.47858824e+01],
         [1.28908824e+02, 5.70117647e+00],
         [1.11088824e+02, 1.61835294e+01],
         [1.02004118e+02, 1.23400000e+01],
         [1.46030000e+02, 4.79800000e+01],
         [1.41837059e+02, 6.33541176e+01],
         [1.08293529e+02, 3.19070588e+01],
         [1.10390000e+02, 2.59670588e+01],
         [8.66300000e+01, 1.30388235e+01],
         [7.99911765e+01, 1.12917647e+01],
         [9.11723529e+01, 2.00270588e+01],
         [8.48829412e+01, 3.92447059e+01],
         [8.59311765e+01, 2.98105882e+01],
         [6.60147059e+01, 3.57505882e+01],
         [6.56652941e+01, 1.12917647e+01],
         [5.44841176e+01, 1.37376471e+01],
         [3.91100000e+01, 3.25529412e+00],
         [2.93264706e+01, 3.95411765e+00],
         [3.12058824e+00, 8.84588235e+00],
         [2.12900000e+01, 1.86294118e+01],
         [1.84947059e+01, 2.73647059e+01],
         [1.63982353e+01, 4.09917647e+01],
         [2.16394118e+01, 4.41364706e+01],
         [3.31700000e+01, 4.41364706e+01],
         [6.11229412e+01, 4.72811765e+01],
         [7.68464706e+01, 5.81129412e+01],
         [7.57982353e+01, 5.04258824e+01],
         [4.85441176e+01, 2.21235294e+01],
         [3.70135294e+01, 2.73647059e+01],
         [3.14229412e+01, 1.40870588e+01],
         [3.59652941e+01, 3.33047059e+01],
         [6.49664706e+01, 2.55647059e+00],
         [1.40788824e+02, 3.40035294e+01],
         [3.96626371e+02, 1.38231494e+02],
         [3.42600940e+02, 8.46452948e+01],
         [3.23274770e+02, 7.49822097e+01],
         [3.11854760e+02, 8.85983751e+01],
         [3.02191675e+02, 8.46452948e+01],
         [3.09219373e+02, 7.49822097e+01],
         [3.08340911e+02, 6.09268131e+01],
         [3.00873982e+02, 5.60952706e+01],
         [3.04387831e+02, 4.59929543e+01],
         [2.96920901e+02, 4.29183363e+01],
         [3.02630906e+02, 3.32552512e+01],
         [3.08340911e+02, 2.84237087e+01],
         [3.11854760e+02, 2.13960104e+01],
         [3.05705524e+02, 1.34898498e+01],
         [3.17564765e+02, 1.78821612e+01],
         [2.88136279e+02, 1.04152318e+01],
         [3.39526322e+02, 2.44706284e+01],
         [3.31180930e+02, 2.93021709e+01],
         [3.30741699e+02, 2.18352415e+01],
         [3.32937855e+02, 1.48075433e+01],
         [3.34694780e+02, 5.65345017e+01],
         [3.32498624e+02, 4.86283412e+01],
         [3.21957076e+02, 4.37967986e+01],
         [3.45675558e+02, 7.05898983e+01],
         [3.51385563e+02, 7.67391343e+01],
         [3.61927110e+02, 8.24491391e+01],
         [3.83888667e+02, 7.71783654e+01],
         [3.74225582e+02, 8.28883702e+01],
         [3.75104045e+02, 9.25514554e+01],
         [5.30591869e+02, 8.42060637e+01],
         [4.95014146e+02, 8.72806817e+01],
         [4.86229524e+02, 9.25514554e+01],
         [4.69977971e+02, 1.03532234e+02],
         [4.48455645e+02, 8.77199128e+01],
         [4.49334108e+02, 7.19075917e+01],
         [4.59436424e+02, 6.57583557e+01],
         [4.53287188e+02, 5.38991149e+01],
         [4.34839480e+02, 7.41037474e+01],
         [4.33521787e+02, 9.82614602e+01],
         [4.11999461e+02, 8.46452948e+01],
         [4.00579451e+02, 7.67391343e+01],
         [3.95747908e+02, 7.36645163e+01],
         [3.92234059e+02, 6.22445066e+01],
         [5.55188813e+02, 4.95068035e+01],
         [5.51235733e+02, 6.18052754e+01],
         [5.38937261e+02, 7.62999031e+01],
         [5.36741105e+02, 6.57583557e+01],
         [5.80224988e+02, 7.98137522e+01],
         [5.86813455e+02, 9.95791536e+01],
         [5.68804978e+02, 7.23468228e+01],
         [5.86374224e+02, 3.76475626e+01],
         [5.92084229e+02, 2.75452464e+01],
         [5.83299606e+02, 3.32552512e+01],
         [5.73636521e+02, 6.26837377e+01],
         [5.83738837e+02, 4.95068035e+01],
         [5.70122672e+02, 2.27137038e+01],
         [5.60459587e+02, 2.44706284e+01],
         [5.56506506e+02, 3.01806332e+01],
         [5.55628044e+02, 1.30506187e+01],
         [5.55628044e+02, 3.98437183e+01],
         [5.41572647e+02, 2.44706284e+01],
         [5.44647265e+02, 4.02829495e+01],
         [5.38498029e+02, 4.99460346e+01],
         [5.16536472e+02, 1.96390858e+01],
         [5.21368015e+02, 5.17029592e+01],
         [5.05994925e+02, 6.48798934e+01],
         [5.13901085e+02, 5.91698886e+01],
         [5.04677231e+02, 7.41037474e+01],
         [4.91061066e+02, 4.68714166e+01],
         [4.84472599e+02, 5.47775772e+01],
         [4.79641056e+02, 7.67391343e+01],
         [4.70856434e+02, 5.34598837e+01],
         [4.73491820e+02, 4.46752609e+01],
         [4.63828735e+02, 4.24791052e+01],
         [4.59875655e+02, 8.33276014e+01],
         [4.69977971e+02, 3.23767889e+01],
         [4.87547217e+02, 2.31529349e+01],
         [4.88425679e+02, 3.72083315e+01],
         [4.88425679e+02, 1.52467744e+01],
         [4.61632580e+02, 2.53490907e+01],
         [4.49334108e+02, 4.16006429e+01],
         [4.34839480e+02, 3.80867938e+01],
         [4.29568706e+02, 3.10590955e+01],
         [4.29129475e+02, 2.62275529e+01],
         [4.30007937e+02, 2.18352415e+01],
         [4.19905621e+02, 2.49098595e+01],
         [4.14195616e+02, 2.71060152e+01],
         [4.17270234e+02, 3.80867938e+01],
         [4.01897144e+02, 4.11614118e+01],
         [4.28690244e+02, 5.78521952e+01],
         [3.77300200e+02, 2.13960104e+01],
         [3.84327899e+02, 1.78821612e+01],
         [3.99261757e+02, 1.70036990e+01],
         [4.03214838e+02, 1.96390858e+01],
         [3.85206361e+02, 3.19375578e+01],
         [3.97504833e+02, 3.45729446e+01],
         [3.59730955e+02, 1.30506187e+01],
         [3.54899412e+02, 1.52467744e+01],
         [3.50067870e+02, 2.84237087e+01],
         [3.49628638e+02, 1.65644678e+01],
         [3.69394040e+02, 2.62275529e+01],
         [3.64123266e+02, 4.11614118e+01],
         [3.46993252e+02, 4.90675723e+01],
         [3.43479402e+02, 5.34598837e+01],
         [3.93990984e+02, 8.11314457e+01],
         [3.75543276e+02, 6.18052754e+01],
         [3.20639383e+02, 1.30506187e+01],
         [3.25470926e+02, 1.78821612e+01],
         [4.19905621e+02, 1.39290810e+01],
         [4.37035636e+02, 1.21721564e+01],
         [4.44063334e+02, 1.78821612e+01],
         [4.56801037e+02, 1.30506187e+01],
         [4.51969494e+02, 2.09567792e+01],
         [5.67926516e+02, 8.09300277e+00],
         [5.88131148e+02, 3.26146021e+00],
         [5.76271908e+02, 5.86045841e+01],
         [5.91644998e+02, 7.26599806e+01],
         [5.26638789e+02, 3.26146021e+00],
         [5.55628044e+02, 6.77530934e+00],
         [5.23564171e+02, 1.11676208e+01],
         [5.42451110e+02, 1.33637765e+01],
         [5.17414935e+02, 3.70069135e+00],
         [5.13022623e+02, 8.97146505e+00],
         [4.05410993e+02, 5.01838478e+00],
         [3.93990984e+02, 1.24853142e+01],
         [3.89159441e+02, 8.09300277e+00],
         [3.70711733e+02, 8.09300277e+00],
         [3.81692512e+02, 5.01838478e+00],
         [3.19760921e+02, 9.84992734e+00],
         [3.44357865e+02, 1.94376678e+00],
         [3.50507101e+02, 6.33607820e+00],
         [3.43479402e+02, 1.42422388e+01],
         [3.33816317e+02, 3.26146021e+00],
         [2.94724746e+02, 7.21454048e+00],
         [2.96920901e+02, 4.13992249e+00],
         [3.29424006e+02, 6.33607820e+00],
         [3.52264025e+02, 1.86842215e-01],
         [3.18003996e+02, 2.52230173e+01],
         [6.34250418e+02, 1.28442336e+02],
         [4.53287188e+02, 3.26146021e+00],
         [4.34839480e+02, 8.09300277e+00],
         [4.59436424e+02, 6.77530934e+00],
         [4.83594137e+02, 9.41069619e+00],
         [4.20344852e+02, 3.26146021e+00],
         [3.60609417e+02, 2.25876304e+01],
         [3.12293991e+02, 1.29760029e+02],
         [4.02995222e+02, 9.15469197e+01],
         [3.81472896e+02, 1.20460830e+01],
         [4.26274473e+02, 9.84992734e+00],
         [4.75029129e+02, 8.09300277e+00],
         [4.13536770e+02, 9.68176934e+01],
         [3.33596702e+02, 3.97176450e+01],
         [2.00509666e+02, 6.69499758e+01],
         [4.11779845e+02, 8.97146505e+00],
         [5.35423411e+02, 1.30506187e+01],
         [4.83219204e+00, 2.18352415e+01],
         [5.05122308e+01, 6.92722048e+01],
         [4.08491457e+01, 1.39290810e+01],
         [4.65146429e+02, 1.21721564e+01],
         [4.99406458e+02, 4.26599585e+00],
         [7.40712163e+01, 4.10353384e+01],
         [9.47150799e+01, 9.41069619e+00],
         [1.55328978e+02, 1.46814699e+01],
         [2.08915177e+02, 1.51207010e+01],
         [1.89149775e+02, 2.39053239e+01],
         [2.39988661e+01, 6.51930512e+01],
         [2.08036715e+02, 6.51930512e+01],
         [5.06653772e+02, 2.25876304e+01],
         [1.09390110e+02, 4.17032967e+00],
         [8.74340659e+01, 2.39010989e+00],
         [5.35456044e+02, 5.35714286e+00]]), array([[423]], dtype=uint16))]]
