[[(array([[ 514.33039849,  509.21636586],
         [ 474.43429459,  443.74583639],
         [ 480.57215673,  383.39019203],
         [ 398.73399489,  408.9646176 ],
         [ 318.9417871 ,  355.76981241],
         [ 351.67705184,  355.76981241],
         [ 288.25247641,  420.21736486],
         [ 261.65507382,  397.71187035],
         [ 245.28744145,  471.36621601],
         [ 251.42530359,  596.16941281],
         [ 158.33439449,  480.57300921],
         [ 211.52919969,  427.37820402],
         [ 215.62110778,  379.29828394],
         [ 101.04768121,  417.14843379],
         [ 103.09363525,  415.10247974],
         [ 583.89283605,  424.30927295],
         [ 660.61611278,  596.16941281],
         [ 758.82190698,  559.34223998],
         [ 704.60412476,  451.92965257],
         [ 734.27045843,  421.24034188],
         [ 839.6370918 ,  407.94164058],
         [ 904.08464424,  386.4591231 ],
         [ 957.27944944,  487.73384837],
         [1016.61211677,  441.69988234],
         [ 977.7389899 ,  328.14943279],
         [ 911.24548341,  320.98859363],
         [ 923.52120768,  273.93165057],
         [ 886.69403485,  266.77081141],
         [  65.2434854 ,  362.93065157],
         [  29.4392896 ,  409.98759463],
         [  33.53119769,  355.76981241],
         [  16.1405883 ,  343.49408813],
         [  24.32440448,  331.21836386],
         [  58.08264624,  333.2643179 ],
         [  88.77195693,  340.42515707],
         [ 113.32340548,  325.08050172],
         [ 113.32340548,  355.76981241],
         [ 142.98973915,  351.67790432],
         [ 175.72500389,  335.31027195],
         [ 219.71301587,  353.72385836],
         [ 250.40232656,  351.67790432],
         [ 251.42530359,  325.08050172],
         [ 261.65507382,  339.40218004],
         [ 265.74698191,  362.93065157],
         [  15.37335553,  303.08649573],
         [  25.09163725,  300.01756466],
         [  40.94778111,  298.99458763],
         [  48.62010878,  289.78779443],
         [  47.08564325,  308.71286935],
         [  67.54518371,  305.13244977],
         [  81.35537352,  313.31626596],
         [  78.79793096,  296.94863359],
         [  64.47625264,  285.18439782],
         [  66.52220668,  263.70188034],
         [  42.48224664,  268.30527695],
         [  21.51121767,  291.32225996],
         [  11.79293595,  289.27630592],
         [  24.58014874,  274.95462759],
         [  91.58514375,  266.2593229 ],
         [ 103.34937951,  263.19039183],
         [ 118.69403485,  260.12146076],
         [ 135.06166722,  259.60997225],
         [ 107.4412876 ,  270.35123099],
         [ 103.86086802,  275.97760462],
         [  98.23449439,  285.18439782],
         [   3.60911977,  279.04653569],
         [ 120.22850039,  302.0635187 ],
         [ 130.96975913,  308.20138084],
         [ 158.59013875,  331.72985237],
         [ 161.14758131,  303.08649573],
         [ 163.70502387,  292.8567255 ],
         [ 144.26846043,  292.8567255 ],
         [ 131.48124764,  282.62695527],
         [ 140.17655234,  275.97760462],
         [ 155.00971917,  278.02355866],
         [ 146.82590299,  265.74783439],
         [ 165.75097791,  255.51806416],
         [ 165.75097791,  270.35123099],
         [ 164.21651238,  282.62695527],
         [ 174.95777112,  280.58100122],
         [ 187.23349539,  280.06951271],
         [ 181.60712177,  271.37420801],
         [ 184.67605284,  267.79378843],
         [ 182.11861028,  253.98359862],
         [ 200.53219669,  252.9606216 ],
         [ 198.48624265,  267.79378843],
         [ 210.76196692,  272.39718504],
         [ 214.3423865 ,  263.70188034],
         [ 226.10662227,  249.89169053],
         [ 209.22750139,  252.9606216 ],
         [ 214.3423865 ,  285.69588634],
         [ 219.96876013,  278.53504718],
         [ 201.55517372,  298.99458763],
         [ 190.81391497,  292.8567255 ],
         [ 208.71601288,  321.50008214],
         [ 227.6410878 ,  325.08050172],
         [ 251.16955933,  276.48909313],
         [ 232.75597292,  273.42016206],
         [ 239.40532357,  265.74783439],
         [ 227.12959929,  262.67890332],
         [ 238.89383505,  255.51806416],
         [ 266.00272616,  269.83974248],
         [ 276.23249639,  260.12146076],
         [ 278.78993895,  270.35123099],
         [ 290.55417471,  265.74783439],
         [ 287.48524365,  252.9606216 ],
         [ 267.02570319,  245.28829393],
         [ 258.33039849,  251.93764458],
         [ 286.46226662,  295.41416805],
         [ 273.67505384,  322.01157065],
         [ 300.78394494,  315.36222   ],
         [ 295.15757132,  328.6609213 ],
         [ 329.9387901 ,  302.57500722],
         [ 357.55916972,  298.99458763],
         [ 333.51920968,  274.44313908],
         [ 316.6400888 ,  265.23634588],
         [ 308.96776113,  253.98359862],
         [ 301.80692197,  260.12146076],
         [ 298.22650239,  248.86871351],
         [ 304.87585304,  237.10447774],
         [ 318.68604285,  238.12745477],
         [ 349.88684205,  239.15043179],
         [ 344.77195693,  237.61596626],
         [ 358.07065823,  237.10447774],
         [ 337.09962926,  259.60997225],
         [ 322.26646243,  259.60997225],
         [ 362.16256632,  262.67890332],
         [ 355.00172716,  258.07550672],
         [ 367.27745144,  246.31127095],
         [ 350.39833056,  253.47211011],
         [ 379.55317571,  266.2593229 ],
         [ 372.90382506,  258.07550672],
         [ 366.76596293,  262.16741481],
         [ 382.62210678,  257.5640182 ],
         [ 379.55317571,  248.86871351],
         [ 382.62210678,  243.75382839],
         [ 395.92080808,  258.58699523],
         [ 397.96676213,  270.8627195 ],
         [ 389.27145743,  236.08150072],
         [ 400.01271617,  234.54703519],
         [ 408.70802087,  257.05252969],
         [ 415.35737152,  256.02955267],
         [ 420.98374514,  254.49508714],
         [ 427.63309579,  249.89169053],
         [ 431.72500389,  260.12146076],
         [ 429.67904984,  282.62695527],
         [ 342.72600289,  318.43115107],
         [ 323.28943945,  320.47710512],
         [ 458.32240648,  260.12146076],
         [ 450.1385903 ,  256.02955267],
         [ 434.79393495,  243.24233988],
         [ 430.70202686,  234.03554668],
         [ 464.71601288,  251.93764458],
         [ 450.39433455,  246.31127095],
         [ 459.08963925,  237.61596626],
         [ 466.76196692,  240.68489732],
         [ 472.89982906,  238.63894328],
         [ 474.94578311,  248.357225  ],
         [ 481.08364524,  256.54104118],
         [ 486.19853036,  248.357225  ],
         [ 493.87085803,  250.91466755],
         [ 497.45127761,  259.09848374],
         [ 504.10062826,  252.44913309],
         [ 522.00272616,  258.58699523],
         [ 531.72100788,  259.60997225],
         [ 540.41631258,  253.98359862],
         [ 532.7439849 ,  244.77680542],
         [ 522.51421467,  206.41516706],
         [ 481.59513376,  231.98959263],
         [ 485.68704185,  236.08150072],
         [ 488.75597292,  228.40917305],
         [ 497.45127761,  230.4551271 ],
         [ 493.87085803,  235.57001221],
         [ 503.58913975,  224.82875347],
         [ 506.14658231,  217.66791431],
         [ 519.95677212,  227.89768454],
         [ 524.56016872,  222.27131091],
         [ 532.7439849 ,  206.92665557],
         [ 528.1405883 ,  222.27131091],
         [ 538.37035853,  234.54703519],
         [ 522.00272616,  250.40317904],
         [ 543.99673216,  237.10447774],
         [ 546.55417471,  223.29428793],
         [ 554.22650239,  214.08749473],
         [ 566.50222666,  215.62196026],
         [ 562.92180708,  231.47810412],
         [ 554.7379909 ,  232.50108114],
         [ 547.06566323,  248.86871351],
         [ 556.78394494,  244.77680542],
         [ 561.89883006,  239.6619203 ],
         [ 555.24947941,  255.51806416],
         [ 571.61711178,  255.51806416],
         [ 561.38734155,  255.51806416],
         [ 583.89283605,  247.33424797],
         [ 586.45027861,  257.05252969],
         [ 593.09962926,  252.9606216 ],
         [ 579.28943945,  225.34024198],
         [ 574.68604285,  224.82875347],
         [ 601.79493395,  226.87470751],
         [ 593.61111777,  226.363219  ],
         [ 606.39833056,  244.77680542],
         [ 601.28344544,  255.00657565],
         [ 616.11661228,  259.09848374],
         [ 630.94977911,  265.23634588],
         [ 597.19153735,  289.27630592],
         [ 622.76596293,  242.21936286],
         [ 620.20852037,  248.86871351],
         [ 634.01871018,  250.91466755],
         [ 643.22550339,  250.40317904],
         [ 646.80592297,  242.73085137],
         [ 644.24848041,  228.40917305],
         [ 629.41531358,  230.4551271 ],
         [ 624.30042846,  228.40917305],
         [ 607.93279609,  224.82875347],
         [ 622.25447441,  224.31726496],
         [ 617.1395893 ,  228.92066156],
         [ 630.4382906 ,  222.78279942],
         [ 634.53019869,  223.29428793],
         [ 646.80592297,  214.08749473],
         [ 634.53019869,  215.11047175],
         [ 655.50122766,  222.27131091],
         [ 663.68504385,  206.92665557],
         [ 662.15057831,  216.13344877],
         [ 672.38034854,  214.08749473],
         [ 668.28844045,  221.7598224 ],
         [ 673.40332556,  229.43215007],
         [ 669.82290598,  242.73085137],
         [ 656.01271617,  251.42615607],
         [ 654.98973915,  237.61596626],
         [ 681.58714175,  252.9606216 ],
         [ 682.09863026,  242.73085137],
         [ 681.58714175,  229.43215007],
         [ 700.00072816,  227.89768454],
         [ 693.86286602,  232.50108114],
         [ 698.97775114,  240.68489732],
         [ 693.35137751,  246.31127095],
         [ 700.51221667,  253.47211011],
         [ 730.69003885,  250.91466755],
         [ 736.82790099,  252.9606216 ],
         [ 747.05767122,  249.89169053],
         [ 746.54618271,  242.73085137],
         [ 724.0406882 ,  242.73085137],
         [ 719.94878011,  231.47810412],
         [ 711.76496392,  226.363219  ],
         [ 706.1385903 ,  224.31726496],
         [ 708.18454434,  213.0645177 ],
         [ 696.93179709,  205.39219003],
         [ 721.48324564,  215.11047175],
         [ 732.7359929 ,  220.22535687],
         [ 743.98874015,  201.30028194],
         [ 724.55217671,  203.34623599],
         [ 742.45427461,  219.20237984],
         [ 756.77595294,  230.4551271 ],
         [ 757.28744145,  244.77680542],
         [ 766.49423465,  239.6619203 ],
         [ 776.72400488,  249.38020202],
         [ 787.97675214,  250.91466755],
         [ 784.90782107,  239.15043179],
         [ 795.64907981,  238.12745477],
         [ 794.11461427,  224.31726496],
         [ 807.92480408,  230.96661561],
         [ 822.24648241,  245.79978244],
         [ 807.41331557,  241.70787435],
         [ 821.22350538,  257.05252969],
         [ 834.01071817,  250.40317904],
         [ 846.28644245,  246.82275946],
         [ 857.02770119,  246.82275946],
         [ 803.06566323,  217.1564258 ],
         [ 806.64608281,  212.04154068],
         [ 796.41631258,  204.88070152],
         [ 806.64608281,  202.32325896],
         [ 816.87585304,  200.27730492],
         [ 814.31841048,  203.34623599],
         [ 825.05966922,  213.0645177 ],
         [ 829.15157731,  210.50707515],
         [ 837.3353935 ,  221.24833389],
         [ 843.47325563,  217.66791431],
         [ 850.63409479,  208.97260961],
         [ 839.89283605,  198.74283938],
         [ 862.90981907,  215.11047175],
         [ 873.1395893 ,  213.0645177 ],
         [ 879.27745144,  211.01856366],
         [ 880.81191697,  202.83474747],
         [ 874.16256632,  199.76581641],
         [ 865.46726163,  202.32325896],
         [ 714.06666223,  213.57600622],
         [ 908.9437851 ,  218.69089133],
         [ 888.99573316,  213.0645177 ],
         [ 937.58714175,  247.84573649],
         [ 900.24848041,  243.24233988],
         [ 893.08764125,  245.79978244],
         [ 943.72500389,  231.98959263],
         [ 939.63309579,  223.29428793],
         [ 934.00672217,  210.50707515],
         [ 928.38034854,  209.48409812],
         [ 917.12760129,  209.99558664],
         [ 919.17355533,  197.71986236],
         [ 931.96076812,  196.69688534],
         [ 939.63309579,  198.74283938],
         [ 948.32840049,  206.41516706],
         [ 956.00072816,  199.76581641],
         [ 970.32240648,  215.11047175],
         [ 969.81091797,  206.92665557],
         [ 956.51221667,  214.08749473],
         [ 948.32840049,  213.0645177 ],
         [ 962.1385903 ,  204.36921301],
         [ 976.97175713,  208.97260961],
         [ 982.08664225,  200.78879343],
         [ 987.71301587,  208.97260961],
         [ 981.57515374,  205.90367854],
         [ 996.91980908,  211.53005217],
         [1000.50022866,  208.97260961],
         [ 992.82790099,  201.81177045],
         [1006.12660229,  207.43814408],
         [1011.75297591,  198.74283938],
         [1020.95976912,  194.65093129],
         [ 999.98874015,  230.96661561],
         [ 966.7419869 ,  248.86871351],
         [1001.52320568,  255.00657565],
         [1017.6350938 ,  237.10447774],
         [1010.47425463,  228.92066156]]), array([[321]], dtype=uint16))]]
