[[(array([[ 439.08229677,  772.38099807],
         [ 341.00437469,  765.73164742],
         [ 149.83554352,  870.45892015],
         [  80.01736171,  878.77060846],
         [  25.16021885,  780.69268638],
         [  11.86151755,  823.9134656 ],
         [  16.84853054,  664.32905002],
         [  83.34203703,  749.1082708 ],
         [ 138.19917989,  720.84853054],
         [ 128.22515391,  662.66671236],
         [ 211.34203703,  664.32905002],
         [ 229.62775132,  699.23814093],
         [ 276.17320586,  684.27710197],
         [ 256.22515391,  642.71866041],
         [ 281.16021885,  631.08229677],
         [ 331.03034872,  637.73164742],
         [ 360.95242664,  662.66671236],
         [ 365.93943963,  697.57580326],
         [ 409.16021885,  692.58879028],
         [ 311.08229677,  712.53684223],
         [ 256.22515391,  725.83554352],
         [ 272.84853054,  870.45892015],
         [ 478.97840067,  760.74463443],
         [ 507.23814093,  714.19917989],
         [ 513.88749158,  750.77060846],
         [ 547.13424482,  767.39398508],
         [ 563.75762145,  657.67969937],
         [ 608.64073833,  730.82255651],
         [ 640.22515391,  792.32905002],
         [ 862.97840067,  602.82255651],
         [ 967.70567339,  732.48489417],
         [1007.60177729,  780.69268638],
         [ 798.14723184,  657.67969937],
         [ 763.23814093,  637.73164742],
         [ 721.67969937,  649.36801106],
         [ 670.14723184,  672.64073833],
         [ 685.1082708 ,  722.5108682 ],
         [ 583.70567339,  627.75762145],
         [ 572.06930976,  611.13424482],
         [ 520.53684223,  599.49788119],
         [ 540.48489417,  594.5108682 ],
         [ 593.67969937,  587.86151755],
         [ 583.70567339,  556.27710197],
         [ 555.44593313,  561.26411495],
         [ 542.14723184,  556.27710197],
         [ 517.2121669 ,  556.27710197],
         [ 487.29008898,  594.5108682 ],
         [ 480.64073833,  641.05632274],
         [ 459.03034872,  654.35502404],
         [ 415.8095695 ,  651.03034872],
         [ 385.88749158,  616.12125781],
         [ 347.65372534,  611.13424482],
         [ 336.01736171,  602.82255651],
         [ 164.79658249,  664.32905002],
         [ 188.06930976,  654.35502404],
         [ 718.35502404,  614.45892015],
         [ 653.52385521,  614.45892015],
         [ 666.82255651,  591.18619287],
         [ 638.56281625,  599.49788119],
         [ 638.56281625,  564.58879028],
         [ 625.26411495,  567.9134656 ],
         [ 776.53684223,  592.84853054],
         [ 705.05632274,  561.26411495],
         [ 691.75762145,  567.9134656 ],
         [ 668.48489417,  561.26411495],
         [ 661.83554352,  544.64073833],
         [ 635.23814093,  509.73164742],
         [ 374.25112794,  579.54982924],
         [ 324.38099807,  486.45892015],
         [ 307.75762145,  536.32905002],
         [ 301.1082708 ,  557.93943963],
         [ 256.22515391,  523.03034872],
         [ 297.78359547,  584.53684223],
         [ 345.99138768,  559.60177729],
         [ 321.05632274,  611.13424482],
         [ 302.77060846,  634.4069721 ],
         [ 299.44593313,  614.45892015],
         [ 294.45892015,  599.49788119],
         [ 430.77060846,  491.44593313],
         [ 440.74463443,  576.22515391],
         [ 444.06930976,  602.82255651],
         [ 419.13424482,  594.5108682 ],
         [ 405.83554352,  591.18619287],
         [ 424.12125781,  572.90047859],
         [ 422.45892015,  552.95242664],
         [ 452.38099807,  552.95242664],
         [ 470.66671236,  581.2121669 ],
         [ 493.93943963,  571.23814093],
         [ 525.52385521,  536.32905002],
         [ 497.26411495,  537.99138768],
         [ 394.19917989,  533.00437469],
         [ 370.92645262,  541.316063  ],
         [ 380.90047859,  474.82255651],
         [ 611.96541365,  533.00437469],
         [ 635.23814093,  529.67969937],
         [ 663.49788119,  511.39398508],
         [ 315.23814093,  463.60177729],
         [ 309.41995911,  446.97840067],
         [ 328.53684223,  446.14723184],
         [ 339.34203703,  452.79658249],
         [ 355.96541365,  446.14723184],
         [ 370.92645262,  454.45892015],
         [ 366.77060846,  434.5108682 ],
         [ 375.9134656 ,  442.82255651],
         [ 326.87450456,  405.41995911],
         [ 300.27710197,  384.64073833],
         [ 314.4069721 ,  372.17320586],
         [ 303.60177729,  365.52385521],
         [ 339.34203703,  365.52385521],
         [ 350.14723184,  384.64073833],
         [ 338.5108682 ,  378.82255651],
         [ 385.88749158,  398.77060846],
         [ 396.69268638,  404.58879028],
         [ 394.19917989,  428.69268638],
         [ 413.316063  ,  441.16021885],
         [ 422.45892015,  454.45892015],
         [ 390.87450456,  457.78359547],
         [ 388.38099807,  442.82255651],
         [ 419.96541365,  469.41995911],
         [ 446.56281625,  460.27710197],
         [ 457.36801106,  483.54982924],
         [ 464.01736171,  477.73164742],
         [ 464.84853054,  455.29008898],
         [ 444.90047859,  442.82255651],
         [ 435.75762145,  427.86151755],
         [ 431.60177729,  441.16021885],
         [ 423.29008898,  431.18619287],
         [ 411.65372534,  429.52385521],
         [ 419.13424482,  393.78359547],
         [ 439.08229677,  398.77060846],
         [ 429.1082708 ,  387.96541365],
         [ 436.58879028,  371.34203703],
         [ 424.95242664,  363.86151755],
         [ 456.53684223,  352.22515391],
         [ 461.52385521,  360.53684223],
         [ 459.86151755,  369.67969937],
         [ 449.05632274,  365.52385521],
         [ 462.35502404,  379.65372534],
         [ 473.16021885,  369.67969937],
         [ 475.65372534,  355.54982924],
         [ 467.34203703,  355.54982924],
         [ 454.04333573,  515.96541365],
         [ 450.71866041,  494.35502404],
         [ 409.16021885,  518.45892015],
         [ 356.79658249,  548.38099807],
         [ 316.90047859,  565.00437469],
         [ 331.03034872,  568.32905002],
         [ 473.99138768,  519.29008898],
         [ 477.316063  ,  496.84853054],
         [ 475.65372534,  481.05632274],
         [ 472.32905002,  455.29008898],
         [ 478.14723184,  445.316063  ],
         [ 497.26411495,  456.95242664],
         [ 500.58879028,  446.14723184],
         [ 510.56281625,  452.79658249],
         [ 518.04333573,  445.316063  ],
         [ 509.73164742,  439.49788119],
         [ 505.57580326,  484.38099807],
         [ 514.71866041,  501.00437469],
         [ 528.84853054,  460.27710197],
         [ 534.66671236,  491.03034872],
         [ 537.16021885,  477.73164742],
         [-151.87874219,  593.26411495],
         [ 537.16021885,  571.65372534],
         [ 575.39398508,  536.74463443],
         [ 579.54982924,  511.8095695 ],
         [ 529.67969937,  514.30307599],
         [ 535.49788119,  500.17320586],
         [ 552.95242664,  488.53684223],
         [ 567.9134656 ,  494.35502404],
         [ 569.57580326,  481.05632274],
         [ 569.57580326,  456.95242664],
         [ 580.38099807,  451.96541365],
         [ 586.19917989,  446.14723184],
         [ 592.01736171,  448.64073833],
         [ 578.71866041,  422.04333573],
         [ 417.47190716,  408.74463443],
         [ 429.93943963,  401.26411495],
         [ 444.06930976,  419.54982924],
         [ 458.19917989,  406.25112794],
         [ 469.00437469,  412.06930976],
         [ 457.36801106,  425.36801106],
         [ 473.16021885,  425.36801106],
         [ 481.47190716,  423.70567339],
         [ 493.1082708 ,  412.90047859],
         [ 542.97840067,  452.79658249],
         [ 545.47190716,  417.05632274],
         [ 538.82255651,  425.36801106],
         [ 529.67969937,  411.23814093],
         [ 522.19917989,  433.67969937],
         [ 526.35502404,  422.04333573],
         [ 503.08229677,  427.86151755],
         [ 517.2121669 ,  404.58879028],
         [ 503.08229677,  390.45892015],
         [ 478.97840067,  398.77060846],
         [ 470.66671236,  400.43294612],
         [ 456.53684223,  395.44593313],
         [ 467.34203703,  395.44593313],
         [ 478.97840067,  387.13424482],
         [ 506.4069721 ,  383.8095695 ],
         [ 517.2121669 ,  384.64073833],
         [ 529.67969937,  378.82255651],
         [ 525.52385521,  387.96541365],
         [ 508.90047859,  398.77060846],
         [ 552.12125781,  407.08229677],
         [ 539.65372534,  407.08229677],
         [ 547.13424482,  383.8095695 ],
         [ 557.93943963,  384.64073833],
         [ 565.41995911,  388.79658249],
         [ 553.78359547,  392.95242664],
         [ 567.08229677,  420.38099807],
         [ 553.78359547,  422.04333573],
         [ 551.29008898,  441.16021885],
         [ 567.9134656 ,  431.18619287],
         [ 490.6147643 ,  363.86151755],
         [ 498.09528378,  358.04333573],
         [ 508.90047859,  353.88749158],
         [ 487.29008898,  373.00437469],
         [ 414.97840067,  401.26411495],
         [ 305.26411495,  407.9134656 ],
         [ 507.65372534,  364.90047859],
         [ 501.41995911,  373.62775132],
         [ 464.01736171,  384.01736171],
         [ 557.93943963,  357.41995911],
         [ 559.18619287,  351.18619287],
         [ 550.87450456,  343.70567339],
         [ 528.01736171,  339.54982924],
         [ 524.69268638,  332.06930976],
         [ 510.14723184,  347.44593313],
         [ 514.30307599,  342.04333573],
         [ 523.03034872,  352.43294612],
         [ 520.53684223,  349.52385521],
         [ 519.29008898,  359.08229677],
         [ 520.53684223,  377.78359547],
         [ 549.62775132,  371.13424482],
         [ 546.30307599,  363.23814093],
         [ 533.00437469,  365.73164742],
         [ 523.44593313,  368.22515391],
         [ 562.09528378,  378.19917989],
         [ 563.75762145,  370.71866041],
         [ 556.69268638,  361.99138768],
         [ 577.47190716,  368.22515391],
         [ 570.82255651,  364.06930976],
         [ 566.25112794,  361.99138768],
         [ 577.05632274,  351.18619287],
         [ 616.53684223,  388.17320586],
         [ 626.5108682 ,  396.06930976],
         [ 614.45892015,  395.65372534],
         [ 617.78359547,  405.62775132],
         [ 603.65372534,  405.62775132],
         [ 602.4069721 ,  423.9134656 ],
         [ 599.49788119,  415.18619287],
         [ 588.69268638,  419.34203703],
         [ 587.44593313,  399.8095695 ],
         [ 568.74463443,  401.05632274],
         [ 574.97840067,  393.99138768],
         [ 578.30307599,  380.27710197],
         [ 574.56281625,  375.70567339],
         [ 592.84853054,  376.53684223],
         [ 601.57580326,  379.44593313],
         [ 595.34203703,  389.00437469],
         [ 588.69268638,  383.18619287],
         [ 591.60177729,  363.23814093],
         [ 628.17320586,  412.27710197],
         [ 622.35502404,  408.53684223],
         [ 639.8095695 ,  429.73164742],
         [ 612.79658249,  422.25112794],
         [ 646.45892015,  430.97840067],
         [ 646.45892015,  445.52385521],
         [ 635.65372534,  453.41995911],
         [ 654.35502404,  456.32905002],
         [ 618.6147643 ,  448.43294612],
         [ 626.09528378,  444.27710197],
         [ 602.4069721 ,  437.62775132],
         [ 542.56281625,  393.16021885],
         [ 517.2121669 ,  332.06930976],
         [ 537.57580326,  353.26411495],
         [ 526.35502404,  347.86151755],
         [ 535.08229677,  345.78359547],
         [ 533.00437469,  337.88749158],
         [ 533.00437469,  334.97840067],
         [ 538.82255651,  339.54982924],
         [ 546.30307599,  353.26411495],
         [ 621.1082708 ,  488.12125781],
         [ 636.06930976,  486.45892015],
         [ 607.8095695 ,  469.00437469],
         [ 621.1082708 ,  519.70567339],
         [ 592.01736171,  502.25112794],
         [ 675.13424482,  567.9134656 ],
         [ 786.5108682 ,  566.25112794],
         [ 488.12125781,  339.96541365],
         [ 488.12125781,  357.41995911],
         [ 497.26411495,  347.44593313],
         [ 503.9134656 ,  340.79658249],
         [ 493.93943963,  337.05632274],
         [ 507.23814093,  332.06930976],
         [ 414.56281625,  422.66671236],
         [ 486.04333573,  393.16021885],
         [ 489.36801106,  386.5108682 ],
         [ 560.43294612,  400.64073833],
         [ 579.13424482,  409.36801106],
         [ 609.05632274,  388.17320586],
         [ 601.16021885,  364.06930976]]), array([[303]], dtype=uint16))]]
