[[(array([[ 999.56760734,    7.36341688],
         [ 960.04480032,   21.7353467 ],
         [ 994.77696407,   64.85113618],
         [1009.14889389,   86.40903091],
         [ 934.89392313,   31.31663325],
         [ 937.28924477,   60.0604929 ],
         [ 966.03310442,   76.82774436],
         [ 952.85883541,   51.67686717],
         [1013.93953717,  118.74587302],
         [1017.53251962,  160.66400167],
         [ 987.59099915,  166.65230577],
         [ 974.41673015,  127.12949875],
         [ 885.78982956,   10.95639933],
         [ 848.66234418,    1.37511278],
         [ 888.1851512 ,   55.26984963],
         [ 908.54538512,   78.02540518],
         [ 913.33602839,  111.55990811],
         [ 924.11497576,  101.97862156],
         [ 945.6728705 ,  152.28037594],
         [ 964.8354436 ,  169.0476274 ],
         [ 973.21906933,  181.02423559],
         [1003.1605898 ,  204.97745197],
         [1013.93953717,  219.34938179],
         [1016.3348588 ,  237.31429407],
         [1011.54421553,  263.66283208],
         [1010.34655471,  250.48856308],
         [ 994.77696407,  237.31429407],
         [ 974.41673015,  232.5236508 ],
         [ 983.9980167 ,  216.95406015],
         [ 968.42842605,  206.17511278],
         [ 805.54655471,   18.14236425],
         [ 825.90678863,   57.66517126],
         [ 854.65064828,   64.85113618],
         [ 871.41789974,  118.74587302],
         [ 871.41789974,  140.30376775],
         [ 886.98749038,  149.8850543 ],
         [ 907.3477243 ,  163.05932331],
         [ 934.89392313,  203.77979115],
         [ 950.46351377,  224.14002506],
         [ 979.20737342,  263.66283208],
         [ 998.36994652,  294.80201337],
         [1011.54421553,  279.23242273],
         [1018.73018044,  325.94119466],
         [1019.92784126,  348.69675021],
         [ 992.38164243,  379.8359315 ],
         [ 978.0097126 ,  348.69675021],
         [ 955.25415705,  307.97628237],
         [ 920.52199331,  287.61604846],
         [ 914.53368921,  262.46517126],
         [ 946.87053132,  266.05815372],
         [ 908.54538512,  237.31429407],
         [ 913.33602839,  212.16341688],
         [ 882.19684711,  185.81487887],
         [ 861.83661319,  163.05932331],
         [ 843.87170091,  122.33885547],
         [ 827.10444945,   87.60669173],
         [ 786.38398161,   36.10727653],
         [ 772.01205179,    7.36341688],
         [ 738.47754886,   13.35172097],
         [ 715.72199331,    7.36341688],
         [ 751.65181787,   39.70025898],
         [ 756.44246114,   81.61838764],
         [ 782.79099915,  119.94353384],
         [ 793.56994652,  115.15289056],
         [ 798.3605898 ,   85.21137009],
         [ 791.17462489,  152.28037594],
         [ 804.34889389,  171.44294904],
         [ 845.06936173,  183.41955723],
         [ 869.0225781 ,  237.31429407],
         [ 858.24363073,  266.05815372],
         [ 882.19684711,  287.61604846],
         [ 889.38281202,  272.04645781],
         [ 886.98749038,  315.16224729],
         [ 916.92901085,  305.58096074],
         [ 921.71965412,  340.31312448],
         [ 944.47520968,  340.31312448],
         [ 922.91731494,  360.6733584 ],
         [ 957.64947869,  366.66166249],
         [ 962.44012196,  407.38213033],
         [ 982.80035588,  430.13768588],
         [1010.34655471,  460.07920635],
         [ 993.57930325,  443.31195489],
         [1016.3348588 ,  434.92832916],
         [1015.13719798,  552.29908939],
         [ 960.04480032,  602.60084378],
         [ 896.56877693,  597.8102005 ],
         [ 902.55708103,  549.90376775],
         [ 892.97579448,  519.96224729],
         [ 875.01088219,  497.20669173],
         [ 867.82491728,  468.46283208],
         [ 864.23193483,  451.69558062],
         [ 883.39450793,  463.67218881],
         [ 864.23193483,  425.34704261],
         [ 828.30211027,  373.8476274 ],
         [ 841.47637927,  334.32482039],
         [ 861.83661319,  312.76692565],
         [ 835.48807518,  310.37160401],
         [ 846.26702255,  279.23242273],
         [ 817.5231629 ,  261.26751044],
         [ 816.32550208,  282.82540518],
         [ 806.74421553,  309.17394319],
         [ 789.97696407,  274.44177945],
         [ 789.97696407,  262.46517126],
         [ 780.39567752,  236.11663325],
         [ 793.56994652,  216.95406015],
         [ 760.0354436 ,  212.16341688],
         [ 769.61673015,  181.02423559],
         [ 737.27988804,  195.39616542],
         [ 708.53602839,  157.07101922],
         [ 725.30327986,  152.28037594],
         [ 724.10561904,  131.92014202],
         [ 728.89626231,  118.74587302],
         [ 733.68690559,   97.18797828],
         [ 725.30327986,   85.21137009],
         [ 734.88456641,   91.19967419],
         [ 722.90795822,   68.44411863],
         [ 737.27988804,   64.85113618],
         [ 708.53602839,   51.67686717],
         [ 690.57111611,   27.7236508 ],
         [ 670.21088219,   38.50259816],
         [ 664.2225781 ,    4.96809524],
         [ 623.50211027,   27.7236508 ],
         [ 651.0483091 ,   43.29324144],
         [ 634.28105763,    2.5727736 ],
         [ 673.80386465,   85.21137009],
         [ 640.26936173,   80.42072682],
         [ 640.26936173,   91.19967419],
         [ 658.23427401,   99.58329992],
         [ 663.02491728,  118.74587302],
         [ 689.37345529,  129.52482039],
         [ 657.03661319,  133.11780284],
         [ 683.3851512 ,  173.83827068],
         [ 690.57111611,  203.77979115],
         [ 685.78047284,  228.93066834],
         [ 728.89626231,  258.87218881],
         [ 694.16409857,  257.67452799],
         [ 697.75708103,  270.84879699],
         [ 706.14070676,  284.023066  ],
         [ 728.89626231,  282.82540518],
         [ 762.43076524,  358.27803676],
         [ 732.48924477,  359.47569758],
         [ 719.31497576,  335.5224812 ],
         [ 773.2097126 ,  312.76692565],
         [ 762.43076524,  274.44177945],
         [ 829.49977108,  594.21721805],
         [ 866.62725646,  575.05464495],
         [ 794.76760734,  549.90376775],
         [ 805.54655471,  507.9856391 ],
         [ 776.80269506,  552.29908939],
         [ 760.0354436 ,  524.75289056],
         [ 751.65181787,  491.21838764],
         [ 743.26819214,  458.88154553],
         [ 737.27988804,  563.07803676],
         [ 712.12901085,  569.06634085],
         [ 752.84947869,  546.3107853 ],
         [ 734.88456641,  537.92715957],
         [ 725.30327986,  524.75289056],
         [ 688.17579448,  499.60201337],
         [ 683.3851512 ,  455.28856308],
         [ 659.43193483,  373.8476274 ],
         [ 682.18749038,  352.28973267],
         [ 663.02491728,  333.12715957],
         [ 663.02491728,  315.16224729],
         [ 684.58281202,  304.38329992],
         [ 653.44363073,  274.44177945],
         [ 649.85064828,  245.6979198 ],
         [ 619.90912781,  254.08154553],
         [ 630.68807518,  231.32598998],
         [ 609.13018044,  233.72131161],
         [ 606.7348588 ,  210.96575606],
         [ 592.36292898,  187.01253968],
         [ 649.85064828,  190.60552214],
         [ 611.52550208,  169.0476274 ],
         [ 605.53719798,  136.7107853 ],
         [ 617.51380617,  129.52482039],
         [ 611.52550208,  110.36224729],
         [ 616.31614535,   93.59499582],
         [ 604.33953717,   80.42072682],
         [ 597.15357225,   30.11897243],
         [ 588.76994652,   80.42072682],
         [ 572.00269506,   76.82774436],
         [ 575.59567752,   48.08388471],
         [ 550.44480032,   39.70025898],
         [ 545.65415705,    9.75873851],
         [ 563.61906933,    7.36341688],
         [ 520.50327986,   48.08388471],
         [ 525.29392313,   31.31663325],
         [ 648.65298746,  566.67101922],
         [ 629.49041436,  527.1482122 ],
         [ 659.43193483,  509.18329992],
         [ 624.69977108,  497.20669173],
         [ 636.67637927,  482.83476191],
         [ 659.43193483,  478.04411863],
         [ 633.08339681,  466.06751044],
         [ 605.53719798,  398.9985046 ],
         [ 600.74655471,  354.6850543 ],
         [ 613.92082372,  357.08037594],
         [ 585.17696407,  312.76692565],
         [ 603.14187635,  291.20903091],
         [ 569.60737342,  242.10493735],
         [ 574.3980167 ,  212.16341688],
         [ 568.4097126 ,  171.44294904],
         [ 582.78164243,  160.66400167],
         [ 598.35123307,  552.29908939],
         [ 600.74655471,  518.76458647],
         [ 589.96760734,  499.60201337],
         [ 579.18865997,  457.68388471],
         [ 531.28222722,  379.8359315 ],
         [ 548.04947869,  360.6733584 ],
         [ 563.61906933,  541.52014202],
         [ 506.13135003,  325.94119466],
         [ 522.89860149,  297.19733501],
         [ 556.43310442,  315.16224729],
         [ 530.08456641,  270.84879699],
         [ 536.0728705 ,  232.5236508 ],
         [ 489.36409857,  255.27920635],
         [ 482.17813366,  215.75639933],
         [ 498.94538512,  190.60552214],
         [ 485.77111611,  173.83827068],
         [ 516.9102974 ,  165.45464495],
         [ 509.72433249,  143.89675021],
         [ 466.60854301,  194.1985046 ],
         [ 445.05064828,  157.07101922],
         [ 459.4225781 ,  137.90844612],
         [ 429.48105763,  175.0359315 ],
         [ 416.30678863,  145.09441103],
         [ 418.70211027,  104.37394319],
         [ 421.0974319 ,   52.87452799],
         [ 433.07404009,   21.7353467 ],
         [ 417.50444945,    2.5727736 ],
         [ 373.19099915,   18.14236425],
         [ 371.99333834,   57.66517126],
         [ 313.30795822,    4.96809524],
         [ 290.55240266,   13.35172097],
         [ 313.30795822,   38.50259816],
         [ 301.33135003,   64.85113618],
         [ 297.73836758,   39.70025898],
         [ 285.76175939,   52.87452799],
         [ 350.4354436 ,   63.65347536],
         [ 344.4471395 ,   80.42072682],
         [ 326.48222722,   76.82774436],
         [ 363.6097126 ,  148.68739349],
         [ 354.02842605,  153.47803676],
         [ 342.05181787,  172.64060986],
         [ 320.49392313,  169.0476274 ],
         [ 325.28456641,  148.68739349],
         [ 308.51731494,  129.52482039],
         [ 327.67988804,  208.57043442],
         [ 380.37696407,  225.33768588],
         [ 392.35357225,  185.81487887],
         [ 369.5980167 ,  194.1985046 ],
         [ 410.31848453,  213.3610777 ],
         [ 422.29509272,  195.39616542],
         [ 411.51614535,  282.82540518],
         [ 425.88807518,  304.38329992],
         [ 476.18982956,  297.19733501],
         [ 480.98047284,  317.55756892],
         [ 417.50444945,  337.91780284],
         [ 409.12082372,  315.16224729],
         [ 400.73719798,  346.30142857],
         [ 489.36409857,  363.06868004],
         [ 471.39918629,  413.37043442],
         [ 519.30561904,  451.69558062],
         [ 516.9102974 ,  494.81137009],
         [ 476.18982956,  487.62540518],
         [ 538.46819214,  528.34587302],
         [ 465.41088219,  546.3107853 ],
         [ 423.49275354,  543.91546366],
         [ 410.31848453,  507.9856391 ],
         [ 434.27170091,  478.04411863],
         [ 392.35357225,  415.76575606],
         [ 416.30678863,  388.21955723],
         [ 385.16760734,  375.04528822],
         [ 374.38865997,  349.89441103],
         [ 350.4354436 ,  323.54587302],
         [ 375.58632079,  312.76692565],
         [ 356.42374769,  291.20903091],
         [ 334.86585296,  292.40669173],
         [ 306.12199331,  231.32598998],
         [ 276.18047284,  173.83827068],
         [ 265.40152547,  110.36224729],
         [ 243.84363073,  133.11780284],
         [ 228.27404009,  133.11780284],
         [ 210.30912781,  101.97862156],
         [ 217.49509272,   60.0604929 ],
         [ 219.89041436,   46.8862239 ],
         [ 203.1231629 ,   38.50259816],
         [ 221.08807518,   10.95639933],
         [ 188.75123307,    2.5727736 ],
         [ 191.14655471,   52.87452799],
         [ 200.72784126,   80.42072682],
         [ 169.58865997,   80.42072682],
         [ 160.00737342,   48.08388471],
         [ 140.84480032,   34.90961571],
         [ 139.6471395 ,   18.14236425],
         [ 143.24012196,   88.80435255],
         [ 150.42608687,   90.00201337],
         [ 164.7980167 ,  107.96692565],
         [ 176.77462489,  139.10610694],
         [ 179.16994652,  163.05932331],
         [ 210.30912781,  158.26868004],
         [ 229.47170091,  189.40786132],
         [ 251.02959565,  207.3727736 ],
         [ 243.84363073,  219.34938179],
         [ 258.21556056,  245.6979198 ],
         [ 278.57579448,  238.51195489],
         [ 236.65766582,  270.84879699],
         [ 198.33251962,  257.67452799],
         [ 188.75123307,  212.16341688],
         [ 201.92550208,  198.98914787],
         [ 255.82023892,  317.55756892],
         [ 242.64596991,  316.35990811],
         [ 236.65766582,  333.12715957],
         [ 280.97111611,  337.91780284],
         [ 271.38982956,  363.06868004],
         [ 298.93602839,  382.23125313],
         [ 321.69158395,  348.69675021],
         [ 321.69158395,  388.21955723],
         [ 344.4471395 ,  446.90493735],
         [ 319.29626231,  457.68388471],
         [ 312.1102974 ,  499.60201337],
         [ 321.69158395,  472.05581454],
         [ 285.76175939,  450.4979198 ],
         [ 267.79684711,  591.82189641],
         [ 212.70444945,  516.36926483],
         [ 236.65766582,  499.60201337],
         [ 229.47170091,  480.43944027],
         [ 207.91380617,  492.41604846],
         [ 189.94889389,  478.04411863],
         [ 230.66936173,  438.52131161],
         [ 251.02959565,  460.07920635],
         [ 171.98398161,  442.11429407],
         [ 150.42608687,  384.62657477],
         [ 110.90327986,  352.28973267],
         [ 106.11263658,  317.55756892],
         [ 168.39099915,  299.59265664],
         [ 139.6471395 ,  288.81370928],
         [ 173.18164243,  274.44177945],
         [ 151.62374769,  246.89558062],
         [ 158.8097126 ,  210.96575606],
         [ 131.26351377,  190.60552214],
         [ 107.3102974 ,  210.96575606],
         [  89.34538512,  225.33768588],
         [  49.8225781 ,  189.40786132],
         [ 137.25181787,  149.8850543 ],
         [ 128.86819214,  135.51312448],
         [ 144.43778278,  118.74587302],
         [ 128.86819214,  101.97862156],
         [ 107.3102974 ,   88.80435255],
         [ 102.51965412,   72.03710109],
         [ 106.11263658,   44.49090226],
         [  96.53135003,    9.75873851],
         [  71.38047284,   26.52598998],
         [  39.04363073,   19.34002506],
         [  65.39216874,   69.64177945],
         [  54.61322138,   80.42072682],
         [  53.41556056,  106.76926483],
         [  71.38047284,  123.53651629],
         [  60.60152547,  146.29207185],
         [  21.07871845,  158.26868004],
         [  12.69509272,  179.82657477],
         [  12.69509272,   88.80435255],
         [   3.11380617,   51.67686717],
         [   3.11380617,   39.70025898],
         [   1.91614535,  195.39616542],
         [  16.28807518,  222.94236425],
         [  29.46234418,  227.73300752],
         [  36.6483091 ,  257.67452799],
         [  24.67170091,  324.74353384],
         [  66.58982956,  415.76575606],
         [   3.11380617,  563.07803676],
         [  11.4974319 ,  536.72949875],
         [  23.47404009,  525.95055138],
         [  90.54304594,  501.99733501],
         [ 114.49626231,  482.83476191],
         [ 148.03076524,  492.41604846],
         [ 163.60035588,  524.75289056],
         [ 167.19333834,  577.44996659]]), array([[378]], dtype=uint16))]]
