[[(array([[ 64.75619835, 437.82644628],
         [ 47.45867769, 393.45454545],
         [  9.10330579, 394.95867769],
         [ 14.3677686 , 373.14876033],
         [ 83.55785124, 420.52892562],
         [ 68.51652893, 400.97520661],
         [112.88842975, 422.78512397],
         [106.87190083, 444.59504132],
         [136.20247934, 444.59504132],
         [139.96280992, 419.7768595 ],
         [170.04545455, 427.29752066],
         [169.29338843, 445.34710744],
         [187.34297521, 443.84297521],
         [204.64049587, 416.76859504],
         [191.8553719 , 392.70247934],
         [148.98760331, 401.72727273],
         [124.9214876 , 393.45454545],
         [ 83.55785124, 352.84297521],
         [ 53.47520661, 357.3553719 ],
         [ 24.89669421, 350.58677686],
         [  8.35123967, 325.76859504],
         [ 36.17768595, 319.75206612],
         [ 58.73966942, 315.23966942],
         [ 85.81404959, 317.49586777],
         [ 22.64049587, 300.19834711],
         [ 28.65702479, 275.38016529],
         [215.16942149, 443.84297521],
         [246.75619835, 440.83471074],
         [256.53305785, 418.27272727],
         [210.65702479, 387.43801653],
         [273.83057851, 443.84297521],
         [286.61570248, 416.76859504],
         [311.4338843 , 413.76033058],
         [340.01239669, 419.02479339],
         [370.09504132, 446.09917355],
         [379.11983471, 435.57024793],
         [409.95454545, 441.58677686],
         [418.22727273, 407.74380165],
         [443.79752066, 416.01652893],
         [456.58264463, 438.5785124 ],
         [470.11983471, 392.70247934],
         [480.64876033, 390.44628099],
         [497.94628099, 358.85950413],
         [540.81404959, 413.00826446],
         [570.89669421, 438.5785124 ],
         [595.71487603, 446.09917355],
         [622.03719008, 446.85123967],
         [586.69008264, 382.92561983],
         [557.35950413, 334.79338843],
         [593.45867769, 356.60330579],
         [576.91322314, 331.03305785],
         [609.25206612, 328.7768595 ],
         [618.2768595 , 357.3553719 ],
         [639.33471074, 365.62809917],
         [649.11157025, 354.34710744],
         [657.38429752, 375.40495868],
         [667.91322314, 356.60330579],
         [655.12809917, 334.04132231],
         [624.29338843, 330.28099174],
         [621.28512397, 305.46280992],
         [591.95454545, 312.98347107],
         [566.38429752, 309.97520661],
         [515.24380165, 315.99173554],
         [440.03719008, 361.11570248],
         [403.18595041, 337.80165289],
         [381.37603306, 337.80165289],
         [377.61570248, 314.48760331],
         [364.0785124 , 315.23966942],
         [347.53305785, 343.0661157 ],
         [328.73140496, 346.82644628],
         [332.49173554, 366.38016529],
         [306.9214876 , 372.39669421],
         [274.58264463, 369.38842975],
         [285.11157025, 358.10743802],
         [247.50826446, 365.62809917],
         [236.97933884, 350.58677686],
         [187.34297521, 361.8677686 ],
         [164.02892562, 369.38842975],
         [133.19421488, 343.0661157 ],
         [115.1446281 , 350.58677686],
         [121.91322314, 322.00826446],
         [170.04545455, 334.79338843],
         [195.61570248, 319.        ],
         [173.80578512, 323.51239669],
         [133.19421488, 297.94214876],
         [124.9214876 , 300.19834711],
         [100.8553719 , 299.44628099],
         [ 93.33471074, 282.90082645],
         [ 48.96280992, 270.11570248],
         [  6.84710744, 224.99173554],
         [ 45.95454545, 243.04132231],
         [ 30.16115702, 219.72727273],
         [  6.84710744, 197.91735537],
         [ 48.96280992, 198.66942149],
         [ 60.24380165, 224.23966942],
         [ 90.32644628, 247.55371901],
         [ 91.83057851, 224.23966942],
         [121.91322314, 273.87603306],
         [150.49173554, 271.61983471],
         [168.54132231, 266.3553719 ],
         [196.3677686 , 263.34710744],
         [209.15289256, 289.66942149],
         [230.96280992, 267.85950413],
         [227.95454545, 291.17355372],
         [231.71487603, 317.49586777],
         [249.76446281, 319.        ],
         [258.7892562 , 288.91735537],
         [307.67355372, 264.09917355],
         [297.89669421, 236.27272727],
         [286.61570248, 275.38016529],
         [315.19421488, 285.15702479],
         [324.21900826, 312.23140496],
         [340.76446281, 285.90909091],
         [330.23553719, 268.61157025],
         [371.59917355, 278.38842975],
         [347.53305785, 220.47933884],
         [366.33471074, 218.2231405 ],
         [343.77272727, 203.18181818],
         [330.98760331, 197.16528926],
         [391.90495868, 242.2892562 ],
         [388.1446281 , 212.20661157],
         [379.11983471, 198.66942149],
         [428.75619835, 218.2231405 ],
         [446.80578512, 238.52892562],
         [450.5661157 , 221.98347107],
         [472.37603306, 282.14876033],
         [484.40909091, 259.58677686],
         [470.87190083, 237.02479339],
         [499.45041322, 262.59504132],
         [523.51652893, 282.90082645],
         [536.30165289, 266.3553719 ],
         [556.60743802, 266.3553719 ],
         [564.88016529, 280.6446281 ],
         [595.71487603, 287.41322314],
         [578.41735537, 258.83471074],
         [577.66528926, 238.52892562],
         [591.95454545, 236.27272727],
         [603.23553719, 216.71900826],
         [632.5661157 , 251.31404959],
         [622.03719008, 237.02479339],
         [639.33471074, 235.52066116],
         [666.40909091, 261.84297521],
         [667.91322314, 279.14049587],
         [650.61570248, 286.66115702],
         [640.83884298, 286.66115702],
         [619.02892562, 281.39669421],
         [660.39256198, 216.71900826],
         [555.8553719 , 215.96694215],
         [515.24380165, 249.05785124],
         [577.66528926, 216.71900826],
         [531.03719008, 218.2231405 ],
         [505.46694215, 218.2231405 ],
         [483.65702479, 226.49586777],
         [474.6322314 , 200.92561983],
         [496.44214876, 196.41322314],
         [518.25206612, 194.15702479],
         [565.6322314 , 192.65289256],
         [585.93801653, 180.61983471],
         [611.50826446, 194.15702479],
         [651.3677686 , 196.41322314],
         [646.8553719 , 173.09917355],
         [628.80578512, 173.09917355],
         [663.40082645, 198.66942149],
         [661.1446281 , 149.78512397],
         [634.82231405, 148.28099174],
         [613.01239669, 153.54545455],
         [586.69008264, 149.78512397],
         [565.6322314 , 158.05785124],
         [443.79752066, 204.68595041],
         [446.80578512, 179.8677686 ],
         [429.50826446, 177.61157025],
         [408.45041322, 170.09090909],
         [265.55785124, 188.89256198],
         [282.8553719 , 186.63636364],
         [327.97933884, 176.85950413],
         [350.54132231, 167.08264463],
         [337.75619835, 152.04132231],
         [279.09504132, 159.56198347],
         [261.79752066, 156.55371901],
         [275.33471074, 135.49586777],
         [227.20247934, 152.79338843],
         [200.88016529, 188.89256198],
         [219.68181818, 217.47107438],
         [247.50826446, 221.23140496],
         [196.3677686 , 222.73553719],
         [200.88016529, 245.29752066],
         [234.7231405 , 239.28099174],
         [158.01239669, 221.23140496],
         [153.5       , 200.17355372],
         [151.24380165, 174.60330579],
         [167.03719008, 176.10743802],
         [131.69008264, 155.04958678],
         [102.35950413, 152.04132231],
         [113.64049587, 179.8677686 ],
         [ 85.81404959, 174.60330579],
         [ 64.75619835, 173.85123967],
         [ 47.45867769, 152.04132231],
         [ 54.22727273, 132.48760331],
         [  5.34297521, 177.61157025],
         [ 39.93801653, 117.44628099],
         [ 20.38429752, 107.66942149],
         [ 30.91322314, 105.41322314],
         [  8.35123967, 112.9338843 ],
         [  7.59917355,  88.8677686 ],
         [  3.83884298,  29.45454545],
         [ 24.89669421,  24.94214876],
         [ 23.39256198,  10.65289256],
         [ 33.9214876 ,  49.76033058],
         [ 61.74793388,  48.25619835],
         [ 77.54132231,  62.54545455],
         [ 94.83884298,  65.55371901],
         [ 83.55785124, 126.47107438],
         [122.66528926,  83.60330579],
         [137.70661157,  86.61157025],
         [146.73140496, 112.18181818],
         [180.57438017, 110.67768595],
         [187.34297521, 133.99173554],
         [198.62396694, 106.91735537],
         [215.9214876 , 137.        ],
         [228.70661157, 103.15702479],
         [246.00413223,  89.61983471],
         [267.81404959, 101.65289256],
         [261.04545455, 125.71900826],
         [245.25206612, 132.48760331],
         [283.60743802, 115.94214876],
         [295.64049587, 130.98347107],
         [388.89669421, 135.49586777],
         [343.02066116, 131.73553719],
         [394.16115702, 155.04958678],
         [415.97107438, 156.55371901],
         [448.30991736, 152.79338843],
         [417.47520661, 134.74380165],
         [413.71487603, 113.68595041],
         [430.26033058, 109.92561983],
         [452.82231405, 109.92561983],
         [476.13636364, 107.66942149],
         [469.3677686 , 127.97520661],
         [492.68181818, 134.74380165],
         [518.25206612, 133.99173554],
         [498.69834711, 154.29752066],
         [524.26859504, 149.03305785],
         [548.33471074, 143.01652893],
         [570.89669421, 133.99173554],
         [590.45041322, 127.2231405 ],
         [614.51652893, 119.70247934],
         [624.29338843,  88.11570248],
         [655.12809917,  90.37190083],
         [584.4338843 ,  58.03305785],
         [619.02892562,  64.04958678],
         [604.73966942,  46.75206612],
         [581.42561983,  42.23966942],
         [582.17768595,  24.19008264],
         [555.8553719 ,  22.68595041],
         [664.15289256,  37.72727273],
         [661.89669421,  93.38016529],
         [520.50826446,  27.95041322],
         [473.88016529,  10.65289256],
         [496.44214876,  61.04132231],
         [469.3677686 ,  68.56198347],
         [457.33471074,  85.85950413],
         [446.80578512,  86.61157025],
         [421.23553719,  69.31404959],
         [401.68181818,  73.07438017],
         [408.45041322,  54.27272727],
         [433.26859504,  48.25619835],
         [412.2107438 ,  86.61157025],
         [373.10330579,  68.56198347],
         [363.32644628,  88.8677686 ],
         [335.5       ,  86.61157025],
         [347.53305785, 104.66115702],
         [323.46694215,  93.38016529],
         [291.88016529,  95.63636364],
         [306.16942149,  66.30578512],
         [320.45867769,  68.56198347],
         [349.03719008,  17.4214876 ],
         [370.84710744,  20.42975207],
         [381.37603306,  12.15702479],
         [355.05371901,   6.14049587],
         [319.70661157,  21.18181818],
         [309.92975207,  33.96694215],
         [150.49173554,  52.01652893],
         [162.52479339,  54.27272727],
         [186.59090909,  48.25619835],
         [209.15289256,  54.27272727],
         [198.62396694,  67.80991736],
         [ 92.58264463,   8.39669421],
         [118.15289256,  25.69421488],
         [109.12809917,   6.14049587],
         [154.25206612,  26.44628099],
         [141.46694215,   5.38842975],
         [160.26859504,  16.66942149],
         [182.0785124 ,  27.19834711],
         [194.86363636,  22.68595041],
         [182.83057851,  13.66115702],
         [221.18595041,  17.4214876 ],
         [240.73966942,  30.95867769],
         [243.74793388,  73.07438017],
         [281.35123967,  34.71900826],
         [264.80578512,   8.39669421],
         [234.7231405 ,   6.89256198],
         [  3.83884298, 266.3553719 ],
         [485.16115702,  91.87603306],
         [483.65702479,  75.33057851],
         [556.60743802, 387.43801653],
         [349.7892562 , 394.95867769],
         [367.83884298, 365.62809917],
         [420.48347107, 345.32231405],
         [404.69008264, 393.45454545],
         [377.61570248, 392.70247934],
         [485.70247934,   7.45661157],
         [594.        ,   7.45661157],
         [655.29338843,   9.33677686],
         [636.8677686 ,   6.70454545],
         [616.56198347,   6.70454545],
         [533.08264463,   6.70454545],
         [601.97933884,  32.18078512],
         [ 84.89669421,  49.57231405],
         [501.70661157, 376.15702479],
         [439.24625375, 329.73826174],
         [657.44805195, 252.0959041 ]]), array([[320]], dtype=uint16))]]
