[[(array([[ 205.15330766,  652.89751229],
         [ 371.31797592,  637.34515418],
         [ 282.09655306,  422.06777608],
         [ 350.85434683,  435.1644987 ],
         [ 346.76162101,  403.24123731],
         [ 361.49543396,  399.14851149],
         [ 318.93108543,  354.94707264],
         [ 282.09655306,  337.7576242 ],
         [ 273.91110142,  377.86633723],
         [ 268.99983044,  342.66889519],
         [ 241.98784003,  349.2172565 ],
         [ 218.25003028,  354.94707264],
         [ 214.15730446,  386.05178887],
         [ 203.51621733,  416.33795994],
         [ 164.22604946,  469.54339559],
         [  34.89591357,  554.67209263],
         [ 192.05658504,  551.39791197],
         [ -65.78514158,  406.51541797],
         [ 171.59295594,  331.20926289],
         [ 154.4035075 ,  343.48744035],
         [ 151.12932684,  320.56817576],
         [ 195.33076569,  309.10854347],
         [ 169.95586561,  278.00382724],
         [ 142.12533004,  285.37073372],
         [ 157.67768815,  269.8183756 ],
         [ 211.70166897,  279.64091757],
         [ 228.89111741,  310.7456338 ],
         [ 210.8831238 ,  310.7456338 ],
         [ 219.88712061,  305.01581765],
         [ 213.3387593 ,  294.37473052],
         [ 237.89511421,  296.83036601],
         [ 262.45146913,  269.8183756 ],
         [ 282.91509822,  283.73364339],
         [ 258.35874331,  294.37473052],
         [ 279.64091757,  308.2899983 ],
         [ 300.92309183,  305.83436281],
         [ 300.92309183,  281.2780079 ],
         [ 336.93907904,  334.48344355],
         [ 360.67688879,  345.94307584],
         [ 349.2172565 ,  345.94307584],
         [ 395.87433084,  357.40270814],
         [ 422.88632125,  335.30198871],
         [ 431.07177288,  305.83436281],
         [ 420.43068575,  278.00382724],
         [ 427.79759223,  264.90710462],
         [ 422.88632125,  254.26601749],
         [ 457.26521813,  263.27001429],
         [ 447.44267616,  260.8143788 ],
         [ 439.25722452,  268.99983044],
         [ 440.07576969,  282.09655306],
         [ 453.17249231,  287.82636921],
         [ 474.45466657,  268.18128527],
         [ 483.45866337,  303.37872732],
         [ 471.99903108,  311.56417896],
         [ 458.08376329,  351.67289199],
         [ 443.34995034,  384.41469854],
         [ 437.6201342 ,  442.53140518],
         [ 461.35794395,  469.54339559],
         [ 512.92628927,  561.22045394],
         [ 578.40990238,  536.66409902],
         [ 568.58736041,  488.36993436],
         [ 599.69207664,  478.54739239],
         [ 559.58336361,  454.80958264],
         [ 526.84155706,  448.26122133],
         [ 512.10774411,  427.79759223],
         [ 569.40590558,  412.24523412],
         [ 487.55138919,  435.1644987 ],
         [ 553.0350023 ,  374.59215658],
         [ 574.31717656,  366.40670494],
         [ 479.36593755,  328.7536274 ],
         [ 496.55538599,  343.48744035],
         [ 520.29319575,  348.39871133],
         [ 538.30118935,  340.2132597 ],
         [ 537.48264419,  318.11254027],
         [ 522.74883124,  302.56018216],
         [ 546.48664099,  292.73764019],
         [ 512.92628927,  287.82636921],
         [ 496.55538599,  300.92309183],
         [ 506.37792796,  299.2860015 ],
         [ 481.00302788,  285.37073372],
         [ 483.45866337,  263.27001429],
         [ 477.72884723,  256.72165298],
         [ 617.70007025,  548.94227648],
         [ 670.9055059 ,  555.49063779],
         [ 740.48184483,  566.95027009],
         [ 782.22764818,  663.53859942],
         [ 854.2596226 ,  558.76481845],
         [ 815.7879999 ,  517.01901509],
         [ 877.17888719,  484.27720854],
         [ 936.93268416,  539.93827968],
         [ 927.11014219,  494.0997505 ],
         [ 999.14211661,  540.75682484],
         [ 982.77121333,  549.76082165],
         [1015.51301989,  400.78560182],
         [-120.62766756,  412.24523412],
         [ 991.77521013,  387.6888792 ],
         [ 903.37233244,  350.03580166],
         [ 882.09015818,  396.692876  ],
         [ 851.80398711,  395.05578567],
         [ 828.88472253,  392.60015018],
         [ 762.58256425,  374.59215658],
         [ 747.8487513 ,  366.40670494],
         [ 717.56258024,  359.85834363],
         [ 682.36513819,  366.40670494],
         [ 688.9134995 ,  323.84235642],
         [ 636.52660902,  327.93508224],
         [ 602.9662573 ,  311.56417896],
         [ 621.79279607,  386.05178887],
         [ 647.98624131,  399.14851149],
         [ 694.64331565,  414.70086961],
         [ 626.70406705,  419.61214059],
         [ 654.53460262,  455.6281278 ],
         [ 646.34915098,  494.0997505 ],
         [ 682.36513819,  514.5633796 ],
         [ 699.55458663,  495.73684083],
         [ 828.06617736,  325.47944675],
         [ 817.42509023,  349.2172565 ],
         [ 811.69527408,  295.19327568],
         [ 837.88871933,  306.65290798],
         [ 775.67928687,  308.2899983 ],
         [ 995.86793595,  368.86234043],
         [ 652.07896713,  316.47544994],
         [ 670.9055059 ,  282.09655306],
         [ 667.63132524,  300.10454667],
         [ 592.32517017,  286.18927888],
         [ 586.59535402,  308.2899983 ],
         [ 580.04699271,  287.82636921],
         [ 551.39791197,  274.72964659],
         [ 192.8751302 ,  291.10054986],
         [ 567.76881525,  343.69207664],
         [ 588.64171693,  260.60974251],
         [ 463.40430686,  285.16609743],
         [ 485.0957537 ,  274.52501029],
         [ 623.02061381,  267.5673764 ],
         [ 618.10934283,  282.30118935],
         [ 608.28680086,  276.16210062],
         [ 598.05498631,  272.0693748 ],
         [ 605.42189279,  288.84955066],
         [ 672.95186881,  267.5673764 ],
         [ 496.14611341,  279.43628128],
         [ 298.46745634,  430.45786401],
         [ 601.32916697,  253.65210862],
         [ 605.83116537,  252.01501829],
         [ 593.55298791,  246.69447472],
         [ 654.9438752 ,  348.60334762],
         [ 438.43867936,  334.27880726],
         [ 635.91270014,  268.89751229],
         [ 604.60334762,  261.73524211],
         [ 613.19807185,  256.82397113],
         [ 157.88232444,  288.84955066],
         [ 254.47065378,  277.38991837],
         [ 238.91829567,  283.11973452],
         [ 152.56178088,  367.42988639],
         [ 174.25322772,  380.52660902],
         [ 217.63612141,  414.08696073],
         [ 423.50023012,  397.71605746],
         [ 180.80158903,  283.11973452],
         [ 292.73764019,  309.10854347],
         [ 301.74163699,  332.02780806],
         [ 230.52820774,  332.84635322],
         [ 462.99503428,  270.63692077],
         [ 914.83196473,  613.60734443],
         [ 950.84795194,  671.72405106],
         [ 897.64251629,  677.45386721],
         [ 812.51381925,  332.02780806]]), array([[165]], dtype=uint8))]]
