[[(array([[ 96.76623377, 466.37175325],
         [224.6525974 , 452.40097403],
         [206.38311688, 395.44318182],
         [105.36363636, 384.69642857],
         [ 62.37662338, 369.65097403],
         [ 39.80844156, 344.93344156],
         [ 48.40584416, 293.34902597],
         [ 57.00324675, 264.33279221],
         [ 38.73376623, 267.55681818],
         [ 45.18181818, 246.06331169],
         [ 48.40584416, 237.46590909],
         [106.43831169, 330.96266234],
         [176.29220779, 335.26136364],
         [279.46103896, 372.875     ],
         [269.78896104, 310.54383117],
         [305.25324675, 320.21590909],
         [361.13636364, 423.38474026],
         [444.96103896, 480.34253247],
         [450.33441558, 359.9788961 ],
         [393.37662338, 352.45616883],
         [366.50974026, 275.07954545],
         [311.7012987 , 267.55681818],
         [214.98051948, 270.78084416],
         [269.78896104, 253.58603896],
         [585.74350649, 405.11525974],
         [626.58116883, 529.7775974 ],
         [826.47077922, 429.83279221],
         [679.24025974, 390.06980519],
         [558.87662338, 355.68019481],
         [491.17207792, 362.12824675],
         [515.88961039, 333.11201299],
         [446.03571429, 297.64772727],
         [473.97727273, 282.60227273],
         [409.49675325, 300.87175325],
         [544.90584416, 286.90097403],
         [587.89285714, 318.06655844],
         [627.65584416, 309.46915584],
         [615.83441558, 285.8262987 ],
         [688.91233766, 324.51461039],
         [723.30194805, 314.84253247],
         [761.99025974, 337.41071429],
         [734.0487013 , 376.09902597],
         [870.53246753, 367.50162338],
         [856.56168831, 420.16071429],
         [913.51948052, 500.76136364],
         [899.5487013 , 308.39448052],
         [710.40584416, 285.8262987 ],
         [724.37662338, 270.78084416],
         [649.14935065, 260.03409091],
         [623.35714286, 263.25811688],
         [570.69805195, 260.03409091],
         [532.00974026, 248.21266234],
         [ 87.32142857, 234.51055195],
         [ 93.76948052, 252.78003247],
         [102.36688312, 266.75081169],
         [119.02435065, 286.63230519],
         [ 71.2012987 , 298.45373377],
         [138.90584416, 243.10795455],
         [119.56168831, 249.01866883],
         [ 68.51461039, 243.10795455],
         [181.89285714, 249.01866883],
         [204.99837662, 252.78003247],
         [229.17857143, 259.22808442],
         [235.08928571, 249.01866883],
         [252.28409091, 242.03327922],
         [230.25324675, 235.58522727],
         [211.98376623, 242.57061688],
         [198.01298701, 242.57061688],
         [180.81818182, 238.80925325],
         [148.04058442, 233.97321429],
         [125.4724026 , 265.67613636],
         [ 36.27435065, 240.42126623],
         [109.88961039, 240.42126623],
         [100.75487013, 244.18262987],
         [112.5762987 , 230.21185065],
         [134.06980519, 228.0625    ],
         [175.98214286, 227.52516234],
         [199.625     , 229.13717532],
         [211.98376623, 232.89853896],
         [282.375     , 260.30275974],
         [304.40584416, 249.55600649],
         [309.77922078, 242.57061688],
         [310.31655844, 231.82386364],
         [286.13636364, 225.37581169],
         [270.55357143, 230.21185065],
         [261.41883117, 231.28652597],
         [299.56980519, 233.97321429],
         [333.42207792, 250.09334416],
         [340.40746753, 236.6599026 ],
         [348.46753247, 237.73457792],
         [359.75162338, 231.28652597],
         [370.49837662, 244.18262987],
         [361.90097403, 244.18262987],
         [352.76623377, 252.78003247],
         [366.73701299, 235.58522727],
         [383.39448052, 246.86931818],
         [403.27597403, 254.39204545],
         [407.57467532, 235.58522727],
         [419.3961039 , 230.21185065],
         [430.68019481, 226.98782468],
         [454.86038961, 242.03327922],
         [444.11363636, 245.25730519],
         [443.5762987 , 236.6599026 ],
         [445.72564935, 229.13717532],
         [440.88961039, 229.13717532],
         [453.78571429, 223.22646104],
         [477.96590909, 240.42126623],
         [458.08441558, 264.06412338],
         [353.84090909, 341.97808442],
         [166.8474026 , 290.39366883],
         [216.81980519, 311.34983766],
         [278.88230519, 239.74959416],
         [283.44967532, 235.45089286],
         [329.12337662, 231.68952922],
         [339.87012987, 224.16680195],
         [385.8125    , 230.88352273],
         [375.60308442, 234.64488636],
         [489.56006494, 237.33157468],
         [501.38149351, 238.67491883],
         [498.42613636, 247.80965909],
         [493.85876623, 268.49715909],
         [507.29220779, 283.81128247],
         [508.63555195, 264.73579545],
         [550.81655844, 244.85430195],
         [580.37012987, 239.48092532],
         [612.34172078, 261.24310065],
         [609.9237013 , 245.39163961],
         [622.55113636, 241.89894481],
         [619.05844156, 230.07751623],
         [543.02516234, 230.6148539 ],
         [504.60551948, 230.6148539 ],
         [489.56006494, 229.27150974],
         [466.18587662, 244.31696429],
         [464.30519481, 237.60024351],
         [469.4099026 , 234.91355519],
         [513.20292208, 228.19683442],
         [556.72727273, 227.92816558],
         [562.63798701, 234.91355519],
         [612.87905844, 234.91355519],
         [464.30519481, 228.33116883],
         [468.6038961 , 223.49512987],
         [474.51461039, 223.49512987],
         [485.7987013 , 225.64448052],
         [474.51461039, 229.40584416],
         [471.82792208, 228.33116883],
         [476.66396104, 226.71915584],
         [486.33603896, 221.88311688],
         [563.71266234, 241.22727273],
         [637.32792208, 235.8538961 ],
         [642.16396104, 241.76461039],
         [668.49350649, 248.21266234],
         [676.01623377, 241.22727273],
         [681.92694805, 239.61525974],
         [692.6737013 , 248.21266234],
         [683.53896104, 275.61688312],
         [678.70292208, 258.42207792],
         [692.13636364, 256.81006494],
         [703.95779221, 242.30194805],
         [720.61525974, 250.89935065],
         [712.55519481, 240.68993506],
         [716.8538961 , 235.8538961 ],
         [719.00324675, 231.01785714],
         [715.24188312, 226.71915584],
         [731.89935065, 231.01785714],
         [729.21266234, 237.46590909],
         [744.25811688, 235.8538961 ],
         [737.81006494, 240.68993506],
         [732.43668831, 248.21266234],
         [739.42207792, 267.01948052],
         [649.14935065, 229.94318182],
         [629.80519481, 233.16720779],
         [412.18344156, 227.25649351],
         [393.91396104, 239.61525974],
         [396.06331169, 233.70454545],
         [401.43668831, 228.33116883],
         [405.73538961, 231.01785714],
         [783.25649351, 278.57224026],
         [779.49512987, 263.52678571],
         [751.01623377, 262.98944805],
         [758.53896104, 249.55600649],
         [760.68831169, 236.6599026 ],
         [765.52435065, 241.49594156],
         [774.12175325, 232.89853896],
         [768.21103896, 232.89853896],
         [782.71915584, 234.51055195],
         [786.48051948, 242.03327922],
         [680.625     , 230.74918831],
         [697.81980519, 239.88392857],
         [803.13798701, 243.64529221],
         [806.89935065, 236.12256494],
         [652.68344156, 221.07711039],
         [623.66720779, 220.00243506],
         [823.55681818, 242.03327922],
         [819.25811688, 271.04951299],
         [795.61525974, 264.60146104],
         [812.81006494, 298.45373377],
         [839.13961039, 304.90178571],
         [843.97564935, 314.57386364],
         [872.45454545, 296.30438312],
         [856.33441558, 279.64691558],
         [879.43993506, 269.97483766],
         [919.20292208, 264.60146104],
         [922.96428571, 249.55600649],
         [917.05357143, 236.6599026 ],
         [905.76948052, 252.24269481],
         [898.78409091, 247.40665584],
         [891.26136364, 247.94399351],
         [874.06655844, 247.40665584],
         [856.33441558, 242.57061688],
         [844.51298701, 242.57061688],
         [835.91558442, 245.79464286],
         [820.87012987, 254.39204545],
         [781.10714286, 252.24269481],
         [835.37824675, 262.45211039],
         [854.7224026 , 262.98944805],
         [893.41071429, 259.76542208],
         [885.88798701, 228.59983766],
         [879.43993506, 224.83847403],
         [864.39448052, 226.98782468],
         [751.01623377, 238.27191558],
         [687.61038961, 230.21185065],
         [795.07792208, 245.25730519],
         [888.57467532, 279.64691558],
         [803.13798701, 251.16801948],
         [839.13961039, 226.98782468],
         [780.56980519, 221.07711039],
         [499.00487013, 230.74918831],
         [ 93.54220779, 297.64772727],
         [288.05844156, 473.89448052],
         [144.17532468, 224.34415584],
         [155.22727273, 229.62987013],
         [159.07142857, 232.51298701],
         [170.6038961 , 227.22727273],
         [163.87662338, 225.30519481],
         [185.01948052, 222.42207792],
         [190.30519481, 229.62987013],
         [198.47402597, 222.9025974 ],
         [213.37012987, 225.30519481],
         [221.05844156, 224.82467532],
         [231.14935065, 221.94155844],
         [239.31818182, 225.30519481],
         [247.48701299, 225.30519481],
         [253.73376623, 226.26623377],
         [262.86363636, 223.86363636],
         [271.51298701, 222.9025974 ],
         [276.7987013 , 223.86363636],
         [352.24025974, 225.78571429],
         [369.05844156, 229.14935065],
         [364.25324675, 223.38311688],
         [419.99350649, 219.53896104],
         [415.66883117, 221.46103896],
         [425.75974026, 219.05844156],
         [299.14285714, 223.38311688],
         [307.31168831, 222.42207792],
         [310.67532468, 221.46103896],
         [316.44155844, 218.57792208],
         [325.57142857, 217.13636364]]), array([[257]], dtype=uint16))]]
