[[(array([[ 25.19421488, 272.40909091],
         [ 14.48347107, 258.7231405 ],
         [ 20.4338843 , 262.29338843],
         [ 24.00413223, 249.79752066],
         [ 47.2107438 , 259.91322314],
         [ 45.42561983, 245.6322314 ],
         [  4.96280992, 237.89669421],
         [ 31.1446281 , 224.2107438 ],
         [ 13.29338843, 198.62396694],
         [ 26.97933884, 202.19421488],
         [ 38.88016529, 212.30991736],
         [ 39.47520661, 202.19421488],
         [ 54.35123967, 196.83884298],
         [ 67.44214876, 200.40909091],
         [ 71.01239669, 208.1446281 ],
         [ 72.20247934, 200.40909091],
         [ 83.50826446, 202.7892562 ],
         [ 77.55785124, 226.59090909],
         [ 78.74793388, 245.6322314 ],
         [ 85.29338843, 256.34297521],
         [ 94.81404959, 275.38429752],
         [102.54958678, 277.16942149],
         [117.42561983, 252.17768595],
         [112.66528926, 243.25206612],
         [104.92975207, 234.32644628],
         [104.92975207, 217.07024793],
         [126.35123967, 216.47520661],
         [145.98760331, 230.75619835],
         [148.3677686 , 234.9214876 ],
         [130.51652893, 255.74793388],
         [128.73140496, 275.38429752],
         [160.26859504, 259.91322314],
         [182.88016529, 243.25206612],
         [188.83057851, 262.88842975],
         [223.34297521, 251.58264463],
         [226.91322314, 275.97933884],
         [250.71487603, 258.12809917],
         [248.92975207, 250.39256198],
         [248.92975207, 250.39256198],
         [279.2768595 , 243.25206612],
         [260.23553719, 233.73140496],
         [262.61570248, 226.59090909],
         [232.86363636, 227.78099174],
         [211.44214876, 218.8553719 ],
         [207.2768595 , 243.25206612],
         [195.37603306, 229.5661157 ],
         [174.54958678, 217.07024793],
         [162.64876033, 212.30991736],
         [142.41735537, 196.83884298],
         [120.99586777, 193.26859504],
         [104.33471074, 189.69834711],
         [ 85.88842975, 189.10330579],
         [ 92.4338843 , 178.98760331],
         [115.64049587, 167.08677686],
         [113.26033058, 158.16115702],
         [ 90.64876033, 153.40082645],
         [ 79.93801653, 149.23553719],
         [ 84.69834711, 139.11983471],
         [ 95.40909091, 139.71487603],
         [ 97.19421488, 130.7892562 ],
         [107.30991736, 131.97933884],
         [115.64049587, 134.95454545],
         [ 66.25206612, 148.64049587],
         [ 51.97107438, 152.80578512],
         [ 47.2107438 , 166.49173554],
         [ 39.47520661, 175.41735537],
         [ 61.49173554, 180.77272727],
         [ 26.97933884, 184.93801653],
         [ 13.29338843, 186.12809917],
         [ 27.57438017, 181.3677686 ],
         [ 20.4338843 , 173.6322314 ],
         [ 25.19421488,  90.9214876 ],
         [ 42.45041322,  74.26033058],
         [ 40.66528926,  68.30991736],
         [ 46.61570248,  61.76446281],
         [ 56.13636364,  68.90495868],
         [ 68.03719008,  61.76446281],
         [ 62.68181818,  50.45867769],
         [ 71.60743802,  51.64876033],
         [ 78.15289256,  52.83884298],
         [ 88.86363636,  52.83884298],
         [ 79.34297521,  46.29338843],
         [ 85.88842975,  42.7231405 ],
         [ 74.58264463,  47.48347107],
         [ 97.19421488,  43.91322314],
         [103.73966942,  44.50826446],
         [110.28512397,  43.91322314],
         [115.04545455,  43.91322314],
         [106.11983471,  38.55785124],
         [108.5       ,  33.20247934],
         [113.8553719 ,  29.03719008],
         [119.80578512,  25.46694215],
         [122.78099174,  34.39256198],
         [125.75619835,  31.41735537],
         [143.60743802,  12.97107438],
         [121.59090909,   6.42561983],
         [157.29338843,  23.08677686],
         [175.73966942,  23.08677686],
         [200.13636364,   4.04545455],
         [206.08677686,  18.9214876 ],
         [207.87190083,  12.97107438],
         [225.12809917,   8.80578512],
         [221.55785124,   4.04545455],
         [231.67355372,   2.8553719 ],
         [242.38429752,   7.02066116],
         [237.02892562,  10.59090909],
         [219.77272727,  37.3677686 ],
         [230.48347107,  35.58264463],
         [233.45867769,  47.48347107],
         [226.91322314,  51.64876033],
         [193.59090909, 192.67355372],
         [165.62396694, 193.26859504],
         [138.25206612, 179.58264463],
         [152.53305785, 175.41735537],
         [142.41735537, 168.2768595 ],
         [145.98760331, 155.78099174],
         [135.87190083, 143.28512397],
         [126.94628099, 139.71487603],
         [136.46694215, 134.95454545],
         [141.82231405, 131.38429752],
         [131.70661157, 118.88842975],
         [126.35123967, 120.0785124 ],
         [119.2107438 , 108.77272727],
         [106.71487603, 122.45867769],
         [135.2768595 , 112.93801653],
         [141.22727273, 108.77272727],
         [145.98760331, 118.29338843],
         [149.55785124, 118.29338843],
         [154.91322314, 127.21900826],
         [162.64876033, 131.38429752],
         [163.83884298, 142.09504132],
         [188.23553719, 155.78099174],
         [188.23553719, 144.47520661],
         [188.23553719, 183.74793388],
         [198.35123967, 161.13636364],
         [201.9214876 , 169.46694215],
         [216.79752066, 185.53305785],
         [223.34297521, 206.95454545],
         [193.59090909, 206.35950413],
         [234.64876033, 183.15289256],
         [156.10330579, 107.58264463],
         [164.4338843 , 103.41735537],
         [155.50826446, 102.22727273],
         [157.29338843,  96.2768595 ],
         [171.57438017,  95.08677686],
         [173.35950413,  89.13636364],
         [182.28512397,  87.94628099],
         [178.71487603,  79.61570248],
         [191.80578512,  71.28512397],
         [190.02066116,  73.07024793],
         [185.26033058,  96.2768595 ],
         [198.35123967, 102.82231405],
         [173.35950413, 111.74793388],
         [162.64876033, 117.10330579],
         [177.52479339, 121.26859504],
         [170.38429752, 117.10330579],
         [182.28512397, 124.83884298],
         [199.54132231, 118.29338843],
         [190.61570248, 117.10330579],
         [209.06198347, 115.31818182],
         [215.01239669, 123.64876033],
         [218.58264463, 118.29338843],
         [215.01239669, 102.22727273],
         [228.69834711,  84.97107438],
         [195.37603306,  84.97107438],
         [201.9214876 ,  73.66528926],
         [210.25206612,  70.09504132],
         [217.98760331,  71.28512397],
         [228.69834711,  71.28512397],
         [230.48347107,  65.92975207],
         [226.91322314,  64.1446281 ],
         [213.22727273,  60.57438017],
         [210.25206612,  62.95454545],
         [241.7892562 ,  73.07024793],
         [241.19421488,  67.11983471],
         [246.54958678,  68.90495868],
         [254.88016529,  70.09504132],
         [260.83057851,  72.47520661],
         [259.64049587,  67.11983471],
         [265.59090909,  68.30991736],
         [275.11157025,  76.64049587],
         [276.89669421,  72.47520661],
         [277.49173554,  68.30991736],
         [294.15289256,  72.47520661],
         [283.44214876,  73.66528926],
         [220.96280992, 127.21900826],
         [234.05371901, 124.83884298],
         [227.50826446, 120.0785124 ],
         [229.29338843, 102.22727273],
         [235.24380165, 105.79752066],
         [221.55785124, 108.77272727],
         [219.77272727,  98.65702479],
         [247.73966942, 109.96280992],
         [242.38429752,  97.46694215],
         [254.28512397, 100.44214876],
         [247.73966942,  87.94628099],
         [243.57438017,  86.16115702],
         [240.59917355,  81.40082645],
         [258.45041322,  77.83057851],
         [264.40082645,  82.59090909],
         [272.13636364,  83.78099174],
         [273.32644628,  89.13636364],
         [208.46694215, 132.57438017],
         [189.42561983, 132.57438017],
         [208.46694215, 143.28512397],
         [226.31818182, 137.33471074],
         [225.12809917, 145.07024793],
         [207.2768595 , 153.99586777],
         [222.74793388, 156.97107438],
         [254.28512397,  18.9214876 ],
         [244.76446281,  15.35123967],
         [251.30991736,   4.64049587],
         [260.23553719,  12.97107438],
         [266.78099174,  14.75619835],
         [269.75619835,   8.80578512],
         [274.51652893,   5.83057851],
         [268.5661157 ,   4.04545455],
         [262.61570248,   1.07024793],
         [272.13636364,   1.66528926],
         [283.44214876,  10.59090909],
         [290.58264463,   8.2107438 ],
         [242.97933884, 162.9214876 ],
         [220.3677686 , 168.2768595 ],
         [241.7892562 , 151.61570248],
         [231.67355372, 153.40082645],
         [247.1446281 , 130.7892562 ],
         [249.52479339, 121.26859504],
         [260.83057851, 123.05371901],
         [266.78099174, 127.21900826],
         [259.04545455, 142.09504132],
         [259.04545455, 147.45041322],
         [262.02066116, 153.99586777],
         [276.30165289, 136.73966942],
         [281.65702479, 152.2107438 ],
         [288.79752066, 125.4338843 ],
         [303.67355372, 129.00413223],
         [306.64876033, 127.81404959],
         [306.05371901, 140.90495868],
         [307.24380165, 145.07024793],
         [317.95454545, 146.26033058],
         [270.35123967, 110.55785124],
         [264.99586777, 108.77272727],
         [286.41735537, 108.77272727],
         [293.55785124, 105.79752066],
         [302.48347107, 106.98760331],
         [307.83884298, 111.15289256],
         [306.64876033, 102.82231405],
         [285.82231405,  92.11157025],
         [297.7231405 , 100.44214876],
         [307.83884298,  82.59090909],
         [306.64876033,  84.97107438],
         [325.09504132,  78.42561983],
         [307.83884298,  68.30991736],
         [317.35950413,  64.1446281 ],
         [294.74793388,  61.76446281],
         [288.79752066,  54.62396694],
         [281.06198347,  55.81404959],
         [269.75619835,  56.40909091],
         [269.16115702,  48.67355372],
         [280.46694215,  46.29338843],
         [280.46694215,  42.12809917],
         [268.5661157 ,  40.34297521],
         [261.42561983,  43.91322314],
         [264.99586777,  38.55785124],
         [256.07024793,  33.20247934],
         [248.92975207,  36.17768595],
         [241.7892562 ,  42.12809917],
         [239.40909091,  33.79752066],
         [242.38429752,  29.6322314 ],
         [243.57438017,  20.70661157],
         [268.5661157 ,  23.68181818],
         [264.40082645,  23.08677686],
         [257.8553719 ,  24.87190083],
         [280.46694215,  23.68181818],
         [274.51652893,  24.87190083],
         [273.9214876 ,  27.25206612],
         [282.25206612,  30.22727273],
         [284.6322314 ,  37.3677686 ],
         [282.25206612,  33.79752066],
         [285.22727273,  23.68181818],
         [294.15289256,  24.87190083],
         [295.93801653,  18.9214876 ],
         [295.34297521,  14.75619835],
         [285.82231405,  17.13636364],
         [300.69834711,  31.41735537],
         [303.0785124 ,  31.41735537],
         [296.53305785,  40.34297521],
         [295.93801653,  50.45867769],
         [292.3677686 ,  47.48347107],
         [301.88842975,  49.26859504],
         [312.00413223,  51.64876033],
         [321.52479339,  21.30165289],
         [317.35950413,  17.13636364],
         [306.64876033,  23.08677686],
         [305.45867769,  14.75619835],
         [300.10330579,   9.40082645],
         [306.64876033,   4.64049587],
         [302.48347107,   1.07024793],
         [293.55785124,   1.07024793],
         [322.11983471,   2.8553719 ],
         [316.76446281,   2.26033058],
         [331.04545455,   1.07024793],
         [334.02066116,   1.66528926],
         [343.54132231,   2.26033058],
         [367.34297521,   8.80578512],
         [354.84710744,   8.80578512],
         [348.89669421,   8.2107438 ],
         [335.80578512,  11.18595041],
         [349.49173554,  18.9214876 ],
         [344.13636364,  17.13636364],
         [335.2107438 ,  18.9214876 ],
         [366.15289256,  17.73140496],
         [339.37603306,  33.20247934],
         [316.76446281,  33.20247934],
         [323.90495868,  33.79752066],
         [321.52479339,  33.20247934],
         [345.9214876 ,  42.7231405 ],
         [335.2107438 ,  47.48347107],
         [331.64049587,  54.62396694],
         [323.90495868,  57.00413223],
         [336.40082645,  52.83884298],
         [332.83057851,  67.11983471],
         [332.23553719,  61.76446281],
         [341.16115702,  65.92975207],
         [359.01239669,  65.92975207],
         [353.06198347,  73.66528926],
         [341.75619835,  87.94628099],
         [333.42561983,  84.97107438],
         [352.46694215,  90.32644628],
         [357.82231405,  84.97107438],
         [373.29338843,  95.08677686],
         [373.88842975,  77.23553719],
         [378.05371901,  61.16942149],
         [382.81404959,  65.33471074],
         [394.71487603,  64.73966942],
         [391.1446281 ,  54.62396694],
         [379.24380165,  45.10330579],
         [376.86363636,  37.3677686 ],
         [371.50826446,  39.74793388],
         [364.3677686 ,  47.48347107],
         [357.22727273,  52.83884298],
         [351.2768595 ,  50.45867769],
         [364.3677686 ,  29.03719008],
         [382.21900826,  23.08677686],
         [375.67355372,   7.02066116],
         [373.29338843,  14.75619835],
         [231.67355372, 198.62396694],
         [242.97933884, 192.67355372],
         [250.11983471, 200.40909091],
         [248.33471074, 210.52479339],
         [264.40082645, 176.60743802],
         [250.71487603, 181.96280992],
         [250.71487603, 172.44214876],
         [267.37603306, 161.13636364],
         [273.32644628, 164.11157025],
         [281.65702479, 181.96280992],
         [289.98760331, 167.08677686],
         [281.06198347, 166.49173554],
         [303.0785124 , 168.2768595 ],
         [303.0785124 , 181.3677686 ],
         [314.97933884, 186.12809917],
         [322.71487603, 179.58264463],
         [329.26033058, 174.82231405],
         [344.73140496, 179.58264463],
         [351.87190083, 156.97107438],
         [336.40082645, 149.83057851],
         [345.9214876 , 143.28512397],
         [364.96280992, 155.78099174],
         [303.67355372, 202.7892562 ],
         [298.31818182, 219.45041322],
         [267.37603306, 196.24380165],
         [278.68181818, 212.30991736],
         [373.29338843, 145.66528926],
         [380.4338843 , 144.47520661],
         [388.16942149, 122.45867769],
         [375.0785124 , 115.91322314],
         [354.84710744, 133.16942149],
         [351.87190083, 127.21900826],
         [340.5661157 , 131.38429752],
         [337.59090909, 122.45867769],
         [329.8553719 , 111.74793388],
         [316.16942149, 106.39256198],
         [323.30991736,  94.49173554],
         [332.23553719, 100.44214876],
         [404.23553719,  71.28512397],
         [412.5661157 ,  72.47520661],
         [417.9214876 ,  68.30991736],
         [414.94628099,  60.57438017],
         [401.8553719 , 117.10330579],
         [390.54958678, 108.77272727],
         [365.55785124, 112.93801653],
         [414.94628099, 130.7892562 ],
         [429.82231405, 119.48347107],
         [413.16115702, 100.44214876],
         [406.02066116,  94.49173554],
         [392.92975207,  89.13636364],
         [385.7892562 ,  82.59090909],
         [379.24380165,  87.94628099],
         [420.89669421,  79.61570248],
         [416.13636364,  86.75619835],
         [422.68181818,  87.94628099],
         [432.79752066,  81.99586777],
         [431.60743802,  52.83884298],
         [428.6322314 ,  57.00413223],
         [421.49173554,  20.70661157],
         [416.73140496,  30.22727273],
         [406.61570248,  39.74793388],
         [403.64049587,  46.29338843],
         [406.61570248,  36.17768595],
         [389.95454545,  35.58264463],
         [393.52479339,  29.6322314 ],
         [385.19421488,  27.25206612],
         [389.95454545,  17.73140496],
         [386.38429752,   8.80578512],
         [400.07024793,   4.04545455],
         [416.73140496,   8.80578512],
         [408.40082645,  19.51652893],
         [427.44214876,   6.42561983],
         [433.98760331,  12.97107438],
         [359.01239669,  36.17768595],
         [355.44214876,  38.55785124],
         [351.87190083,  34.39256198],
         [361.98760331,  38.55785124],
         [352.46694215,  61.76446281],
         [348.89669421,  53.4338843 ],
         [329.26033058,  36.17768595],
         [135.2768595 ,  36.17768595],
         [198.35123967,  39.74793388]]), array([[428]], dtype=uint16))]]
