[[(array([[ 118.36510264,  452.75366569],
         [ 129.37585533,  378.68132942],
         [ 273.51661779,  390.19257087],
         [ 304.54692082,  484.78494624],
         [ 384.62512219,  342.64613881],
         [ 332.07380254,  360.66373412],
         [ 215.4599218 ,  324.12805474],
         [ 163.40909091,  326.63049853],
         [  97.34457478,  442.24340176],
         [  45.04349951,  308.0083089 ],
         [  97.0943304 ,  283.98484848],
         [ 139.13538612,  292.99364614],
         [ 219.21358749,  271.97311828],
         [ 266.25953079,  305.00537634],
         [ 489.47751711,  470.16666667],
         [ 549.53616813,  508.20381232],
         [ 558.54496579,  394.09237537],
         [ 609.59481916,  375.07380254],
         [ 662.64662757,  436.13343109],
         [ 753.73558162,  461.15786901],
         [ 815.79618768,  504.19990225],
         [ 950.92815249,  392.09042033],
         [ 930.90860215,  581.27517107],
         [1018.99462366,  399.09726295],
         [ 980.95747801,  326.0259042 ],
         [ 919.89784946,  323.02297165],
         [ 947.92521994,  271.97311828],
         [ 972.94965787,  265.96725318],
         [ 999.97605083,  285.98680352],
         [ 987.96432063,  269.97116325],
         [ 949.92717498,  323.02297165],
         [ 845.8255132 ,  338.03763441],
         [ 806.78739003,  342.04154448],
         [ 772.75415445,  310.01026393],
         [ 802.78347996,  283.98484848],
         [ 736.71896383,  274.97605083],
         [ 547.03372434,  216.79423265],
         [ 530.51759531,  208.53616813],
         [ 557.29374389,  197.52541544],
         [ 565.55180841,  197.02492669],
         [ 569.3054741 ,  214.04154448],
         [ 620.60557185,  189.01710655],
         [ 634.11876833,  192.77077224],
         [ 648.13245357,  206.28396872],
         [ 671.15493646,  194.27223851],
         [ 685.66911046,  198.77663734],
         [ 522.50977517,  197.77565982],
         [ 503.74144673,  207.53519062],
         [ 480.21847507,  211.03861193],
         [ 495.98387097,  179.50782014],
         [ 473.46187683,  188.26637341],
         [ 487.97605083,  186.51466276],
         [ 461.19990225,  182.76099707],
         [ 455.19403715,  197.52541544],
         [ 444.43352884,  206.5342131 ],
         [ 448.18719453,  217.29472141],
         [ 457.94672532,  237.31427175],
         [ 500.98875855,  243.57038123],
         [ 488.47653959,  237.06402737],
         [ 586.57233627,  194.27223851],
         [ 574.0601173 ,  186.014174  ],
         [ 379.36999022,  300.00048876],
         [ 413.40322581,  268.46969697],
         [ 469.95845552,  278.47947214],
         [ 499.48729228,  284.48533724],
         [ 315.80791789,  273.97507331],
         [ 350.84213099,  241.44330401],
         [ 324.81671554,  204.40713587],
         [ 330.32209189,  235.43743891],
         [ 367.35826002,  208.9115347 ],
         [ 382.37292278,  192.39540567],
         [ 399.38954057,  185.38856305],
         [ 413.40322581,  186.38954057],
         [ 432.92228739,  195.89882698],
         [ 493.48142717,  200.40322581],
         [ 543.02981427,  184.38758553],
         [ 506.4941349 ,  189.39247312],
         [ 716.19892473,  200.40322581],
         [ 701.68475073,  220.92326491],
         [ 678.66226784,  219.42179863],
         [ 653.63782991,  235.43743891],
         [ 680.16373412,  249.9516129 ],
         [ 737.21945259,  233.43548387],
         [ 720.2028348 ,  225.42766373],
         [ 751.23313783,  212.41495601],
         [ 800.78152493,  226.42864125],
         [ 786.76783969,  218.42082111],
         [ 802.78347996,  212.41495601],
         [ 772.75415445,  195.89882698],
         [ 637.12170088,  225.42766373],
         [ 615.1001955 ,  248.45014663],
         [ 594.5801564 ,  263.96529814],
         [ 550.53714565,  305.5058651 ],
         [ 668.15200391,  316.01612903],
         [ 619.10410557,  292.99364614],
         [ 805.78641251,  244.94672532],
         [ 714.1969697 ,  187.89100684],
         [ 691.67497556,  187.89100684],
         [ 368.35923754,  179.88318671],
         [ 371.36217009,  194.89784946],
         [ 440.93010753,  185.88905181],
         [ 521.50879765,  185.38856305],
         [ 510.99853372,  221.92424242],
         [ 725.20772239,  192.39540567],
         [ 701.93499511,  196.27419355],
         [ 736.71896383,  188.01612903],
         [ 848.07771261,  182.76099707],
         [ 854.58406647,  217.79521017],
         [ 852.08162268,  231.05816227],
         [ 853.0826002 ,  249.07575758],
         [ 891.36999022,  230.55767351],
         [ 902.63098729,  219.54692082],
         [ 884.86363636,  207.785435  ],
         [ 922.65053763,  134.21358749],
         [ 825.05522972,  222.29960899],
         [ 810.54105572,  188.76686217],
         [ 850.5801564 ,  202.78054741],
         [ 933.9115347 ,  205.90860215],
         [1015.9916911 ,  235.93792766],
         [ 884.86363636,  267.96920821],
         [ 835.81573803,  278.9799609 ],
         [ 853.83333333,  283.98484848],
         [ 847.82746823,  310.01026393],
         [ 513.50097752,  351.05034213],
         [  66.06402737,  196.8998045 ],
         [  85.0826002 ,  201.90469208],
         [ 117.11388074,  223.92619746],
         [ 168.16373412,  224.92717498],
         [ 180.17546432,  251.95356794],
         [ 142.13831867,  238.94086022],
         [  79.07673509,  262.96432063],
         [  18.01710655,  266.96823069],
         [  43.04154448,  233.93597263],
         [  22.02101662,  210.91348974],
         [ 247.24095797,  223.92619746],
         [ 207.20185728,  216.91935484],
         [ 213.20772239,  202.9056696 ],
         [ 228.22238514,  191.89491691],
         [ 302.29472141,  237.9398827 ],
         [ 264.25757576,  266.96823069],
         [ 282.27517107,  240.94281525],
         [ 217.21163245,  237.9398827 ],
         [ 102.09921799,  212.91544477],
         [  60.05816227,  244.94672532],
         [ 252.24584555,  199.90273705],
         [ 150.39638319,  204.65738025],
         [ 201.94672532,  195.6485826 ],
         [ 346.58797654,  200.15298143],
         [ 309.55180841,  200.15298143],
         [ 298.04056696,  193.14613881],
         [ 408.6485826 ,  221.17350929],
         [ 386.12658847,  238.69061584],
         [ 119.86656891,  201.15395894],
         [ 138.38465298,  192.14516129],
         [  51.80009775,  207.15982405],
         [ 522.00928641,  229.68181818],
         [ 590.07575758,  181.63489736],
         [ 631.11583578,  175.62903226],
         [ 607.09237537,  203.65640274],
         [ 492.48044966,  218.67106549],
         [ 481.97018573,  228.68084066],
         [ 368.35923754,  223.67595308],
         [ 879.10801564,  198.40127077],
         [ 897.62609971,  184.38758553],
         [ 901.63000978,  183.38660802],
         [ 908.63685239,  192.39540567],
         [ 914.6427175 ,  189.39247312],
         [ 984.7111437 ,  192.39540567],
         [ 984.7111437 ,  192.39540567],
         [ 989.21554252,  209.41202346],
         [1020.24584555,  196.39931574],
         [1018.74437928,  177.38074291],
         [ 964.19110459,  184.38758553],
         [ 952.67986315,  192.39540567],
         [ 743.97605083,  191.89491691],
         [ 745.47751711,  182.3856305 ],
         [ 866.59579668,  188.3914956 ],
         [ 855.08455523,  169.37292278],
         [ 756.48826979,  258.96041056],
         [ 866.09530792,  234.43646139],
         [ 878.10703812,  219.42179863],
         [1007.23313783,  188.3914956 ],
         [ 986.21260997,  175.37878788],
         [ 288.28103617,  184.88807429],
         [ 537.52443793,  175.87927664],
         [ 548.53519062,  172.87634409],
         [ 558.54496579,  172.87634409],
         [ 400.39051808,  415.11290323],
         [ 164.15982405,  192.89589443],
         [  16.01515152,  537.23216031],
         [ 234.8313299 ,  200.42566612],
         [ 189.86135452,  204.8732461 ],
         [ 354.42181386,  216.23928383],
         [ 281.28383193,  207.34412387],
         [ 276.83625195,  194.49555947],
         [ 277.82460306,  187.57710172],
         [ 205.67497224,  186.58875062],
         [ 223.95946772,  215.74510828],
         [ 236.31385656,  238.47718374],
         [  99.42722822,  198.94313945],
         [  94.97964824,  238.47718374],
         [  88.06119049,  224.64026824],
         [ 390.00245372,  205.36742165],
         [ 472.52977116,  198.94313945],
         [ 424.59474247,  194.49555947],
         [ 359.3635694 ,  179.67029287],
         [ 359.3635694 ,  187.57710172],
         [ 335.14896727,  187.57710172],
         [ 329.21886063,  182.14117063],
         [ 308.46348738,  184.11787285],
         [ 299.07415186,  183.12952174],
         [ 267.94109199,  179.67029287],
         [ 256.0808787 ,  179.67029287],
         [ 249.65659651,  187.57710172],
         [ 234.8313299 ,  183.12952174],
         [ 217.04100997,  185.10622395],
         [ 426.07726913,  182.14117063],
         [ 410.75782697,  178.1877662 ],
         [ 347.50335611,  184.11787285],
         [ 438.43165797,  255.77332811],
         [ 153.78653911,  263.68013697],
         [ 130.06611254,  211.79170385],
         [ 141.92632583,  202.89654388],
         [ 320.32370067,  211.79170385],
         [ 319.82952511,  188.56545283],
         [ 318.34699845,  181.15281953],
         [ 241.74978765,  211.79170385],
         [ 264.48186311,  217.72181049],
         [ 146.37390581,  219.20433715],
         [  75.2126261 ,  187.57710172],
         [  95.47382379,  185.10622395],
         [ 109.80491485,  193.50720837],
         [ 120.67677703,  186.58875062],
         [ 184.26009838,  192.22515143],
         [ 192.22682267,  183.91204783],
         [ 152.39320124,  188.41497894],
         [ 176.2933741 ,  187.72222031],
         [ 181.14268453,  182.52653056],
         [ 264.27372056,  204.0020482 ],
         [  33.58509559,  198.45997913],
         [  42.24457851,  186.68308236],
         [  98.70440714,  188.76135826],
         [ 131.26406292,  184.25842714],
         [  45.70837167,  216.81808292],
         [ 281.24630708,  221.66739335],
         [ 695.05364161,  178.48005693],
         [ 689.52331421,  179.09453775],
         [ 681.84230394,  185.54658638],
         [ 676.31197654,  181.85970145],
         [ 653.26894572,  189.23347131],
         [ 653.88342655,  182.16694186],
         [ 666.17304298,  177.86557611],
         [ 755.88724297,  174.48593159],
         [ 760.18860872,  179.70901857],
         [ 769.71306146,  174.17869118],
         [ 775.85786968,  172.33524871],
         [ 778.31579297,  181.85970145],
         [ 754.96552174,  191.6913946 ],
         [ 721.16907654,  202.44480898],
         [ 736.22385667,  204.59549186],
         [ 733.76593339,  198.75792405],
         [ 773.70718681,  200.90860693],
         [ 783.23163954,  194.4565583 ],
         [ 643.13001216,  180.93798022],
         [ 608.10460532,  180.63073981],
         [ 601.34531628,  186.46830761],
         [ 575.22988135,  176.63661447],
         [ 569.08507313,  180.93798022],
         [ 601.9597971 ,  176.32937405],
         [ 578.60952587,  202.44480898],
         [ 810.2687957 ,  201.83032816],
         [ 836.69147104,  184.01038433],
         [ 825.32357584,  183.08866309],
         [ 836.07699022,  179.70901857],
         [ 840.68559639,  174.48593159],
         [ 833.31182652,  175.40765282],
         [ 819.17876762,  176.94385488],
         [ 801.35882379,  184.31762474],
         [ 783.53887995,  184.01038433],
         [ 791.52713064,  177.5583357 ],
         [ 847.05105019,  195.27505067],
         [ 864.95709961,  179.87584816],
         [ 860.65964775,  177.36900124],
         [ 869.97079345,  169.49033949],
         [ 884.65375398,  171.63906542],
         [ 892.17429474,  166.98349257],
         [ 890.02556881,  172.3553074 ],
         [ 901.12731945,  176.65275926],
         [ 906.14101329,  177.72712223],
         [ 912.2290701 ,  178.8014852 ],
         [ 951.98049982,  181.30833212],
         [ 955.56170971,  179.15960618],
         [ 965.94721838,  172.71342839],
         [ 970.60279123,  176.65275926],
         [ 980.98829989,  172.71342839],
         [ 824.48942791,  195.27505067],
         [ 725.64803508,  179.87584816],
         [ 729.94548694,  176.29463828],
         [ 877.13321322,  186.68014694],
         [ 864.59897862,  199.57250253],
         [ 867.46394653,  214.61358405],
         [ 966.30533936,  243.26326313],
         [1012.1448259 ,  253.6487718 ],
         [1000.68495426,  202.07934945],
         [ 996.3875024 ,  190.97759881],
         [1003.19180118,  183.45705805],
         [ 998.89434932,  172.3553074 ],
         [1011.42858392,  176.65275926],
         [ 965.2309764 ,  207.09304329],
         [ 966.66346035,  198.14001858],
         [ 956.63607267,  211.39049515],
         [ 908.28973922,  207.45116428],
         [ 916.16840097,  217.83667294],
         [ 699.50520291,  273.70354715],
         [ 713.47192147,  248.63507796],
         [ 700.57956588,  247.91883598],
         [ 722.06682519,  208.88364823],
         [ 728.51300298,  210.67425317],
         [ 704.16077576,  183.45705805],
         [ 766.11570678,  224.64097173],
         [ 511.72504966,  180.0069635 ],
         [ 556.49995796,  181.96586573],
         [ 598.1965913 ,  176.92868855],
         [ 397.54903352,  199.03629952],
         [ 407.62338789,  193.71927916],
         [ 412.10087871,  191.76037692],
         [ 402.30636753,  203.51379035],
         [ 413.5000946 ,  258.36305301],
         [ 478.7035548 ,  261.16148477],
         [ 552.02246713,  240.45308969],
         [ 575.52929398,  191.76037692],
         [  93.09042033,  323.02297165],
         [ 584.57038123,  227.93010753],
         [ 615.60068426,  223.92619746],
         [ 146.7725724 ,  184.38245315],
         [ 379.55451448,  178.77938671],
         [ 388.21379898,  176.74190801],
         [ 400.94804089,  174.7044293 ],
         [ 421.83219761,  175.21379898],
         [ 437.1132879 ,  176.23253833],
         [ 450.35689949,  177.25127768],
         [ 485.50340716,  176.23253833],
         [ 508.93441227,  175.21379898],
         [ 523.1967632 ,  175.21379898],
         [ 584.32112436,  177.76064736],
         [ 580.75553663,  174.7044293 ],
         [ 574.13373083,  171.64821124],
         [ 611.31771721,  174.7044293 ],
         [ 619.9770017 ,  168.59199319],
         [ 618.44889267,  173.17632027],
         [ 644.42674617,  171.64821124],
         [ 652.06729131,  173.68568995],
         [ 662.25468484,  171.13884157],
         [ 666.83901193,  171.64821124],
         [ 670.40459966,  169.10136286],
         [ 672.44207836,  176.74190801],
         [ 679.06388416,  176.74190801],
         [ 697.91056218,  176.23253833],
         [ 707.07921635,  176.23253833],
         [ 714.7197615 ,  177.25127768],
         [ 738.66013629,  175.72316865],
         [ 745.28194208,  175.21379898],
         [ 812.00936968,  170.62947189]]), array([[363]], dtype=uint16))]]
