[[(array([[ 205.99378594,  327.24148252],
         [ 280.06612221,  250.1662137 ],
         [ 287.07296483,  216.13297812],
         [ 287.07296483,  216.13297812],
         [ 319.10424538,  188.10560764],
         [ 335.11988565,  213.13004557],
         [ 365.14921116,  203.12027039],
         [ 367.1511662 ,  227.1437308 ],
         [ 344.1286833 ,  278.19358418],
         [ 365.14921116,  325.23952748],
         [ 279.06514469,  328.24246003],
         [ 245.03190911,  231.14764087],
         [ 248.03484166,  201.11831536],
         [ 219.00649367,  183.10072005],
         [ 197.98596581,  246.16230363],
         [ 197.98596581,  215.1320006 ],
         [ 151.94100002,  204.12124791],
         [ 116.90678692,  234.15057342],
         [  91.88234899,  278.19358418],
         [  66.85791107,  218.13493315],
         [  88.87941644,  174.0919224 ],
         [ 113.90385437,  167.08507978],
         [ 120.91069699,  178.09583247],
         [ 137.92731478,  156.07432709],
         [ 142.93220237,  144.06259688],
         [ 413.19613198,  166.08410226],
         [ 427.20981722,  156.07432709],
         [ 427.20981722,  122.04109151],
         [ 407.19026688,  132.05086668],
         [ 397.18049171,  142.06064185],
         [ 365.14921116,  135.05379923],
         [ 363.14725613,  118.03718144],
         [ 345.12966082,  132.05086668],
         [ 304.08958262,  121.04011399],
         [ 288.07394235,  135.05379923],
         [ 292.07785242,  143.06161937],
         [ 309.09447021,  150.06846199],
         [ 296.08176248,  171.08898985],
         [ 277.06318966,  190.10756267],
         [ 250.0367967 ,  143.06161937],
         [ 236.02311146,  135.05379923],
         [ 239.02604401,  107.02642875],
         [ 217.00453863,  111.03033882],
         [ 222.00942622,   95.01469855],
         [ 205.99378594,  104.0234962 ],
         [ 179.9683705 ,  101.02056365],
         [ 166.95566278,  111.03033882],
         [ 132.9224272 ,  126.04500158],
         [ 115.9058094 ,  114.03327137],
         [ 109.8999443 ,  132.05086668],
         [  85.87648389,  126.04500158],
         [  97.8882141 ,   98.0176311 ],
         [  67.85888858,  105.02447372],
         [  59.85106845,  125.04402406],
         [  48.84031576,  161.07921468],
         [  37.82956307,  142.06064185],
         [  16.80903521,  139.0577093 ],
         [  49.84129328,   98.0176311 ],
         [  32.82467548,  101.02056365],
         [  52.84422583,   76.99710324],
         [  82.87355134,   71.99221565],
         [ 545.32516424,  314.22877479],
         [ 608.38674782,  290.20531438],
         [ 627.40532065,  241.15741604],
         [ 611.38968037,  232.14861839],
         [ 632.41020823,  213.13004557],
         [ 670.44735388,  211.12809053],
         [ 699.47570188,  244.1603486 ],
         [ 709.48547705,  208.12515798],
         [ 744.51969015,  310.22486472],
         [ 699.47570188,  334.24832514],
         [ 744.51969015,  362.27569561],
         [ 776.55097069,  334.24832514],
         [ 838.61157676,  330.24441507],
         [ 908.68000295,  271.18674156],
         [ 898.67022778,  248.16425866],
         [ 940.7112835 ,  222.13884322],
         [ 912.68391302,  185.10267509],
         [ 897.66925026,  192.10951771],
         [ 882.65458751,  220.13688819],
         [ 849.62232944,  189.10658515],
         [ 808.58225124,  187.10463012],
         [ 814.58811634,  153.07139454],
         [ 835.6086442 ,  139.0577093 ],
         [ 872.64481234,  129.04793413],
         [ 900.67218282,  133.0518442 ],
         [ 929.70053081,  160.07823716],
         [ 950.72105867,  137.05575427],
         [ 975.7454966 ,  128.04695661],
         [ 977.74745163,  146.06455192],
         [ 987.7572268 ,  149.06748447],
         [1001.77091204,  187.10463012],
         [1011.78068721,  209.1261355 ],
         [ 898.67022778,  114.03327137],
         [ 587.36621996,  180.0977875 ],
         [ 558.33787197,  211.12809053],
         [ 526.30659142,  197.11440529],
         [ 508.28899611,  182.09974253],
         [ 496.2772659 ,  188.10560764],
         [ 523.30365887,  160.07823716],
         [ 544.32418673,  151.0694395 ],
         [ 527.30756894,  133.0518442 ],
         [ 544.32418673,  114.03327137],
         [ 556.33591693,  140.05868682],
         [ 561.34080452,  116.03522641],
         [ 577.35644479,  107.02642875],
         [ 669.44637636,  118.03718144],
         [ 637.41509582,  123.04206903],
         [ 649.42682602,  108.02740627],
         [ 652.42975857,   93.01274351],
         [ 632.41020823,   93.01274351],
         [ 590.36915251,   93.01274351],
         [ 569.34862465,   76.99710324],
         [ 539.31929914,   94.01372103],
         [ 525.3056139 ,  104.0234962 ],
         [ 497.27824342,  102.02154117],
         [ 450.23230012,   33.95507   ],
         [ 446.22839005,  239.15546101],
         [ 455.2371877 ,  201.11831536],
         [ 458.24012025,  176.09387743],
         [ 501.28215349,  348.26201037],
         [ 451.23327763,  334.24832514],
         [ 409.19222192,  328.24246003],
         [  30.82272045,   74.9951482 ],
         [  13.80610266,   75.99612572],
         [   8.80121507,   88.00785593],
         [  56.8481359 ,   48.96973276],
         [  75.86670872,   47.96875524],
         [  86.87746141,   54.97559786],
         [ 103.8940792 ,   47.96875524],
         [ 136.92633726,   71.99221565],
         [ 118.90874196,   71.99221565],
         [ 708.48449953,  107.02642875],
         [ 730.50600491,  108.02740627],
         [ 720.49622974,  140.05868682],
         [ 700.47667939,  132.05086668],
         [ 750.52555525,  136.05477675],
         [ 766.54119552,  143.06161937],
         [ 773.54803814,  130.04891165],
         [ 394.17755916,   86.00590089],
         [ 382.16582895,   75.99612572],
         [ 383.16680647,   57.97853041],
         [ 373.1570313 ,   69.99026062],
         [ 368.15214372,   84.00394586],
         [ 606.38479279,   71.99221565],
         [ 594.37306258,   72.99319317],
         [ 415.19808702,   89.00883344],
         [ 739.51480256,  180.0977875 ],
         [ 736.51187001,  160.07823716],
         [ 687.46397167,  164.08214723],
         [ 712.4884096 ,  166.08410226],
         [ 652.42975857,  180.0977875 ],
         [ 631.40923071,  161.07921468],
         [ 612.39065789,  154.07237206],
         [ 572.3515572 ,  136.05477675],
         [ 577.35644479,  157.07530461],
         [ 988.75820432,  105.02447372],
         [ 988.75820432,   87.00687841],
         [ 971.74158653,   87.00687841],
         [ 961.73181136,  101.02056365],
         [ 952.72301371,   90.00981096],
         [ 932.70346336,  115.03424889],
         [ 920.69173316,  101.02056365],
         [ 932.70346336,   91.01078848],
         [ 925.69662074,   71.99221565],
         [ 905.6770704 ,   69.99026062],
         [ 913.68489054,   87.00687841],
         [ 874.64676737,   76.99710324],
         [ 864.6369922 ,   98.0176311 ],
         [ 885.65752006,  101.02056365],
         [ 848.62135193,   93.01274351],
         [ 826.59984655,   86.00590089],
         [ 816.59007138,  129.04793413],
         [ 824.59789152,  112.03131634],
         [ 672.44930892,   88.00785593],
         [ 686.46299416,   88.00785593],
         [ 625.40336561,   76.99710324],
         [ 692.46885926,    4.92672201],
         [ 737.51284753,   11.93356463],
         [ 801.57540862,  101.02056365],
         [ 777.55194821,  112.03131634],
         [ 754.52946532,   96.01567606],
         [ 768.54315056,   83.00296834],
         [ 410.19319943,   68.9892831 ],
         [ 413.19613198,   48.96973276],
         [ 526.30659142,   76.99710324],
         [ 563.34275955,  258.17403384],
         [ 294.07980745,   91.01078848],
         [ 336.12086317,   61.98244048],
         [ 341.12575075,   86.00590089],
         [ 313.09838027,   74.9951482 ],
         [ 271.05732456,   86.00590089],
         [ 268.054392  ,   64.98537303],
         [ 242.02897656,   64.98537303],
         [ 221.0084487 ,   68.9892831 ],
         [ 193.98205574,   69.99026062],
         [ 170.95957285,   57.97853041],
         [ 153.94295505,   40.96191262],
         [ 173.9625054 ,   75.99612572],
         [ 160.94979767,   78.99905827],
         [ 881.65360999,  175.09289992],
         [1009.77873218,  119.03815896],
         [ 293.07882993,   61.98244048],
         [ 329.11402055,   46.96777773],
         [ 351.13552592,   43.96484517],
         [ 378.16191889,   40.96191262],
         [ 402.1853793 ,   31.95311497],
         [ 411.19417695,   36.95800255],
         [ 492.27335584,   36.95800255],
         [ 564.34373707,   64.98537303],
         [ 571.35057969,   46.96777773],
         [ 583.36230989,   46.96777773],
         [ 599.37795017,   50.97168779],
         [ 628.40629816,   61.98244048],
         [ 645.42291595,   61.98244048],
         [ 658.43562368,   45.96680021],
         [ 650.42780354,   37.95898007],
         [ 657.43464616,    9.93160959],
         [ 754.52946532,   71.99221565],
         [ 733.50893746,   78.99905827],
         [ 717.49329719,   71.99221565],
         [ 723.49916229,   47.96875524],
         [ 736.51187001,   40.96191262],
         [ 755.53044284,   54.97559786],
         [ 759.5343529 ,   43.96484517],
         [ 800.57443111,   53.97462035],
         [ 808.58225124,   64.98537303],
         [ 851.62428448,   55.97657538],
         [ 872.64481234,   53.97462035],
         [1000.76993453,   59.98048545],
         [ 499.28019846,   80.00003579],
         [ 523.30365887,   57.97853041],
         [ 516.29681625,   66.98732807],
         [ 499.28019846,   62.983418  ],
         [ 291.0768749 ,   29.95115993],
         [ 279.06514469,   47.96875524],
         [ 196.98498829,   40.96191262],
         [ 199.98792084,   22.94431732],
         [ 185.9742356 ,   17.93942973],
         [  32.82467548,   25.94724987],
         [  12.80512514,   29.95115993],
         [  16.80903521,   45.96680021],
         [ 239.02604401,   47.96875524],
         [ 517.29779376,   40.96191262],
         [ 543.32320921,   46.96777773],
         [ 889.66143013,   48.96973276],
         [ 952.72301371,   71.99221565],
         [ 968.73865398,   54.97559786],
         [ 999.76895701,   78.99905827],
         [1011.78068721,   95.01469855],
         [ 800.57443111,   83.00296834],
         [ 676.45321898,   62.983418  ],
         [ 697.47374684,   71.99221565],
         [ 699.47570188,   84.00394586],
         [ 720.49622974,   93.01274351],
         [ 358.14236854,   25.94724987],
         [ 321.10620041,   25.94724987],
         [ 314.09935779,   36.95800255],
         [ 255.04168428,   29.95115993],
         [ 235.02213394,   27.9492049 ],
         [  54.84618086,   23.94529483],
         [ 136.92633726,   29.95115993],
         [ 119.90971947,   29.95115993],
         [ 105.89603423,   16.93845221],
         [ 163.95273023,  160.07823716],
         [ 182.97130305,  156.07432709],
         [ 172.96152788,  142.06064185],
         [ 195.98401077,  146.06455192],
         [ 779.55390325,   82.00199082],
         [ 786.56074587,   59.98048545],
         [ 164.95370774,   18.94040725],
         [ 988.75820432,   46.96777773],
         [ 983.75331674,   36.95800255],
         [ 956.72692377,  236.15252846],
         [ 835.6086442 ,   43.96484517],
         [ 822.59593648,   37.95898007],
         [ 467.24891791,  153.07139454],
         [ 445.22741253,  133.0518442 ],
         [ 475.25673805,  129.04793413],
         [ 475.25673805,  112.03131634],
         [ 804.57834117,  258.17403384],
         [ 428.21079474,   24.94627235],
         [ 428.21079474,   24.94627235],
         [ 408.1912444 ,   16.93845221],
         [ 375.15898633,   15.9374747 ],
         [ 150.9400225 ,    8.93063208],
         [ 123.91362954,   96.01567606],
         [ 612.39065789,   17.93942973],
         [1017.78655232,   51.97266531],
         [1013.78264225,   34.95604752],
         [ 854.62721703,   71.99221565],
         [ 830.60375662,   71.99221565],
         [ 767.54217304,   55.97657538],
         [ 769.54412807,   43.96484517],
         [ 777.55194821,   41.96289014],
         [ 712.4884096 ,   43.96484517],
         [ 681.45810657,   46.96777773],
         [ 442.22447998,   23.94529483],
         [ 395.17853668,  174.0919224 ],
         [  75.48171737,   31.46912584],
         [  75.48171737,   19.19340156],
         [  36.60859049,    5.89470027],
         [  11.03416492,    7.94065431],
         [ 519.45374534,   17.14744752],
         [ 550.14305603,   31.46912584],
         [ 542.98221687,    9.98660836],
         [ 584.92427481,   20.21637859],
         [ 647.32587321,   19.19340156],
         [ 627.88930977,   32.49210286],
         [ 620.72847061,   49.88271225],
         [ 932.73646262,   53.97462035],
         [ 938.87432476,   49.88271225],
         [1070.83836072,   17.14744752],
         [ 905.116083  ,   42.72187309],
         [ 800.77242666,   39.65294202],
         [ 611.52167741,  100.00858638],
         [ 920.46073835,   40.67591905],
         [ 952.17302606,   39.65294202],
         [ 853.96723185,   40.16443054],
         [ 755.76143765,   24.81977519],
         [ 752.69250658,   39.14145351],
         [ 765.99120788,   33.00359137],
         [ 772.12907001,   23.79679817],
         [ 427.38581327,   34.0265684 ],
         [ 424.3168822 ,   47.3252697 ],
         [ 423.29390518,   66.76183313],
         [ 434.54665243,   59.60099397],
         [ 357.82337571,    7.4291658 ],
         [ 350.66253655,   17.65893603],
         [ 338.38681227,   17.65893603],
         [ 340.43276632,   23.79679817],
         [ 304.62857051,   18.68191305],
         [ 265.75544364,   14.59000496],
         [ 274.96223685,   28.91168328],
         [ 259.6175815 ,   40.16443054],
         [ 256.54865043,   49.37122374],
         [ 255.52567341,   67.78481016],
         [  97.98721187,   31.98061435],
         [  90.82637271,   41.18740756],
         [  51.95324584,    7.4291658 ],
         [ 979.79340568,   61.64694802],
         [ 976.72447461,   71.87671825],
         [ 973.65554354,   79.03755741],
         [ 993.09210698,   71.87671825],
         [ 963.42577331,   61.64694802],
         [1012.52867041,   79.03755741],
         [ 294.39880028,   46.30229267],
         [ 307.69750158,   53.46313183],
         [ 311.78940967,   59.60099397],
         [ 535.82137771,   37.09549947],
         [ 699.49770138,   60.62397099],
         [ 708.70449459,   60.62397099],
         [ 725.07212696,   59.60099397],
         [ 737.34785123,   64.71587909],
         [ 670.85434474,   18.68191305],
         [ 671.87732176,   36.07252244],
         [ 435.56962946,   44.25633863],
         [ 132.76843065,   56.5320629 ],
         [ 148.113086  ,   68.80778718],
         [ 151.18201707,   53.46313183],
         [ 109.23995913,   61.64694802],
         [  97.98721187,   72.89969527],
         [ 109.23995913,   76.99160336],
         [  31.49370538,   59.60099397],
         [  32.5166824 ,   49.37122374],
         [  41.72347561,   54.48610886],
         [  50.93026882,   61.64694802],
         [  69.34385523,   59.60099397],
         [  58.09110798,   36.07252244],
         [  26.37882026,   17.65893603],
         [  47.86133775,   16.63595901],
         [  88.78041867,   28.91168328],
         [ 137.88331577,   42.21038458],
         [ 165.50369539,   35.04954542],
         [ 151.18201707,   29.93466031],
         [ 177.77941967,   29.93466031],
         [ 173.68751157,   44.25633863],
         [ 185.96323585,   55.50908588],
         [ 223.8133857 ,   42.21038458],
         [ 219.72147761,   28.91168328],
         [ 249.38781127,   21.75084412],
         [ 328.15704204,  136.32427069],
         [ 339.4097893 ,  120.97961535],
         [ 416.13306602,  105.63496001],
         [ 408.97222686,  123.0255694 ],
         [ 444.77642266,  114.84175321],
         [ 460.12107801,  111.77282214],
         [ 475.46573335,   85.17541955],
         [ 483.64954954,   73.92267229],
         [ 587.99320588,  145.5310639 ],
         [ 858.05913994,   85.17541955],
         [ 840.66853055,   79.03755741],
         [ 882.6105885 ,   67.78481016],
         [ 885.67951957,   79.03755741],
         [ 866.24295613,   42.21038458],
         [ 820.20899009,   57.55503993],
         [ 637.09610298,   49.37122374],
         [ 630.95824084,    9.47511985],
         [ 555.25794114,   49.37122374],
         [ 545.02817091,   59.60099397],
         [ 553.2119871 ,   60.62397099],
         [ 547.07412496,   67.78481016],
         [ 546.05114794,   75.96862634],
         [ 532.75244664,   51.41717779],
         [ 965.47172736,   42.21038458],
         [ 984.90829079,   25.84275221],
         [ 995.13806102,   36.07252244],
         [ 948.08111797,   29.93466031]]), array([[408]], dtype=uint16))]]
