[[(array([[ 263.74268293,  622.76707317],
         [ 614.65      ,  544.09390244],
         [ 349.90853659,  718.92317073],
         [ 948.07439024,  737.65487805],
         [ 993.0304878 ,  650.2402439 ],
         [ 856.91341463,  517.8695122 ],
         [ 950.57195122,  479.15731707],
         [ 856.91341463,  417.96707317],
         [ 918.10365854,  366.76707317],
         [ 718.29878049,  406.72804878],
         [ 625.88902439,  392.99146341],
         [ 332.42560976,  331.80121951],
         [ 309.94756098,  440.44512195],
         [  75.17682927,  288.09390244],
         [ 196.30853659,  251.87926829],
         [ 424.83536585,  274.35731707],
         [ 535.97682927,  373.01097561],
         [ 562.20121951,  319.31341463],
         [ 652.11341463,  285.59634146],
         [ 748.2695122 ,  345.53780488],
         [ 814.45487805,  333.05      ],
         [ 780.73780488,  300.58170732],
         [ 841.92804878,  310.57195122],
         [ 858.16219512,  343.0402439 ],
         [ 908.11341463,  321.81097561],
         [ 890.6304878 ,  296.83536585],
         [ 954.31829268,  321.81097561],
         [ 998.02560976,  319.31341463],
         [ 940.58170732,  274.35731707],
         [ 901.8695122 ,  269.36219512],
         [ 599.66463415,  238.14268293],
         [ 640.87439024,  221.90853659],
         [ 151.35243902,  179.76219512],
         [ 234.39634146,  199.74268293],
         [ 301.20609756,  178.51341463],
         [ 314.31829268,  144.17195122],
         [ 368.01585366,  152.91341463],
         [ 437.94756098,  186.6304878 ],
         [ 414.84512195,  179.76219512],
         [ 467.29390244,  169.77195122],
         [ 489.14756098,  214.72804878],
         [ 474.16219512,  142.92317073],
         [ 439.19634146,  146.04512195],
         [ 412.34756098,  134.80609756],
         [ 364.89390244,  126.06463415],
         [ 454.80609756,  129.18658537],
         [ 497.88902439,  124.81585366],
         [ 487.89878049,  114.82560976],
         [ 485.40121951,   95.4695122 ],
         [ 501.63536585,   77.98658537],
         [ 472.91341463,  117.94756098],
         [ 470.41585366,  111.07926829],
         [ 452.30853659,  115.45      ],
         [ 443.56707317,   95.4695122 ],
         [ 447.31341463,  107.95731707],
         [ 495.39146341,  142.92317073],
         [ 507.25487805,  187.87926829],
         [ 427.95731707,  117.94756098],
         [ 221.90853659,   11.80121951],
         [ 329.92804878,  122.31829268],
         [ 327.4304878 ,   89.85      ],
         [ 364.2695122 ,   96.71829268],
         [ 341.79146341,   97.96707317],
         [ 363.64512195,   83.60609756],
         [ 354.90365854,   74.2402439 ],
         [ 341.79146341,   69.24512195],
         [ 384.25      ,   75.48902439],
         [ 399.23536585,   86.72804878],
         [ 384.87439024,   89.85      ],
         [ 373.01097561,   84.2304878 ],
         [ 366.76707317,   77.98658537],
         [ 432.95243902,   92.97195122],
         [ 383.00121951,  105.4597561 ],
         [ 278.10365854,  124.81585366],
         [ 238.14268293,  144.17195122],
         [ 235.64512195,  106.70853659],
         [ 254.37682927,   89.85      ],
         [ 271.23536585,   77.36219512],
         [ 283.72317073,   72.99146341],
         [ 291.8402439 ,   71.11829268],
         [ 304.32804878,   72.36707317],
         [ 312.44512195,   82.35731707],
         [ 302.45487805,   89.85      ],
         [ 285.59634146,   86.10365854],
         [ 296.21097561,   81.10853659],
         [ 304.95243902,   78.61097561],
         [ 255.62560976,  106.70853659],
         [ 194.43536585,  116.69878049],
         [ 217.53780488,   92.97195122],
         [ 218.78658537,   74.2402439 ],
         [ 192.56219512,   67.37195122],
         [ 186.94268293,   87.35243902],
         [ 169.4597561 ,   96.71829268],
         [ 143.8597561 ,   88.60121951],
         [ 152.60121951,  127.93780488],
         [ 241.88902439,   67.99634146],
         [ 207.54756098,   63.62560976],
         [  90.78658537,  136.05487805],
         [ 112.6402439 ,  104.21097561],
         [ 112.01585366,   72.99146341],
         [ 168.21097561,   57.38170732],
         [ 171.95731707,   42.39634146],
         [ 150.72804878,   53.63536585],
         [ 148.85487805,   45.51829268],
         [ 157.59634146,   43.02073171],
         [ 122.6304878 ,   26.16219512],
         [  92.03536585,   53.01097561],
         [ 115.76219512,   51.13780488],
         [ 108.89390244,   31.15731707],
         [  88.28902439,   24.28902439],
         [  99.52804878,   33.65487805],
         [  55.82073171,   33.0304878 ],
         [  31.4695122 ,   47.39146341],
         [  42.70853659,   58.00609756],
         [  21.47926829,   63.62560976],
         [  62.68902439,   83.60609756],
         [  32.71829268,   87.35243902],
         [  56.44512195,  129.18658537],
         [  53.32317073,  192.25      ],
         [  78.92317073,   36.15243902],
         [   8.36707317,  116.69878049],
         [ 391.11829268,  216.60121951],
         [1169.10853659,  286.84512195],
         [ 765.75243902,  264.36707317],
         [ 720.79634146,  249.38170732],
         [ 824.44512195,  269.36219512],
         [ 854.41585366,  255.62560976],
         [ 276.85487805,   30.53292683],
         [ 283.72317073,   30.53292683],
         [ 295.58658537,   34.27926829],
         [ 529.10853659,  219.09878049],
         [ 511.00121951,  200.36707317],
         [ 501.63536585,  172.89390244],
         [ 519.74268293,  152.91341463],
         [ 527.8597561 ,  136.05487805],
         [ 697.0695122 ,  230.96219512],
         [ 676.46463415,  234.08414634],
         [ 673.96707317,  207.8597561 ],
         [ 648.36707317,  202.2402439 ],
         [ 617.77195122,  200.36707317],
         [ 602.16219512,  179.76219512],
         [ 629.01097561,  189.75243902],
         [ 560.32804878,  193.49878049],
         [ 574.06463415,  158.53292683],
         [ 589.67439024,  157.28414634],
         [ 604.03536585,  141.67439024],
         [ 604.6597561 ,  157.28414634],
         [ 559.70365854,  139.17682927],
         [ 555.95731707,  152.91341463],
         [ 510.37682927,  126.68902439],
         [ 511.62560976,  119.19634146],
         [ 510.37682927,  115.45      ],
         [ 516.62073171,  103.58658537],
         [ 520.36707317,  121.0695122 ],
         [ 530.98170732,  124.81585366],
         [ 531.60609756,  114.82560976],
         [ 535.35243902,  109.20609756],
         [ 540.97195122,  122.31829268],
         [ 553.4597561 ,  119.19634146],
         [ 549.71341463,  131.68414634],
         [ 559.70365854,  127.93780488],
         [ 567.82073171,  120.44512195],
         [ 575.31341463,  127.93780488],
         [ 581.55731707,  117.94756098],
         [ 585.92804878,  124.81585366],
         [ 594.6695122 ,  130.43536585],
         [ 574.68902439,  137.92804878],
         [ 609.65487805,  131.68414634],
         [ 620.89390244,  141.67439024],
         [ 625.26463415,  130.43536585],
         [ 633.38170732,  136.05487805],
         [ 637.75243902,  137.30365854],
         [ 643.37195122,  131.68414634],
         [ 663.97682927,  137.30365854],
         [ 639.00121951,  149.79146341],
         [ 663.35243902,  158.53292683],
         [ 648.36707317,  165.40121951],
         [ 628.38658537,  167.27439024],
         [ 639.62560976,  171.64512195],
         [ 683.95731707,  172.89390244],
         [ 604.6597561 ,   97.96707317],
         [ 608.40609756,   99.8402439 ],
         [ 618.39634146,  101.08902439],
         [ 631.50853659,  102.33780488],
         [ 750.76707317,  123.56707317],
         [ 768.25      ,  129.18658537],
         [ 695.82073171,  148.54268293],
         [ 688.95243902,  141.67439024],
         [ 692.07439024,  136.05487805],
         [ 677.71341463,  151.66463415],
         [ 672.09390244,  142.92317073],
         [ 706.43536585,  144.79634146],
         [ 704.56219512,  154.78658537],
         [ 695.19634146,  158.53292683],
         [ 685.8304878 ,  159.78170732],
         [ 720.79634146,  162.90365854],
         [ 728.28902439,  154.78658537],
         [ 703.31341463,  174.14268293],
         [ 708.93292683,  166.02560976],
         [ 722.6695122 ,  187.87926829],
         [ 705.81097561,  193.49878049],
         [ 687.70365854,  184.13292683],
         [ 670.22073171,  186.6304878 ],
         [ 718.92317073,  212.85487805],
         [ 740.77682927,  225.96707317],
         [ 764.50365854,  212.2304878 ],
         [ 791.35243902,  231.58658537],
         [ 748.2695122 ,  193.49878049],
         [ 763.87926829,  194.74756098],
         [ 773.8695122 ,  194.12317073],
         [ 767.00121951,  177.88902439],
         [ 752.01585366,  171.02073171],
         [ 733.28414634,  171.02073171],
         [ 742.02560976,  172.89390244],
         [ 747.02073171,  159.78170732],
         [ 745.14756098,  154.78658537],
         [ 738.27926829,  157.28414634],
         [ 762.6304878 ,  150.41585366],
         [ 767.62560976,  159.78170732],
         [ 783.23536585,  157.28414634],
         [ 782.61097561,  168.52317073],
         [ 795.72317073,  171.02073171],
         [ 799.4695122 ,  206.61097561],
         [ 800.71829268,  187.87926829],
         [ 813.8304878 ,  200.36707317],
         [ 824.44512195,  183.50853659],
         [ 813.8304878 ,  175.39146341],
         [ 934.96219512,  156.34756098],
         [ 861.28414634,  173.20609756],
         [ 856.91341463,  183.82073171],
         [ 870.02560976,  178.82560976],
         [ 839.4304878 ,  173.20609756],
         [ 874.39634146,  229.40121951],
         [ 835.68414634,  211.91829268],
         [ 818.82560976,  237.51829268],
         [ 856.28902439,  193.81097561],
         [ 883.76219512,  211.91829268],
         [ 879.39146341,  196.30853659],
         [ 886.88414634,  182.57195122],
         [ 895.62560976,  176.95243902],
         [ 901.8695122 ,  176.95243902],
         [ 906.86463415,  185.0695122 ],
         [ 917.47926829,  192.56219512],
         [ 904.99146341,  190.68902439],
         [ 908.73780488,  216.28902439],
         [ 916.2304878 ,  251.25487805],
         [ 933.71341463,  223.15731707],
         [ 973.67439024,  268.73780488],
         [ 947.45      ,  243.13780488],
         [ 963.0597561 ,  241.88902439],
         [ 973.05      ,  221.90853659],
         [ 968.05487805,  206.92317073],
         [ 945.57682927,  193.81097561],
         [ 948.07439024,  213.16707317],
         [ 934.96219512,  189.4402439 ],
         [ 957.4402439 ,  192.56219512],
         [ 990.53292683,  209.42073171],
         [1008.01585366,  219.41097561],
         [ 998.65      ,  243.13780488],
         [1013.63536585,  276.2304878 ],
         [1019.25487805,  286.84512195],
         [  51.91033966,  390.89935065],
         [ 306.12012987,   43.18306693],
         [ 394.60764236,   57.50474525]]), array([[264]], dtype=uint16))]]
