[[(array([[   7.07884601,  505.44495313],
         [  72.56245912,  567.65438558],
         [  99.57444953,  465.3362401 ],
         [ 189.61441756,  503.8078628 ],
         [ 269.01329845,  470.24751108],
         [ 282.92856624,  408.03807863],
         [ 354.14199549,  428.50170772],
         [ 454.82305065,  470.24751108],
         [ 506.39139597,  570.92856624],
         [ 620.16917375,  553.7391178 ],
         [ 671.73751908,  487.43695952],
         [ 808.43456144,  554.55766296],
         [ 806.79747111,  483.3442337 ],
         [ 845.26909382,  427.68316256],
         [ 801.06765497,  327.82065257],
         [ 728.21713538,  392.48572051],
         [ 796.97492915,  304.08284282],
         [ 670.91897391,  275.43376208],
         [ 607.07245113,  315.54247511],
         [ 548.13719933,  333.55046872],
         [ 534.22193155,  411.31225928],
         [ 492.47612819,  408.85662379],
         [ 474.46813458,  310.63120413],
         [ 417.98851828,  319.63520093],
         [ 389.33943754,  344.19155585],
         [ 339.40818254,  317.17956544],
         [ 291.11401788,  322.09083642],
         [ 205.98532083,  309.81265896],
         [ 180.61042075,  347.4657365 ],
         [ 141.32025289,  363.83663978],
         [  54.55446552,  381.84463338],
         [   1.34902987,  353.19555265],
         [  76.65518494,  272.97812659],
         [   2.98612019,  250.058862  ],
         [  57.82864617,  236.14359422],
         [  48.00610421,  200.12760701],
         [  84.84063658,  218.13560061],
         [ 122.49371412,  237.78068454],
         [ 147.05006904,  191.1236102 ],
         [ 164.23951748,  221.40978127],
         [ 169.15078846,  268.88540077],
         [ 197.7998692 ,  245.14759102],
         [ 214.17077247,  196.85342635],
         [ 225.63040477,  160.83743914],
         [ 185.52169174,   76.52728726],
         [  91.38899789,   76.52728726],
         [ 371.33144394,   90.44255505],
         [ 454.00450549,  110.90618414],
         [ 332.04127607,  124.82145193],
         [ 342.6823632 ,  146.92217135],
         [ 363.1459923 ,  133.82544873],
         [ 338.58963738,   98.62800669],
         [ 406.52888598,   88.80546472],
         [ 408.98452147,  184.57524889],
         [ 434.35942155,  164.93016496],
         [ 414.71433762,  143.6479907 ],
         [ 373.78707943,  227.13959741],
         [ 323.03727927,  218.13560061],
         [ 266.55766296,  227.13959741],
         [ 273.92456944,  181.30106824],
         [ 242.81985321,  261.5184943 ],
         [ 306.66637599,  257.42576848],
         [ 399.16197951,  285.25630405],
         [ 416.35142795,  248.42177167],
         [ 444.18196352,  223.04687159],
         [ 474.46813458,  209.95014897],
         [ 484.29067655,  178.02688758],
         [ 462.18995713,  141.19235521],
         [ 570.23791876,   93.7167357 ],
         [ 526.03647991,  140.37381004],
         [ 509.66557663,  160.83743914],
         [ 541.58883802,  151.83344234],
         [ 575.14918974,  151.01489717],
         [ 620.98771892,  138.73671972],
         [ 642.26989318,  113.36181964],
         [ 652.91098031,  100.26509701],
         [ 787.97093235,   78.16437759],
         [ 837.08364218,  102.7207325 ],
         [ 889.47053266,  107.63200349],
         [ 904.20434561,  180.48252307],
         [ 864.09563258,  187.03088438],
         [ 825.62400988,  204.22033282],
         [ 824.80546472,  154.28907783],
         [ 801.06765497,  175.57125209],
         [ 750.31785481,  162.47452947],
         [ 711.84623211,  197.67197151],
         [ 724.12440956,  218.13560061],
         [ 666.00770293,  191.1236102 ],
         [ 630.81026088,  182.93815856],
         [ 623.44335441,  204.22033282],
         [ 577.60482523,  206.67596832],
         [ 580.06046072,  173.1156166 ],
         [ 535.85902187,  245.14759102],
         [ 561.23392195,  242.69195553],
         [ 598.06845433,  257.42576848],
         [ 452.36741516,  270.5224911 ],
         [ 947.90942391,  137.74358974],
         [ 970.41491841,  182.75457875],
         [ 932.56476856,  217.53579754],
         [ 979.62171162,  214.46686647],
         [ 987.80552781,  176.61671662],
         [ 986.78255078,  163.31801532],
         [1008.26506827,  107.05427905]]), array([[103]], dtype=uint8))]]
