[[(array([[  62.29010989,  543.12127872],
         [ 102.18621379,  466.398002  ],
         [  64.33606394,  425.47892108],
         [  17.27912088,  478.67372627],
         [  27.50889111,  413.2031968 ],
         [  14.21018981,  364.1002997 ],
         [ 145.15124875,  318.06633367],
         [ 177.88651349,  290.44595405],
         [ 130.82957043,  382.51388611],
         [ 181.97842158,  410.13426573],
         [ 220.85154845,  457.19120879],
         [ 295.52887113,  460.26013986],
         [ 301.66673327,  392.74365634],
         [ 313.94245754,  347.73266733],
         [ 250.51788212,  310.90549451],
         [ 284.27612388,  261.8025974 ],
         [ 382.48191808,  547.21318681],
         [ 368.16023976,  378.42197802],
         [ 474.54985015,  454.12227772],
         [ 602.42197802,  481.74265734],
         [ 584.00839161,  420.36403596],
         [ 612.65174825,  356.93946054],
         [ 655.61678322,  380.46793207],
         [ 510.35404595,  361.03136863],
         [ 460.22817183,  376.37602398],
         [ 437.72267732,  311.92847153],
         [ 401.91848152,  328.2961039 ],
         [ 336.44795205,  316.02037962],
         [ 342.58581419,  271.00939061],
         [ 327.24115884,  252.5958042 ],
         [ 317.01138861,  229.06733267],
         [ 352.81558442,  252.5958042 ],
         [ 373.27512488,  248.5038961 ],
         [ 362.02237762,  263.84855145],
         [ 399.87252747,  283.28511489],
         [ 198.34605395,  292.49190809],
         [ 134.92147852,  347.73266733],
         [ 942.05034965,  546.19020979],
         [1004.45194805,  317.04335664],
         [ 927.72867133,  286.35404595],
         [ 845.89050949,  279.19320679],
         [ 877.6027972 ,  253.61878122],
         [ 842.82157842,  212.6997003 ],
         [ 767.12127872,  221.90649351],
         [ 699.6047952 ,  249.52687313],
         [ 662.77762238,  279.19320679],
         [ 683.23716284,  219.86053946],
         [ 653.57082917,  212.6997003 ],
         [ 663.8005994 ,  192.24015984],
         [ 654.59380619,  184.05634366],
         [ 626.97342657,  192.24015984],
         [ 576.84755245,  212.6997003 ],
         [ 532.85954046,  264.87152847],
         [ 533.88251748,  312.95144855],
         [ 490.91748252,  302.72167832],
         [ 511.37702298,  285.33106893],
         [ 477.61878122,  263.84855145],
         [ 449.9984016 ,  243.38901099],
         [ 430.56183816,  243.38901099],
         [ 444.88351648,  291.46893107],
         [ 466.36603397,  220.88351648],
         [ 454.09030969,  224.97542458],
         [ 446.92947053,  200.42397602],
         [ 392.71168831,  224.97542458],
         [ 406.01038961,  253.61878122],
         [ 416.24015984,  223.95244755],
         [ 310.87352647,  189.17122877],
         [ 324.17222777,  203.49290709],
         [ 336.44795205,  196.33206793],
         [ 330.31008991,  183.03336663],
         [ 339.51688312,  175.87252747],
         [ 355.88451548,  184.05634366],
         [ 369.18321678,  196.33206793],
         [ 365.09130869,  209.63076923],
         [ 416.24015984,  179.96443556],
         [ 407.03336663,  192.24015984],
         [ 392.71168831,  190.19420579],
         [ 373.27512488,  185.07932068],
         [ 438.74565435,  167.68871129],
         [ 429.53886114,  188.14825175],
         [ 447.95244755,  180.98741259],
         [ 439.76863137,  180.98741259],
         [ 475.57282717,  184.05634366],
         [ 463.2971029 ,  188.14825175],
         [ 465.34305694,  199.400999  ],
         [ 470.45794206,  209.63076923],
         [ 491.94045954,  232.13626374],
         [ 488.87152847,  211.67672328],
         [ 503.19320679,  187.12527473],
         [ 485.8025974 ,  177.91848152],
         [ 506.26213786,  164.61978022],
         [ 513.42297702,  157.45894106],
         [ 526.72167832,  163.5968032 ],
         [ 538.9974026 ,  179.96443556],
         [ 550.25014985,  179.96443556],
         [ 586.05434565,  171.78061938],
         [ 563.54885115,  157.45894106],
         [ 569.68671329,  147.22917083],
         [ 606.51388611,  159.5048951 ],
         [ 618.78961039,  163.5968032 ],
         [ 577.87052947,  160.52787213],
         [ 399.87252747,  207.31308691],
         [ 537.97442557,  165.88251748],
         [ 573.77862138,  183.78461538],
         [ 603.44495504,  186.34205794],
         [ 596.28411588,  193.5028971 ],
         [ 604.46793207,  171.50889111],
         [ 614.18621379,  180.71568432],
         [ 406.01038961,  180.71568432]]), array([[109]], dtype=uint8))]]
