[[(array([[116.53153745, 728.48948752],
         [ 30.32917214, 681.18331143],
         [ 21.91918528, 592.87844941],
         [ 66.07161629, 582.36596583],
         [ 77.63534823, 519.29106439],
         [178.55519054, 567.64848883],
         [115.48028909, 453.06241787],
         [ 71.32785808, 449.9086728 ],
         [ 94.45532194, 416.26872536],
         [ 39.79040736, 405.75624179],
         [ 10.35545335, 430.98620237],
         [ 11.40670171, 371.06504599],
         [ 52.40538765, 353.19382392],
         [ 69.22536137, 279.6064389 ],
         [ 30.32917214, 271.19645204],
         [ 61.86662286, 243.86399474],
         [ 20.86793693, 197.60906702],
         [ 45.04664915, 184.99408673],
         [ 77.63534823, 136.63666229],
         [102.8653088 , 239.65900131],
         [ 77.63534823, 227.04402102],
         [144.9152431 , 239.65900131],
         [149.12023653, 294.3239159 ],
         [172.24770039, 361.60381078],
         [152.2739816 , 403.65374507],
         [160.68396846, 444.65243101],
         [241.63009198, 610.74967148],
         [304.70499343, 563.4434954 ],
         [371.9848883 , 561.34099869],
         [350.95992116, 489.85611038],
         [289.98751643, 504.57358739],
         [307.8587385 , 444.65243101],
         [230.06636005, 403.65374507],
         [220.60512484, 355.29632063],
         [181.70893561, 310.09264126],
         [177.50394218, 274.35019711],
         [157.53022339, 248.06898817],
         [173.29894875, 243.86399474],
         [183.81143233, 230.1977661 ],
         [161.73521682, 206.01905388],
         [233.22010512, 239.65900131],
         [209.0413929 , 265.94021025],
         [256.34756899, 303.78515112],
         [234.27135348, 320.60512484],
         [297.34625493, 322.70762155],
         [274.21879106, 305.88764783],
         [295.24375821, 272.24770039],
         [279.47503285, 260.68396846],
         [265.8088042 , 255.42772668],
         [175.40144547, 192.35282523],
         [133.35151117, 206.01905388],
         [111.27529566, 126.12417871],
         [282.62877792, 162.91787122],
         [273.16754271, 147.14914586],
         [334.13994744, 348.98883049],
         [209.0413929 , 474.08738502],
         [393.00985545, 434.13994744],
         [414.0348226 , 365.8088042 ],
         [380.39487516, 348.98883049],
         [371.9848883 , 325.86136662],
         [350.95992116, 313.24638633],
         [335.1911958 , 311.14388962],
         [332.03745072, 289.06767411],
         [345.70367937, 275.40144547],
         [350.95992116, 260.68396846],
         [367.77989488, 285.91392904],
         [383.54862024, 281.70893561],
         [395.11235217, 259.63272011],
         [406.6760841 , 254.37647832],
         [414.0348226 , 265.94021025],
         [415.08607096, 289.06767411],
         [399.3173456 , 289.06767411],
         [479.21222076, 412.06373193],
         [518.10840999, 330.06636005],
         [471.85348226, 330.06636005],
         [492.87844941, 303.78515112],
         [519.15965834, 296.42641261],
         [144.9152431 , 161.86662286],
         [203.78515112, 140.84165572],
         [193.27266754, 148.20039422],
         [233.22010512, 136.63666229],
         [334.13994744, 138.739159  ],
         [369.88239159,  20.99934297],
         [339.39618922,  16.79434954],
         [402.47109067, 193.40407359],
         [388.80486202, 192.35282523],
         [418.23981603, 247.01773982],
         [435.05978975, 253.32522996],
         [450.82851511, 265.94021025],
         [451.87976347, 247.01773982],
         [471.85348226, 245.96649146],
         [466.59724047, 262.78646518],
         [478.1609724 , 261.73521682],
         [468.69973719, 277.50394218],
         [447.67477004, 300.63140604],
         [477.10972405, 291.17017083],
         [489.72470434, 279.6064389 ],
         [506.54467806, 273.29894875],
         [499.18593955, 262.78646518],
         [491.82720105, 259.63272011],
         [486.57095926, 248.06898817],
         [460.28975033, 201.81406045],
         [443.46977661, 187.09658344],
         [425.59855453, 193.40407359],
         [429.47503285, 275.66425756],
         [374.81011827, 130.06636005],
         [398.46320631, 155.29632063],
         [417.91130092, 163.18068331],
         [423.69316689, 147.93758213],
         [443.1412615 , 158.97568988],
         [458.90998686, 165.8088042 ],
         [466.26872536, 162.65505913],
         [465.74310118, 178.94940867],
         [474.15308804, 181.57752957],
         [479.40932983, 155.29632063],
         [466.79434954, 152.14257556],
         [467.31997372, 122.70762155],
         [427.89816032, 128.48948752],
         [484.13994744, 228.35808147],
         [467.8455979 , 217.31997372],
         [507.2674113 , 219.42247043],
         [495.17805519, 212.58935611],
         [502.53679369, 206.28186597],
         [509.89553219, 193.1412615 ],
         [508.84428384, 182.10315375],
         [497.80617608, 185.782523  ],
         [505.16491459, 157.92444152],
         [533.54862024, 185.25689882],
         [520.40801577, 208.38436268],
         [531.44612352, 223.62746386],
         [515.67739816, 223.10183968],
         [510.42115637, 239.9218134 ],
         [514.10052562, 255.16491459],
         [563.50919842, 284.07424442],
         [555.62483574, 262.52365309],
         [536.70236531, 254.63929041],
         [539.85611038, 244.12680683],
         [555.62483574, 237.81931669],
         [556.15045992, 250.43429698],
         [567.71419185, 239.39618922],
         [566.6629435 , 230.46057819],
         [575.07293035, 225.2043364 ],
         [571.3935611 , 208.90998686],
         [559.30420499, 208.90998686],
         [545.11235217, 206.28186597],
         [545.11235217, 188.41064389],
         [560.88107753, 187.88501971],
         [568.23981603, 200.5       ],
         [577.70105125, 194.19250986],
         [582.95729304, 197.87187911],
         [582.95729304, 209.43561104],
         [589.26478318, 204.70499343],
         [592.41852825, 193.66688568],
         [590.31603154, 273.03613666],
         [574.021682  , 266.72864652],
         [582.43166886, 248.33180026],
         [530.39487516, 266.20302234],
         [540.18462549, 387.88501971],
         [559.10709593, 323.75886991],
         [588.54204993, 300.63140604],
         [551.94546649, 174.74441524],
         [525.13863338, 174.74441524],
         [534.59986859, 178.42378449],
         [544.58672799, 175.27003942],
         [551.41984231, 165.8088042 ],
         [540.90735874, 164.23193167],
         [556.15045992, 162.12943495],
         [556.6760841 , 155.29632063],
         [558.77858081, 146.88633377],
         [561.93232589, 156.34756899],
         [568.23981603, 176.32128778],
         [564.0348226 , 167.38567674],
         [586.63666229, 186.83377135],
         [589.26478318, 180.52628121],
         [579.27792378, 180.00065703],
         [582.95729304, 171.59067017],
         [587.68791064, 165.28318003],
         [507.79303548, 148.98883049],
         [502.53679369, 134.79697766],
         [422.64191853,  96.95203679],
         [433.68002628, 101.15703022],
         [448.39750329, 127.96386334],
         [460.4868594 , 107.99014455],
         [454.17936925,  96.95203679],
         [484.13994744,  94.84954008],
         [478.35808147, 100.63140604],
         [472.05059133,  91.17017083],
         [464.69185283,  79.08081472],
         [435.782523  ,  61.20959264],
         [540.90735874, 141.10446781],
         [547.21484888, 146.36070959],
         [401.41984231, 144.25821288],
         [409.30420499, 128.48948752],
         [399.3173456 , 115.87450723],
         [410.88107753, 109.56701708],
         [406.6760841 ,  83.81143233],
         [401.41984231,  82.23455979],
         [408.25295664,  75.92706965],
         [421.3935611 ,  67.51708279],
         [286.83377135, 143.7325887 ]]), array([[200]], dtype=uint8))]]
