[[(array([[  85.81684705,  625.68585834],
         [  95.80821497,  670.09193797],
         [ 189.0609822 ,  675.64269793],
         [ 205.71326206,  655.65996209],
         [ 264.55131757,  577.94932274],
         [ 229.02645386,  573.50871477],
         [ 271.21222952,  539.09400306],
         [ 331.16043702,  569.06810681],
         [ 354.47362883,  655.65996209],
         [ 406.65077239,  626.79601033],
         [ 453.27715601,  665.65133001],
         [ 504.34414759,  625.68585834],
         [ 462.15837193,  569.06810681],
         [ 423.30305226,  532.43309111],
         [ 451.05685203,  518.00111523],
         [ 404.43046841,  503.56913935],
         [ 435.51472416,  476.92549157],
         [ 336.71119697,  449.1716918 ],
         [ 268.99192553,  482.47625153],
         [ 297.8558773 ,  471.37473162],
         [ 295.63557331,  441.40062787],
         [ 222.36554192,  415.86713208],
         [ 189.0609822 ,  434.73971592],
         [ 157.97672645,  433.62956393],
         [ 162.41733442,  473.5950356 ],
         [ 150.20566252,  527.99248315],
         [ 114.68079881,  542.42445903],
         [  59.17319927,  555.74628292],
         [  59.61830915,  500.79375938],
         [ 120.67666864,  500.23868338],
         [ 131.77818855,  503.56913935],
         [ 177.84949617,  528.54755915],
         [ 167.30305226,  366.46536849],
         [  95.69824885,  363.13491252],
         [  66.83429709,  385.89302833],
         [  20.76298947,  390.33363629],
         [  64.61399311,  342.04202469],
         [ 134.55356853,  339.26664471],
         [ 206.15837193,  354.80877258],
         [ 242.23831164,  344.81740467],
         [ 372.68117056,  378.12196439],
         [ 347.70275076,  373.68135643],
         [ 408.20603426,  425.303424  ],
         [ 432.62937806,  421.41789203],
         [ 407.09588227,  357.58415256],
         [ 482.03114165,  374.23643242],
         [ 442.62074598,  342.04202469],
         [ 325.49971095,  329.2752768 ],
         [ 272.76749138,  330.38542879],
         [ 284.97916328,  329.83035279],
         [ 465.93393778,  330.94050478],
         [ 563.1822031 ,  651.21935413],
         [ 539.86901129,  617.91479441],
         [ 597.59691481,  671.20208997],
         [ 612.02889069,  596.82190658],
         [ 624.24056259,  545.754915  ],
         [ 589.82585088,  532.43309111],
         [ 538.7588593 ,  502.45898736],
         [ 475.48019582,  468.04427565],
         [ 518.77612347,  459.16305972],
         [ 562.07205111,  441.40062787],
         [ 678.63801014,  449.1716918 ],
         [ 663.09588227,  520.22141922],
         [ 667.53649023,  561.29704288],
         [ 703.06135394,  549.08537098],
         [ 721.93393778,  577.94932274],
         [ 711.94256987,  629.01631431],
         [ 681.96846611,  657.88026608],
         [ 747.46743357,  665.65133001],
         [ 790.76336121,  675.64269793],
         [ 821.84761696,  636.78737825],
         [ 892.89734437,  660.10057006],
         [ 864.03339261,  673.42239395],
         [ 965.05722377,  660.10057006],
         [1006.13284743,  660.10057006],
         [1009.4633034 ,  590.16099464],
         [ 917.32068817,  609.03357848],
         [ 990.59071956,  519.11126722],
         [ 973.9384397 ,  488.02701148],
         [1008.35315141,  478.03564356],
         [ 923.98160011,  511.34020329],
         [ 854.04202469,  478.03564356],
         [ 804.0851851 ,  516.89096324],
         [ 760.78925746,  547.97521899],
         [ 764.11971343,  501.34883537],
         [ 791.8735132 ,  471.37473162],
         [ 884.01612844,  451.39199578],
         [ 915.10038418,  446.95138782],
         [ 958.39631183,  388.11333231],
         [1013.90391137,  367.02044448],
         [ 965.05722377,  345.92755666],
         [ 915.10038418,  379.23211638],
         [ 840.7202008 ,  416.97728407],
         [ 776.33138533,  426.96865199],
         [ 756.3486495 ,  391.44378828],
         [ 659.7654263 ,  436.9600199 ],
         [ 690.84968204,  416.97728407],
         [ 799.64457714,  387.00318032],
         [ 818.51716098,  347.03770865],
         [ 836.27959284,  339.26664471],
         [ 773.00092936,  357.02907657],
         [ 745.24712959,  365.91029249],
         [ 668.64664223,  377.0118124 ],
         [ 654.21466634,  374.79150842],
         [ 865.1435446 ,  323.72451684],
         [ 787.43290524,  315.95345291],
         [ 730.81515371,  337.04634073],
         [ 961.28165792,  228.25144563],
         [ 992.92098966,  254.34001742],
         [1016.23418147,  239.35296554],
         [ 969.05272186,  200.49764586],
         [ 983.48469774,  202.16287385],
         [ 996.80652163,  203.27302584],
         [ 927.9770982 ,  214.37454575],
         [ 910.21466634,  211.04408977],
         [ 890.78700651,  231.5819016 ],
         [ 874.68980264,  206.04840582],
         [ 874.13472664,  193.28165792],
         [ 853.04183882,  190.50627794],
         [ 861.36797875,  224.36591366],
         [ 875.79995463,  259.33570138],
         [ 831.94895099,  207.15855781],
         [ 809.19083518,  193.28165792],
         [ 809.19083518,  165.52785815],
         [ 981.81946975,  284.31412117],
         [1017.89940945,  310.40269295],
         [ 918.54080628,  290.41995712],
         [ 900.77837442,  337.04634073],
         [ 895.22761447,  286.53442515],
         [ 895.22761447,  270.43722128],
         [ 855.2621428 ,  263.22123334],
         [ 814.18651914,  253.22986543],
         [ 800.86469525,  276.54305723],
         [ 777.55150344,  259.33570138],
         [ 801.41977125,  231.5819016 ],
         [ 791.98347932,  233.24712959],
         [ 766.44998353,  229.36159762],
         [ 755.90353962,  233.24712959],
         [ 738.69618376,  243.23849751],
         [ 745.9121717 ,  267.10676531],
         [ 733.14542381,  274.32275325],
         [ 724.26420788,  307.62731298],
         [ 700.95101608,  305.40700899],
         [ 710.387308  ,  272.10244927],
         [ 714.82791596,  246.56895348],
         [ 656.54493644,  332.05065677],
         [ 621.57514873,  338.15649272],
         [ 636.00712461,  307.07223698],
         [ 649.8840245 ,  295.97071707],
         [ 651.54925249,  277.09813323],
         [ 628.23606068,  269.32706929],
         [ 645.44341654,  258.22554938],
         [ 668.75660834,  236.57758556],
         [ 652.65940448,  235.46743357],
         [ 688.18426818,  223.25576167],
         [ 709.27715601,  215.48469774],
         [ 738.14110777,  218.26007772],
         [ 759.78907159,  209.37886179],
         [ 745.9121717 ,  194.39180991],
         [ 721.48882791,  202.16287385],
         [ 768.67028752,  188.28597396],
         [ 753.12815965,  164.41770616],
         [ 780.32688342,  188.28597396],
         [ 728.70481585,  181.06998602],
         [ 723.15405589,  169.41339012],
         [ 723.70913189,  154.42633824],
         [ 702.61624406,  195.5019619 ],
         [ 694.29010413,  201.05272186],
         [ 686.5190402 ,  187.17582197],
         [ 670.42183633,  187.17582197],
         [ 674.86244429,  167.19308614],
         [ 659.32031642,  177.18445406],
         [ 663.76092439,  193.28165792],
         [ 669.31168434,  208.2687098 ],
         [ 624.90560471,  184.400442  ],
         [ 640.44773258,  175.51922607],
         [ 613.2490088 ,  171.07861811],
         [ 607.69824885,  159.4220222 ],
         [ 574.39368913,  197.16718989],
         [ 610.47362883,  248.23418147],
         [ 530.43271937,  400.8800802 ],
         [ 571.50834303,  394.77424425],
         [ 543.19946726,  346.48263265],
         [ 554.30098717,  304.851933  ],
         [ 575.393875  ,  310.95776895],
         [ 577.61417898,  270.99229728],
         [ 532.65302335,  280.4285892 ],
         [ 474.37004383,  302.63162902],
         [ 502.1238436 ,  273.21260126],
         [ 463.82359992,  275.43290524],
         [ 432.18426818,  296.52579307],
         [ 402.76524043,  263.22123334],
         [ 341.70688093,  324.83466883],
         [ 341.70688093,  289.86488112],
         [ 340.59672894,  268.7719933 ],
         [ 328.94013304,  273.76767726],
         [ 382.78250459,  247.12402948],
         [ 394.99417649,  245.45880149],
         [ 418.86244429,  238.79788955],
         [ 436.62487615,  253.78494142],
         [ 471.03958786,  250.45448545],
         [ 494.35277967,  235.46743357],
         [ 529.87764337,  238.24281355],
         [ 555.41113916,  253.78494142],
         [ 591.49107886,  255.45016941],
         [ 473.25989184,  224.92098966],
         [ 455.49745999,  239.90804154],
         [ 460.49314395,  197.72226589],
         [ 485.47156374,  207.15855781],
         [ 499.34846363,  174.96415007],
         [ 519.88627546,  188.84104996],
         [ 538.7588593 ,  179.95983403],
         [ 532.09794736,  193.83673392],
         [ 523.77180742,  212.70931776],
         [ 544.86469525,  221.59053369],
         [ 558.74159514,  226.58621765],
         [ 585.94031891,  230.47174961],
         [ 609.25351072,  139.99436236],
         [ 613.13904268,  131.11314644],
         [ 615.35934667,  123.8971585 ],
         [ 615.35934667,  111.6854866 ],
         [ 594.26645884,  111.6854866 ],
         [ 601.48244678,  123.8971585 ],
         [ 593.15630685,  131.11314644],
         [ 593.15630685,  142.76974234],
         [ 582.60986294,  147.2103503 ],
         [ 648.1088304 ,   91.70275076],
         [ 654.76974234,   97.80858671],
         [ 666.42633824,   98.9187387 ],
         [ 661.43065428,   96.14335873],
         [ 645.88852641,  101.69411868],
         [ 637.56238648,   95.03320674],
         [ 622.02025861,  101.13904268],
         [ 598.15199081,   90.03752278],
         [ 558.74159514,  142.21466634],
         [ 555.41113916,  149.98573028],
         [ 545.97484724,  158.86694621],
         [ 554.85606317,  159.9770982 ],
         [ 556.52129115,  177.18445406],
         [ 567.06773507,  173.85399808],
         [ 509.33983154,  153.87126225],
         [ 525.43703541,  151.09588227],
         [ 532.65302335,  157.20171822],
         [ 521.55150344,  137.77405838],
         [ 535.98347932,  138.88421037],
         [ 543.19946726,  126.11746248],
         [ 554.85606317,  131.11314644],
         [ 544.30961925,  108.91010662],
         [ 534.87332733,  121.12177852],
         [ 513.78043951,  117.79132255],
         [ 499.90353962,  120.01162653],
         [ 518.77612347,  103.91442266],
         [ 514.3355155 ,  107.79995463],
         [ 525.43703541,  107.79995463],
         [ 533.20809935,  101.13904268],
         [ 544.30961925,   88.92737079],
         [ 527.1022634 ,   90.03752278],
         [ 517.66597148,   92.81290275],
         [ 496.57308365,   98.9187387 ],
         [ 508.22967955,   97.80858671],
         [ 507.11952756,  103.91442266],
         [ 498.23831164,  107.79995463],
         [ 491.0223237 ,  113.90579058],
         [ 486.58171573,  108.91010662],
         [ 474.92511983,   97.80858671],
         [ 467.15405589,   91.70275076],
         [ 462.15837193,   97.80858671],
         [ 462.15837193,  113.90579058],
         [ 465.48882791,  110.02025861],
         [ 463.82359992,  139.99436236],
         [ 475.48019582,  141.65959035],
         [ 496.01800765,  133.88852641],
         [ 489.35709571,  126.67253847],
         [ 440.51040811,  191.06135394],
         [ 412.75660834,  221.59053369],
         [ 412.20153235,  201.60779785],
         [ 417.19721631,  181.06998602],
         [ 422.19290027,  168.85831412],
         [ 403.32031642,  193.83673392],
         [ 387.77818855,  206.04840582],
         [ 368.35052871,  211.04408977],
         [ 386.11296056,  184.95551799],
         [ 399.98986045,  173.85399808],
         [ 422.19290027,  144.99004632],
         [ 430.5190402 ,  133.88852641],
         [ 385.00280857,  151.09588227],
         [ 375.56651665,  167.19308614],
         [ 355.58378082,  183.845366  ],
         [ 356.13885681,  213.81946975],
         [ 313.39800517,  239.35296554],
         [ 295.08049732,  258.78062538],
         [ 298.41095329,  300.96640103],
         [ 294.52542132,  283.20396918],
         [ 277.31806547,  297.08086906],
         [ 298.41095329,  218.81515371],
         [ 303.40663725,  197.16718989],
         [ 321.7241451 ,  183.845366  ],
         [ 312.84292917,  192.72658193],
         [ 312.28785318,  171.07861811],
         [ 333.935817  ,  153.87126225],
         [ 364.46499674,  151.09588227],
         [ 361.13454077,  141.65959035],
         [ 383.89265658,  125.00731049],
         [ 393.3289485 ,  123.8971585 ],
         [ 390.55356853,  103.91442266],
         [ 386.11296056,  111.6854866 ],
         [ 366.13022473,  102.80427067],
         [ 372.23606068,  110.02025861],
         [ 365.57514873,  115.01594257],
         [ 365.02007274,  126.11746248],
         [ 350.58809686,  106.68980264],
         [ 345.5924129 ,  121.12177852],
         [ 324.49952507,  121.67685451],
         [ 322.27922109,  141.65959035],
         [ 296.7457253 ,  147.7654263 ],
         [ 304.51678924,  148.87557829],
         [ 292.30511734,  108.91010662],
         [ 285.0891294 ,  166.08293415],
         [ 196.16700402,  314.84330092],
         [ 223.36572779,  316.5085289 ],
         [ 234.4672477 ,  268.7719933 ],
         [ 174.5190402 ,  268.7719933 ],
         [ 164.52767228,  278.76336121],
         [ 176.18426818,  300.96640103],
         [ 131.22311256,  314.84330092],
         [  88.48226091,  292.6402611 ],
         [  69.60967707,  298.74609705],
         [   8.55131757,  315.39837691],
         [  21.31806547,  282.64889318],
         [  31.30943338,  261.00092936],
         [   4.11070961,  192.72658193],
         [  70.16475306,  211.59916577],
         [  77.380741  ,  231.5819016 ],
         [  52.40232121,  226.58621765],
         [  75.16043702,  268.7719933 ],
         [ 111.24037672,  232.6920536 ],
         [  87.92718491,  200.49764586],
         [  96.80840084,  189.95120195],
         [ 107.90992075,  196.0570379 ],
         [ 122.89697262,  202.71794984],
         [ 132.33326455,  257.67047339],
         [ 153.98122837,  245.45880149],
         [ 106.24469276,  289.86488112],
         [ 170.63350823,  249.89940945],
         [ 147.87539242,  226.58621765],
         [ 153.98122837,  205.49332982],
         [ 191.72639605,  207.7136338 ],
         [ 186.1756361 ,  197.16718989],
         [ 220.59034782,  224.92098966],
         [ 243.90353962,  223.81083767],
         [ 235.57739969,  196.61211389],
         [ 245.56876761,  196.61211389],
         [ 260.00074349,  212.70931776],
         [ 261.66597148,  193.28165792],
         [ 263.33119946,  176.07430206],
         [ 154.53630436,  191.61642994],
         [ 141.76955647,  183.845366  ],
         [ 130.66803656,  173.85399808],
         [  88.48226091,  172.1887701 ],
         [ 180.06980015,  173.29892209],
         [ 161.7522923 ,  153.31618625],
         [ 146.21016443,  162.19740218],
         [ 124.56220061,  154.98141424],
         [ 102.91423679,  154.98141424],
         [ 215.03958786,  170.52354211],
         [ 200.05253599,  171.07861811],
         [ 207.82359992,  157.20171822],
         [ 223.92080379,  154.98141424],
         [ 233.9121717 ,  161.08725019],
         [ 234.4672477 ,  177.18445406],
         [ 272.76749138,  159.4220222 ],
         [ 259.44566749,  165.52785815],
         [ 263.33119946,  157.20171822],
         [ 258.8905915 ,  153.31618625],
         [ 252.78475555,  149.43065428],
         [ 245.56876761,  152.20603426],
         [ 263.33119946,  144.43497033],
         [ 240.57308365,  141.10451435],
         [ 280.53855532,  142.21466634],
         [ 271.1022634 ,  131.11314644],
         [ 258.8905915 ,  135.5537544 ],
         [ 228.36141175,  131.11314644],
         [ 216.70481585,  130.00299445],
         [ 205.04821994,  128.33776646],
         [ 125.11727661,  122.50946851],
         [ 120.67666864,  133.05591242],
         [ 137.8840245 ,  136.94144439],
         [ 152.87107638,  135.8312924 ],
         [ 142.32463246,  120.84424052],
         [ 127.89265658,  109.74272061],
         [ 144.54493644,  104.74703665],
         [ 137.8840245 ,   95.86582073],
         [ 158.42183633,  119.73408853],
         [ 222.2555758 ,  113.62825258],
         [ 216.14973985,  106.96734064],
         [ 234.4672477 ,  108.63256862],
         [ 252.22967955,  111.9630246 ],
         [ 242.79338763,  124.72977249],
         [ 243.90353962,  116.95870855],
         [ 247.23399559,  104.74703665],
         [ 234.4672477 ,   96.97597272],
         [ 263.88627546,   96.97597272],
         [ 251.11952756,   95.86582073],
         [ 264.99642745,  107.52241663],
         [ 266.66165543,  119.73408853],
         [ 203.93806795,  103.63688466],
         [ 322.72433097,   98.64120071],
         [ 329.94031891,  112.51810059],
         [ 278.31825134,   95.86582073],
         [  39.49982691,  367.06137427],
         [ 158.16516157,  105.17925639],
         [ 158.16516157,   93.92650913],
         [ 223.63569104,   95.97246318],
         [ 343.32400273,   95.97246318],
         [ 369.92140533,   94.94948616],
         [ 387.31201472,   92.90353211],
         [ 396.51880792,   94.94948616]]), array([[417]], dtype=uint16))]]
