[[(array([[  17.71812401,  619.71227794],
         [  55.37120155,  563.23266163],
         [  17.71812401,  572.23665843],
         [  12.80685303,  546.04321319],
         [  31.63339179,  510.84577114],
         [  28.35921114,  487.10796139],
         [  12.80685303,  469.91851295],
         [  45.54865958,  419.16871279],
         [  77.47192097,  478.10396459],
         [  93.02427908,  505.93450016],
         [  97.1170049 ,  546.04321319],
         [ 115.94354367,  577.14792942],
         [ 160.96352769,  603.34137466],
         [ 162.60061801,  571.41811327],
         [ 149.50389539,  658.18390064],
         [ 184.70133744,  658.18390064],
         [  74.19774032,  671.28062326],
         [ 123.31045015,  477.28541943],
         [ 135.58862761,  420.80580312],
         [  78.29046613,  405.25344501],
         [  25.08503048,  373.33018361],
         [  24.26648532,  318.48765764],
         [  24.26648532,  288.20148657],
         [  53.73411122,  264.46367682],
         [  79.92755646,  302.11675436],
         [ 108.5766372 ,  329.94728993],
         [  93.84282425,  373.33018361],
         [ 147.0482599 ,  401.16071919],
         [ 164.23770834,  379.05999976],
         [ 147.0482599 ,  327.49165444],
         [ 151.95953088,  275.92330911],
         [ 180.60861162,  310.302206  ],
         [ 152.77807605,  247.27422838],
         [  60.28247253,  244.81859289],
         [  54.55265638,  219.44369281],
         [   3.80285622,  186.70188625],
         [  56.18974671,  189.15752174],
         [  90.56864359,  221.08078313],
         [ 143.77407924,  226.81059928],
         [ 110.21372753,  144.95608289],
         [  88.93155326,  171.9680733 ],
         [  39.81884343,  139.22626675],
         [  32.45193696,  163.78262166],
         [  41.45593376,  104.0288247 ],
         [ 106.12100171,   77.83537946],
         [ 140.49989859,   72.10556331],
         [ 101.20973072,   45.91211807],
         [ 169.14897932,   95.0248279 ],
         [ 205.9835117 ,  101.57318921],
         [ 303.3903862 ,  133.4964506 ],
         [ 281.28966677,  183.4277056 ],
         [ 246.91076989,  126.12954413],
         [ 204.34642137,  230.9033251 ],
         [ 187.15697293,  194.88733789],
         [ 224.81005047,  311.12075116],
         [ 212.53187301,  284.10876075],
         [ 257.55185702,  280.8345801 ],
         [ 306.66456685,  215.35096699],
         [ 367.23690898,  233.35896059],
         [ 364.78127349,  207.98406051],
         [ 275.55985063,  318.48765764],
         [ 252.64058604,  327.49165444],
         [ 243.63658924,  350.41091903],
         [ 226.44714079,  379.05999976],
         [ 220.71732465,  405.25344501],
         [ 185.5198826 ,  464.1886968 ],
         [ 214.9875085 ,  464.1886968 ],
         [ 218.26168916,  512.48286147],
         [ 198.61660522,  532.94649057],
         [ 249.36640538,  542.76903254],
         [ 224.81005047,  604.97846499],
         [ 386.06344775,  112.21427634],
         [ 399.16017037,  114.66991183],
         [ 416.34961881,   74.5611988 ],
         [ 470.37359963,   70.46847298],
         [ 541.58702888,   80.29101495],
         [ 476.92196094,  139.22626675],
         [ 424.53507045,  140.86335708],
         [ 354.95873152,  140.86335708],
         [ 428.62779627,  192.4317024 ],
         [ 443.36160922,  167.05680232],
         [ 467.91796414,  193.25024756],
         [ 435.99470275,  212.07678633],
         [ 399.16017037,  234.99605092],
         [ 404.07144135,  261.18949616],
         [ 368.87399931,  324.21747378],
         [ 441.72451889,  284.10876075],
         [ 460.55105766,  265.28222198],
         [ 498.2041352 ,  256.27822518],
         [ 510.48231266,  272.64912846],
         [ 528.49030626,  187.52043142],
         [ 498.2041352 ,  177.69788945],
         [ 518.6677643 ,  143.31899257],
         [ 541.58702888,  166.23825716],
         [ 573.51029028,  115.488457  ],
         [ 620.16736462,   97.48046339],
         [ 637.35681306,   45.91211807],
         [ 597.24810003,  150.68589904],
         [ 633.26408724,  149.86735388],
         [ 610.34482265,  196.52442822],
         [ 581.69574191,  212.07678633],
         [ 562.05065798,  275.10476395],
         [ 593.15537421,  281.65312526],
         [ 619.34881945,  249.72986387],
         [ 668.46152928,  301.29820919],
         [ 637.35681306,  268.55640264],
         [ 670.91716478,  267.73785748],
         [ 694.65497453,  279.19748977],
         [ 741.31204887,  284.92730592],
         [ 737.21932305,  301.29820919],
         [ 736.40077789,  255.45968002],
         [ 701.20333584,  226.81059928],
         [ 735.58223272,  232.54041543],
         [ 775.69094575,  204.70987986],
         [ 657.82044215,   86.0208311 ],
         [ 709.38878748,   75.37974397],
         [ 701.20333584,   59.00884069],
         [ 731.4895069 ,   59.00884069],
         [ 755.22731665,   49.18629872],
         [ 783.05785223,   66.37574716],
         [ 736.40077789,   98.29900855],
         [ 691.38079387,  127.76663445],
         [ 657.82044215,  101.57318921],
         [ 683.19534223,   98.29900855],
         [ 745.40477469,  140.86335708],
         [ 788.78766837,  135.13354093],
         [ 826.44074591,  140.86335708],
         [ 821.52947493,  120.39972798],
         [ 834.62619755,   80.29101495],
         [ 840.3560137 ,   44.27502774],
         [ 877.19054607,   74.5611988 ],
         [ 908.2952623 ,   57.37175036],
         [ 894.37999451,  108.94009568],
         [ 923.84762041,  158.05280552],
         [ 915.66216877,  137.58917642],
         [ 988.51268836,  112.21427634],
         [ 985.2385077 ,  137.58917642],
         [1012.25049811,  172.78661847],
         [ 896.01708484,  212.8953315 ],
         [ 860.00109763,  186.70188625],
         [ 796.15457485,  176.06079912],
         [ 825.62220075,  213.71387666],
         [ 850.99710083,  234.17750576],
         [ 987.69414319,  242.3629574 ],
         [1002.42795614,  230.08477994],
         [1023.7101304 ,  224.35496379],
         [ 990.14977868,  284.92730592],
         [ 956.58942697,  265.28222198],
         [ 920.57343976,  311.12075116],
         [ 878.00909123,  330.76583509],
         [ 925.48471074,  359.41491583],
         [ 972.14178508,  338.95128673],
         [ 969.68614959,  375.78581911],
         [ 937.7628882 ,  391.33817722],
         [ 901.74690099,  388.06399656],
         [ 850.99710083,  347.95528353],
         [ 862.45673312,  377.42290943],
         [ 843.63019435,  416.7130773 ],
         [ 900.10981066,  416.7130773 ],
         [ 941.03706885,  424.07998377],
         [1008.15777229,  390.51963206],
         [1000.79086581,  418.35016763],
         [1007.33922713,  441.26943222],
         [ 938.58143336,  445.36215803],
         [ 963.13778828,  465.82578713],
         [ 991.78686901,  492.83777754],
         [ 988.51268836,  519.84976795],
         [ 928.75889139,  518.21267762],
         [ 934.48870754,  485.47087106],
         [ 888.65017836,  491.20068721],
         [ 879.64618156,  465.82578713],
         [ 894.37999451,  458.45888066],
         [ 823.16656526,  456.82179033],
         [ 791.24330386,  488.74505172],
         [ 847.72292017,  516.57558729],
         [ 865.73091378,  510.02722598],
         [ 837.9003782 ,  534.5835809 ],
         [ 900.92835582,  553.41011967],
         [ 892.74290418,  579.60356491],
         [ 932.03307205,  593.5188327 ],
         [ 928.75889139,  567.32538745],
         [ 964.7748786 ,  544.40612286],
         [ 991.78686901,  571.41811327],
         [1016.34322393,  578.78501975],
         [ 982.78287221,  595.97446819],
         [ 948.40397533,  612.34537146],
         [ 910.75089779,  666.36935228],
         [ 841.17455886,  643.45008769],
         [ 791.24330386,  670.4620781 ],
         [ 781.4207619 ,  652.45408449],
         [ 796.97312001,  619.71227794],
         [ 736.40077789,  502.66031951],
         [ 744.58622952,  483.01523557],
         [ 541.58702888,  336.49565124],
         [ 602.97791617,  392.15672238],
         [ 551.40957085,  314.39493182],
         [ 625.0786356 ,  338.95128673],
         [ 657.00189699,  343.04401255],
         [ 685.65097773,  336.49565124],
         [ 688.10661322,  375.78581911],
         [ 738.03786821,  351.22946419],
         [ 787.15057805,  359.41491583],
         [ 831.35201689,  326.67310927],
         [ 753.59022633,  379.05999976],
         [ 746.22331985,  454.36615484],
         [ 803.52148132,  428.17270959],
         [ 684.0138874 ,  428.17270959],
         [ 664.36880346,  401.16071919],
         [ 705.29606166,  464.1886968 ],
         [ 651.27208084,  428.17270959],
         [ 616.89318396,  494.47486787],
         [ 681.55825191,  531.30940024],
         [ 683.19534223,  559.13993581],
         [ 740.4935037 ,  617.25664245],
         [ 763.41276829,  595.15592302],
         [ 682.37679707,  613.98246179],
         [ 666.00589379,  658.18390064],
         [ 715.11860362,  651.63553933],
         [ 740.4935037 ,  673.73625875],
         [ 645.5422647 ,  664.73226195],
         [ 630.80845175,  670.4620781 ],
         [ 621.80445494,  637.72027154],
         [ 566.96192896,  643.45008769],
         [ 595.6110097 ,  578.78501975],
         [ 581.69574191,  564.86975196],
         [ 599.70373552,  530.49085508],
         [ 583.33283224,  477.28541943],
         [ 604.6150065 ,  397.88653853],
         [ 508.02667717,  299.66111887],
         [ 489.2001384 ,  330.76583509],
         [ 447.45433504,  395.43090304],
         [ 413.89398332,  392.15672238],
         [ 399.97871554,  425.7170741 ],
         [ 392.61180906,  456.82179033],
         [ 369.69254447,  460.09597098],
         [ 354.95873152,  437.99525156],
         [ 364.78127349,  414.25744181],
         [ 345.95473472,  397.88653853],
         [ 341.04346374,  361.87055132],
         [ 254.27767637,  491.20068721],
         [ 282.10821194,  510.84577114],
         [ 296.84202489,  498.56759369],
         [ 476.92196094,  442.08797738],
         [ 497.38559004,  424.07998377],
         [ 525.21612561,  471.55560328],
         [ 539.13139339,  466.6443323 ],
         [ 546.49829987,  498.56759369],
         [ 545.6797547 ,  527.21667442],
         [ 523.57903528,  555.86575516],
         [ 500.65977069,  572.23665843],
         [ 540.76848372,  600.88573917],
         [ 508.84522233,  600.06719401],
         [ 526.85321593,  635.26463605],
         [ 528.49030626,  660.63953613],
         [ 473.64778028,  640.17590704],
         [ 434.35761242,  668.00644261],
         [ 408.98271234,  644.26863285],
         [ 405.70853168,  612.34537146],
         [ 433.53906725,  597.61155851],
         [ 452.36560602,  578.78501975],
         [ 453.18415119,  533.76503573],
         [ 475.28487061,  501.02322918],
         [ 468.7365093 ,  471.55560328],
         [ 440.90597373,  496.93050336],
         [ 368.05545414,  528.03521959],
         [ 334.49510243,  542.76903254],
         [ 320.57983464,  447.81779353],
         [ 304.20893136,  459.27742582],
         [ 268.19294415,  405.25344501],
         [ 309.93874751,  379.05999976],
         [ 350.04746054,  571.41811327],
         [ 342.68055406,  597.61155851],
         [ 276.37839579,  588.60756171],
         [ 269.83003448,  611.5268263 ],
         [ 310.75729267,  645.90572318],
         [ 351.68455087,  640.17590704],
         [ 355.77727669,  668.00644261],
         [ 327.94674111,  676.19189425],
         [ 252.64058604,  654.90971999],
         [ 234.63259243,  672.09916843],
         [ 236.26968276,  326.67310927],
         [-143.53527327,  414.25744181],
         [ 506.38958684,  131.85936027],
         [ 160.30455132,   13.13403354],
         [  99.00983969,   19.85126221],
         [  41.91339598,    8.09611203],
         [ 295.48877833,    5.57715128],
         [ 336.63180394,   13.13403354],
         [ 315.64046434,   32.44606597],
         [ 436.55058043,   22.37022296],
         [ 481.89187396,   33.28571955],
         [ 610.35887231,   36.64433389],
         [ 705.23972729,   32.44606597],
         [ 212.36307352,   83.66493459],
         [ 251.82679197,   33.28571955],
         [ 222.43891653,   24.88918371],
         [   9.16690621,    6.41680486]]), array([[297]], dtype=uint16))]]
