[[(array([[ 97.8587385 , 522.32654402],
         [221.69579501, 567.95072273],
         [171.18331143, 555.72996058],
         [144.29763469, 470.18462549],
         [109.26478318, 423.7457293 ],
         [ 64.45532194, 412.33968463],
         [ 60.38173456, 359.38304862],
         [  9.05453351, 382.19513798],
         [ 31.05190539, 271.3935611 ],
         [ 78.30551905, 310.5       ],
         [ 57.93758213, 315.38830486],
         [155.70367937, 374.86268068],
         [161.40670171, 298.27923784],
         [ 77.49080158, 233.10183968],
         [ 48.97568988, 232.28712221],
         [ 16.3869908 , 217.62220762],
         [ 60.38173456, 184.21879106],
         [ 61.19645204, 134.52102497],
         [ 30.23718791, 143.48291721],
         [  4.98094612,  97.8587385 ],
         [ 26.16360053,  79.12023653],
         [ 49.79040736,  68.52890933],
         [ 35.94021025,  42.45795007],
         [ 66.89947438,  47.34625493],
         [ 79.12023653,   7.42509855],
         [ 89.71156373,  66.89947438],
         [107.63534823,  67.71419185],
         [139.40932983, 113.33837057],
         [ 97.8587385 , 144.29763469],
         [125.55913272, 186.6629435 ],
         [142.66819974, 240.43429698],
         [170.36859396, 221.69579501],
         [216.80749014, 189.9218134 ],
         [223.32522996, 163.85085414],
         [147.5565046 , 174.44218134],
         [165.48028909,  90.52628121],
         [156.51839685,  70.15834428],
         [139.40932983,  49.79040736],
         [142.66819974,  22.09001314],
         [126.3738502 ,  28.60775296],
         [189.9218134 ,  52.23455979],
         [251.02562418, 401.74835742],
         [239.6195795 , 497.88501971],
         [277.91130092, 486.47897503],
         [285.24375821, 441.6695138 ],
         [301.53810775, 593.20696452],
         [353.68002628, 534.54730618],
         [416.41327201, 511.73521682],
         [476.70236531, 552.47109067],
         [463.66688568, 604.6130092 ],
         [556.54467806, 589.13337714],
         [541.87976347, 506.03219448],
         [524.77069645, 322.72076216],
         [580.17148489, 324.35019711],
         [570.39487516, 267.31997372],
         [444.11366623, 298.27923784],
         [382.19513798, 308.05584757],
         [351.23587385, 298.27923784],
         [227.39881735, 308.87056505],
         [215.17805519, 354.49474376],
         [255.09921156, 254.28449409],
         [242.06373193, 220.88107753],
         [291.76149803, 214.36333771],
         [256.72864652, 148.37122208],
         [233.91655716, 123.92969777],
         [215.17805519, 118.22667543],
         [284.42904074, 102.74704336],
         [257.54336399,  62.82588699],
         [200.5131406 ,  87.2674113 ],
         [236.36070959,  88.08212878],
         [223.32522996,  66.0847569 ],
         [226.58409987,  39.19908016],
         [248.58147175,  22.09001314],
         [226.58409987,   7.42509855],
         [290.13206307,  61.19645204],
         [329.23850197,  55.4934297 ],
         [303.98226018,  23.71944809],
         [354.49474376,  13.12812089],
         [359.38304862,  50.60512484],
         [348.79172142, 149.18593955],
         [339.82982917, 107.63534823],
         [317.01773982, 171.99802891],
         [330.05321945, 216.80749014],
         [318.64717477, 264.06110381],
         [377.30683311, 229.0282523 ],
         [403.37779238, 231.47240473],
         [395.23061761, 190.73653088],
         [400.11892247, 136.15045992],
         [418.85742444, 181.77463863],
         [449.81668857, 233.91655716],
         [510.10578187, 201.32785808],
         [598.90998686, 215.99277267],
         [541.87976347, 196.43955322],
         [448.18725361, 407.45137976],
         [341.45926413, 427.00459921],
         [366.71550591, 399.30420499],
         [455.51971091, 459.59329829],
         [571.20959264, 187.47766097],
         [537.80617608, 168.739159  ],
         [566.32128778, 155.70367937],
         [600.53942181, 158.96254928],
         [605.42772668, 125.55913272],
         [540.25032852, 108.4500657 ],
         [461.22273325, 136.9651774 ],
         [431.0781866 , 124.74441524],
         [428.63403417,  77.49080158],
         [454.70499343, 100.30289093],
         [431.89290407, 100.30289093],
         [374.86268068,  81.56438896],
         [382.19513798, 114.15308804],
         [390.34231275,  47.34625493],
         [377.30683311,  18.83114323],
         [450.63140604,  44.9021025 ],
         [479.96123522,  59.56701708],
         [475.88764783,  31.86662286],
         [456.33442838,  11.49868594],
         [519.06767411,  23.71944809],
         [554.10052562,  32.68134034],
         [545.95335085,  66.0847569 ],
         [579.35676741,  77.49080158],
         [514.99408673,  69.34362681],
         [535.36202365,  46.53153745],
         [607.05716163,  82.37910644],
         [610.31603154,  48.1609724 ],
         [278.7260184 , 301.53810775],
         [308.87056505, 328.42378449],
         [151.63009198, 155.70367937],
         [185.03350854,  29.42247043],
         [354.49474376, 255.91392904],
         [509.29106439, 140.22404731],
         [536.17674113, 146.74178712],
         [572.02431012, 114.96780552],
         [ 82.37910644, 104.37647832],
         [198.88370565, 288.50262812],
         [140.22404731, 213.54862024],
         [362.64191853, 185.84822602],
         [456.33442838, 180.95992116],
         [ 22.90473062, 175.25689882],
         [508.47634691, 100.30289093],
         [392.73385689,  11.86125654],
         [532.31500873,   5.36910995]]), array([[141]], dtype=uint8))]]
