[[(array([[ 132.23850801,  555.35802469],
         [ 254.11925401,  488.95403205],
         [ 428.95508274,  543.59022853],
         [ 445.76622012,  493.99737326],
         [ 633.21040189,  509.1273969 ],
         [ 728.19332808,  541.90911479],
         [ 713.90386131,  497.35960074],
         [ 836.62516417,  504.08405569],
         [ 890.42080378,  499.04071447],
         [ 798.80010507,  472.98345154],
         [ 804.68400315,  450.28841608],
         [ 850.91463094,  412.46335697],
         [ 708.86052009,  430.11505122],
         [ 747.52613607,  404.05778828],
         [ 773.583399  ,  369.59495666],
         [ 659.26766483,  381.36275282],
         [ 748.36669293,  492.31625952],
         [ 539.06803257,  371.2760704 ],
         [ 654.22432361,  355.30548989],
         [ 632.36984502,  335.13212503],
         [ 687.0060415 ,  331.76989756],
         [ 760.1344891 ,  264.52534804],
         [ 809.72734437,  272.93091673],
         [ 844.19017599,  315.79931705],
         [ 892.94247439,  341.85657998],
         [ 898.82637247,  266.20646178],
         [ 872.76910954,  252.75755188],
         [ 898.82637247,  225.0191752 ],
         [ 885.37746257,  191.39690045],
         [ 813.93012871,  203.16469661],
         [ 812.24901497,  246.8736538 ],
         [ 774.42395587,  201.48358287],
         [ 757.61281849,  200.643026  ],
         [ 787.0323089 ,  229.22195955],
         [ 760.97504597,  232.58418702],
         [ 729.03388495,  244.35198319],
         [ 661.78933543,  262.00367744],
         [ 597.9070134 ,  255.27922248],
         [ 638.2537431 ,  233.42474389],
         [ 639.93485684,  217.45416338],
         [ 608.83425269,  151.05017074],
         [ 557.56028369,  212.41082217],
         [ 553.35749934,  284.6987129 ],
         [ 537.38691883,  273.7714736 ],
         [ 513.8513265 ,  269.56868926],
         [ 514.69188337,  242.67086945],
         [ 497.04018913,  248.55476753],
         [ 502.92408721,  193.07801418],
         [ 450.80956133,  236.78697137],
         [ 477.70738114,  267.88757552],
         [ 439.04176517,  295.62595219],
         [ 470.14236932,  321.68321513],
         [ 465.93958498,  405.73890202],
         [ 534.86524823,  335.9726819 ],
         [ 570.16863672,  335.9726819 ],
         [ 587.82033097,  379.68163909],
         [ 476.86682427,  477.18623588],
         [ 358.34830575,  430.95560809],
         [ 392.81113738,  387.24665091],
         [ 421.39007092,  388.08720778],
         [ 404.57893354,  304.87207775],
         [ 380.20278434,  334.29156816],
         [ 401.21670607,  235.10585763],
         [ 365.0727607 ,  235.10585763],
         [ 368.43498818,  161.97741003],
         [ 313.7987917 ,  155.25295508],
         [ 319.68268978,  242.67086945],
         [ 345.73995272,  269.56868926],
         [ 332.29104282,  293.10428159],
         [ 334.81271342,  357.82716049],
         [ 319.68268978,  376.31941161],
         [ 297.82821119,  401.53611768],
         [ 267.56816391,  356.14604676],
         [ 277.65484634,  307.39374836],
         [ 220.49697925,  217.45416338],
         [ 203.68584187,  290.58261098],
         [ 192.75860257,  242.67086945],
         [ 175.9474652 ,  178.78854741],
         [ 171.74468085,  237.62752824],
         [ 145.68741791,  240.98975571],
         [  96.09456265,  171.22353559],
         [  53.22616233,  191.39690045],
         [  61.63173102,  220.81639086],
         [  33.05279748,  234.26530076],
         [  25.48778566,  266.20646178],
         [  18.76333071,  298.98817967],
         [  65.83451537,  274.61203047],
         [  98.61623325,  251.91699501],
         [  86.00788022,  297.30706593],
         [ 116.2679275 ,  330.92934069],
         [ 225.54032046,  283.85815603],
         [ 196.12083005,  325.88599947],
         [  28.00945626,  372.11662727],
         [   4.47386393,  388.08720778],
         [ 113.7462569 ,  377.15996848],
         [  86.84843709,  467.09955345],
         [ 132.23850801,  442.72340426],
         [ 181.83136328,  378.00052535],
         [ 212.09141056,  353.62437615],
         [ 244.87312845,  343.53769372],
         [ 216.2941949 ,  448.60730234],
         [ 250.75702653,  436.83950617],
         [ 985.8085744 ,  172.82751291],
         [ 939.77460837,  162.59774268],
         [ 934.65972326,  227.04529513],
         [ 968.41796501,  212.72361681],
         [1003.19918379,  226.02231811],
         [1006.26811486,  256.7116288 ],
         [ 979.67071227,  311.95238804],
         [ 934.65972326,  375.37696346],
         [1009.33704593,  389.69864178],
         [1003.19918379,  440.84749293],
         [ 896.80957341,  461.30703339],
         [ 318.06032266,  226.02231811],
         [ 184.56182116,  224.48785257],
         [ 142.61976322,  223.97636406],
         [   9.12126172,  258.24609433],
         [ 861.77261037,  192.77556486],
         [ 680.19418879,  245.45888154],
         [ 708.83754543,  233.18315727],
         [ 578.91946352,  237.78655387],
         [ 610.12026272,  241.36697345],
         [ 439.02735562,  241.87846196]]), array([[123]], dtype=uint8))]]
