[[(array([[  35.35696304,  501.34441558],
         [  48.65566434,  465.54021978],
         [  60.4199001 ,  497.25250749],
         [  19.50081918,  469.12063936],
         [   6.71360639,  460.42533467],
         [  34.84547453,  440.47728272],
         [  58.88543457,  398.53522478],
         [  73.7186014 ,  431.27048951],
         [  89.57474525,  474.23552448],
         [  65.0232967 ,  474.74701299],
         [ 133.05126873,  456.84491508],
         [ 107.98833167,  457.3564036 ],
         [ 121.28703297,  475.76999001],
         [ 141.74657343,  505.43632368],
         [ 169.36695305,  502.36739261],
         [ 172.94737263,  450.19556444],
         [ 192.38393606,  469.63212787],
         [ 234.07024975,  524.87288711],
         [ 246.34597403,  481.90785215],
         [ 270.89742258,  455.31044955],
         [ 244.30001998,  420.52923077],
         [ 304.65566434,  539.19456543],
         [ 323.06925075,  509.52823177],
         [ 379.33298701,  533.0567033 ],
         [ 452.98733267,  645.58417582],
         [ 488.79152847,  562.72303696],
         [ 410.0222977 ,  511.57418581],
         [ 418.20611389,  469.63212787],
         [ 326.13818182,  435.87388611],
         [ 347.6206993 ,  484.97678322],
         [ 455.03328671,  537.14861139],
         [ 468.33198801,  485.99976024],
         [ 437.64267732,  479.8618981 ],
         [ 436.6197003 ,  452.24151848],
         [ 423.320999  ,  438.94281718],
         [ 400.8155045 ,  444.0577023 ],
         [ 413.09122877,  413.36839161],
         [ 431.50481518,  407.23052947],
         [ 456.05626374,  417.4602997 ],
         [ 460.14817183,  450.19556444],
         [ 493.90641359,  464.51724276],
         [ 476.5158042 ,  418.48327672],
         [ 527.66465534,  538.17158841],
         [ 569.60671329,  551.47028971],
         [ 556.30801199,  599.55020979],
         [ 488.79152847,  529.98777223],
         [ 508.22809191,  509.52823177],
         [ 482.65366633,  510.55120879],
         [ 557.33098901,  476.79296703],
         [ 520.50381618,  467.58617383],
         [ 519.48083916,  434.85090909],
         [ 547.10121878,  437.91984016],
         [ 566.53778222,  445.08067932],
         [ 602.34197802,  471.67808192],
         [ 580.85946054,  489.06869131],
         [ 620.75556444,  573.97578422],
         [ 662.69762238,  563.74601399],
         [ 685.20311688,  517.71204795],
         [ 762.94937063,  578.06769231],
         [ 687.24907093,  659.90585415],
         [ 717.93838162,  647.63012987],
         [ 811.02929071,  656.83692308],
         [ 788.5237962 ,  606.71104895],
         [ 860.13218781,  637.40035964],
         [ 877.5227972 ,  591.36639361],
         [ 816.14417582,  576.02173826],
         [ 799.77654346,  548.40135864],
         [ 711.80051948,  555.5621978 ],
         [ 601.83048951,  552.49326673],
         [ 615.64067932,  534.59116883],
         [ 600.29602398,  527.43032967],
         [ 609.50281718,  503.90185814],
         [ 645.30701299,  481.39636364],
         [ 666.78953047,  452.75300699],
         [ 623.31300699,  461.44831169],
         [ 602.34197802,  453.2644955 ],
         [ 585.46285714,  439.45430569],
         [ 541.47484515,  411.32243756],
         [ 556.30801199,  423.59816184],
         [ 560.39992008,  406.71904096],
         [ 492.37194805,  414.90285714],
         [ 503.6246953 ,  383.19056943],
         [ 497.99832168,  383.19056943],
         [ 472.93538462,  366.31144855],
         [ 446.33798202,  371.93782218],
         [ 452.47584416,  355.57018981],
         [ 466.79752248,  357.10465534],
         [ 478.05026973,  350.96679321],
         [ 483.16515485,  344.31744256],
         [ 551.70461538,  384.21354645],
         [ 535.84847153,  376.02973027],
         [ 525.10721279,  379.09866134],
         [ 525.6187013 ,  355.0587013 ],
         [ 503.11320679,  371.93782218],
         [ 490.83748252,  360.68507493],
         [ 494.92939061,  351.98977023],
         [ 509.76255744,  344.82893107],
         [ 527.66465534,  343.80595405],
         [ 508.22809191,  357.10465534],
         [ 472.4238961 ,  477.81594406],
         [ 354.78153846,  396.48927073],
         [ 304.65566434,  424.10965035],
         [ 397.23508492,  426.66709291],
         [ 409.51080919,  430.24751249],
         [ 414.11420579,  394.44331668],
         [ 429.97034965,  391.37438561],
         [ 481.63068931,  379.61014985],
         [ 693.13118881,  493.67208791],
         [ 698.75756244,  477.81594406],
         [ 688.52779221,  460.93682318],
         [ 696.20011988,  438.94281718],
         [ 678.80951049,  435.87388611],
         [ 685.45886114,  419.50625375],
         [ 680.34397602,  410.29946054],
         [ 652.21210789,  413.87988012],
         [ 638.91340659,  440.47728272],
         [ 620.49982018,  430.759001  ],
         [ 632.26405594,  406.71904096],
         [ 602.59772228,  406.71904096],
         [ 582.64967033,  389.83992008],
         [ 556.56375624,  360.68507493],
         [ 541.73058941,  357.10465534],
         [ 543.26505495,  349.43232767],
         [ 549.91440559,  341.76      ],
         [ 568.83948052,  338.69106893],
         [ 560.65566434,  350.4553047 ],
         [ 571.90841159,  351.98977023],
         [ 578.55776224,  352.50125874],
         [ 577.53478521,  361.70805195],
         [ 593.39092907,  368.86889111],
         [ 590.321998  ,  353.01274725],
         [ 583.67264735,  348.92083916],
         [ 589.81050949,  344.31744256],
         [ 597.99432567,  341.24851149],
         [ 602.08623377,  347.89786214],
         [ 607.71260739,  350.4553047 ],
         [ 611.80451548,  364.77698302],
         [ 613.33898102,  354.54721279],
         [ 622.54577423,  356.59316683],
         [ 618.45386613,  349.94381618],
         [ 616.9194006 ,  392.90885115],
         [ 641.47084915,  379.61014985],
         [ 661.93038961,  401.60415584],
         [ 654.25806194,  377.05270729],
         [ 636.35596404,  343.29446553],
         [ 628.17214785,  351.98977023],
         [ 649.65466533,  339.71404595],
         [ 654.25806194,  359.15060939],
         [ 648.63168831,  349.43232767],
         [ 656.8155045 ,  348.92083916],
         [ 656.30401598,  341.24851149],
         [ 669.60271728,  348.92083916],
         [ 665.51080919,  341.24851149],
         [ 675.22909091,  379.09866134],
         [ 673.18313686,  394.95480519],
         [ 688.0163037 ,  388.81694306],
         [ 707.96435564,  393.93182817],
         [ 691.08523477,  375.00675325],
         [ 696.71160839,  381.14461538],
         [ 699.26905095,  365.28847153],
         [ 686.48183816,  367.33442557],
         [ 679.83248751,  357.61614386],
         [ 686.99332667,  346.87488511],
         [ 677.27504496,  345.34041958],
         [ 707.45286713,  364.77698302],
         [ 712.05626374,  359.6620979 ],
         [ 704.38393606,  350.96679321],
         [ 711.03328671,  347.38637363],
         [ 720.24007992,  351.47828172],
         [ 719.72859141,  384.21354645],
         [ 716.14817183,  428.20155844],
         [ 712.05626374,  413.36839161],
         [ 730.98133866,  411.83392607],
         [ 734.56175824,  390.35140859],
         [ 745.30301698,  400.06969031],
         [ 751.44087912,  415.92583417],
         [ 732.5158042 ,  446.10365634],
         [ 722.28603397,  440.98877123],
         [ 758.60171828,  440.98877123],
         [ 755.0212987 ,  469.63212787],
         [ 727.40091908,  475.2585015 ],
         [ 719.2171029 ,  484.46529471],
         [ 732.00431568,  523.84991009],
         [ 746.32599401,  503.39036963],
         [ 782.13018981,  509.01674326],
         [ 818.95736264,  517.20055944],
         [ 817.4228971 ,  496.22953047],
         [ 785.71060939,  473.72403596],
         [ 784.68763237,  447.63812188],
         [ 794.9174026 ,  445.08067932],
         [ 786.2220979 ,  428.71304695],
         [ 772.41190809,  422.0636963 ],
         [ 759.11320679,  399.04671329],
         [ 745.30301698,  369.38037962],
         [ 728.93538462,  371.42633367],
         [ 761.15916084,  363.75400599],
         [ 770.87744256,  363.75400599],
         [ 766.27404595,  350.96679321],
         [ 737.1192008 ,  353.52423576],
         [ 742.74557443,  344.82893107],
         [ 783.15316683,  385.74801199],
         [ 775.48083916,  412.34541459],
         [ 799.5207992 ,  406.71904096],
         [ 796.96335664,  389.83992008],
         [ 788.77954046,  372.44931069],
         [ 788.77954046,  359.6620979 ],
         [ 778.54977023,  347.89786214],
         [ 806.68163836,  356.59316683],
         [ 794.9174026 ,  346.87488511],
         [ 812.8195005 ,  450.19556444],
         [ 810.26205794,  426.66709291],
         [ 830.7215984 ,  422.57518482],
         [ 835.83648352,  432.80495504],
         [ 849.64667333,  489.58017982],
         [ 863.45686314,  527.43032967],
         [ 883.9164036 ,  479.35040959],
         [ 878.29002997,  458.89086913],
         [ 847.60071928,  459.91384615],
         [ 876.75556444,  442.01174825],
         [ 859.36495504,  431.27048951],
         [ 851.18113886,  419.50625375],
         [ 829.69862138,  409.27648352],
         [ 814.35396603,  400.06969031],
         [ 817.93438561,  370.91484515],
         [ 781.10721279,  325.90385614],
         [ 770.87744256,  326.92683317],
         [ 763.7166034 ,  329.48427572],
         [ 791.84847153,  338.17958042],
         [ 795.42889111,  321.81194805],
         [ 789.80251748,  330.50725275],
         [ 788.77954046,  319.25450549],
         [ 790.31400599,  314.13962038],
         [ 795.42889111,  314.65110889],
         [ 802.58973027,  312.60515485],
         [ 809.23908092,  305.44431568],
         [ 821.51480519,  306.46729271],
         [ 831.23308691,  296.23752248],
         [ 811.79652348,  347.89786214],
         [ 819.46885115,  340.73702298],
         [ 852.7156044 ,  403.13862138],
         [ 832.25606394,  372.9607992 ],
         [ 830.7215984 ,  386.77098901],
         [ 851.18113886,  368.3574026 ],
         [ 877.77854146,  379.61014985],
         [ 860.89942058,  391.88587413],
         [ 871.64067932,  407.74201798],
         [ 883.9164036 ,  409.78797203],
         [ 883.40491508,  423.08667333],
         [ 886.98533467,  394.95480519],
         [ 890.56575425,  377.05270729],
         [ 886.98533467,  353.52423576],
         [ 875.2210989 ,  355.57018981],
         [ 868.57174825,  351.98977023],
         [ 857.319001  ,  352.50125874],
         [ 845.04327672,  289.58817183],
         [ 852.7156044 ,  281.91584416],
         [ 855.78453546,  288.05370629],
         [ 859.87644356,  292.14561439],
         [ 884.42789211,  267.59416583],
         [ 877.26705295,  274.755005  ],
         [ 893.63468531,  272.19756244],
         [ 904.37594406,  252.24951049],
         [ 897.2151049 ,  252.24951049],
         [ 912.55976024,  265.03672328],
         [ 917.67464535,  250.71504496],
         [ 925.85846154,  249.18057942],
         [ 947.85246753,  242.53122877],
         [ 926.36995005,  388.81694306],
         [ 907.95636364,  393.42033966],
         [ 923.30101898,  411.32243756],
         [ 928.4159041 ,  432.29346653],
         [ 916.65166833,  445.59216783],
         [ 933.0193007 ,  475.2585015 ],
         [ 908.46785215,  516.68907093],
         [ 931.48483516,  506.4593007 ],
         [ 928.4159041 ,  549.93582418],
         [ 965.24307692,  661.83464535],
         [ 922.78953047,  629.09938062],
         [ 979.56475524,  574.8815984 ],
         [1009.74257742,  617.33514486],
         [1017.41490509,  522.70977023],
         [ 972.9154046 ,  538.56591409],
         [ 962.17414585,  449.56691309],
         [ 966.26605395,  425.52695305],
         [ 986.21410589,  433.19928072],
         [1000.53578422,  457.75072927],
         [1014.85746254,  412.73974026],
         [1018.94937063,  469.51496503],
         [1014.34597403,  488.44003996],
         [ 983.14517483,  412.22825175],
         [ 956.54777223,  408.64783217],
         [ 939.66865135,  410.69378621],
         [ 951.94437562,  393.81466533],
         [ 959.6167033 ,  380.51596404],
         [ 959.6167033 ,  361.0794006 ],
         [ 949.89842158,  359.03344655],
         [ 937.6226973 ,  369.26321678],
         [ 917.16315684,  364.65982018],
         [ 897.2151049 ,  358.52195804],
         [ 900.28403596,  346.75772228],
         [ 927.90441558,  349.82665335],
         [ 993.88643357,  363.12535465],
         [ 983.65666334,  367.72875125],
         [1006.67364635,  366.19428571],
         [ 984.16815185,  392.2801998 ],
         [1009.23108891,  394.83764236],
         [1005.39492507,  310.04771229],
         [1005.39492507,  286.51924076],
         [ 992.09622378,  322.32343656],
         [1017.67064935,  379.61014985],
         [ 968.76509599,  239.26841187]]), array([[311]], dtype=uint16))]]
