[[(array([[ 347.29220835,  402.33444592],
         [ 481.42319564,  381.31391806],
         [ 541.48184667,  312.24646938],
         [ 703.64020444,  375.30805296],
         [ 648.586441  ,  477.4077597 ],
         [ 735.67148499,  481.41166977],
         [ 770.70569808,  531.46054563],
         [ 915.84743807,  465.3960295 ],
         [ 950.88165116,  379.31196303],
         [  33.98624549,  198.13503243],
         [  47.99993073,  173.1105945 ],
         [  38.99113308,  150.08811161],
         [  89.04000894,  141.07931395],
         [  63.01459349,  140.07833644],
         [  50.00188577,  118.05683106],
         [  87.0380539 ,  110.04901092],
         [  91.04196397,   93.03239313],
         [  66.01752604,   69.00893272],
         [  50.00188577,   85.024573  ],
         [  42.99504315,  100.03923575],
         [  25.97842536,  124.06269616],
         [ 359.30393855,  498.42828756],
         [ 194.14264823,  465.3960295 ],
         [ 136.08595224,  414.34617612],
         [  46.99895322,  451.38234426],
         [  52.0038408 ,  520.44979294],
         [  94.04489652,  277.21225628],
         [  94.04489652,  245.18097573],
         [ 117.06737941,  205.14187505],
         [ 366.31078117,  196.1330774 ],
         [ 357.30198352,  166.10375188],
         [ 395.33912917,  131.06953878],
         [ 337.28243318,  133.07149382],
         [ 313.25897277,  153.09104416],
         [ 299.24528753,  104.04314582],
         [ 940.87187599,  143.08126899],
         [ 916.84841558,  146.08420154],
         [ 464.40657785,  166.10375188],
         [ 527.46816143,  131.06953878],
         [ 555.49553191,  160.09788678],
         [ 518.45936377,  191.12818981],
         [ 523.46425136,  229.16533546],
         [ 501.44274598,  240.17608815],
         [ 424.36747717,  208.1448076 ],
         [ 417.36063455,  183.12036967],
         [ 423.36649965,  120.0587861 ],
         [ 448.39093758,  145.08322402],
         [ 469.41146544,  126.0646512 ],
         [ 488.43003826,  114.05292099],
         [ 538.47891412,   85.024573  ],
         [ 326.27168049,  275.21030125],
         [ 260.20716436,  277.21225628],
         [ 209.15731099,  316.25037945],
         [ 294.24039994,  342.27579489],
         [ 161.11039017,  269.20443614],
         [  37.99015556,  344.27774993],
         [   7.96083005,  272.2073687 ],
         [  81.0321888 ,  213.14969519],
         [   2.95594246,  226.16240291],
         [ 117.06737941,  164.10179685],
         [ 179.12798547,  184.12134719],
         [ 184.13287306,  147.08517906],
         [ 206.15437844,  146.08420154],
         [ 221.16904119,  156.09397671],
         [ 223.17099623,  189.12623478],
         [ 240.18761402,  226.16240291],
         [ 257.20423181,  203.13992002],
         [ 280.2267147 ,  173.1105945 ],
         [ 306.25213015,  233.16924553],
         [ 391.3352191 ,  274.20932373],
         [ 407.35085938,  330.26406469],
         [ 634.56737416,  188.39971884],
         [ 659.35502171,  178.90657722],
         [ 676.23171791,  150.95454914],
         [ 679.39609845,  107.18061836],
         [ 706.29333302,   97.68747675],
         [ 716.84126815,  135.13264645],
         [ 740.04672542,  141.98880428],
         [ 737.40974164,  123.00252105],
         [ 757.97821514,   99.79706377],
         [ 794.36859133,  106.65322161],
         [ 783.8206562 ,  144.62578806],
         [ 765.36176973,  163.61207129],
         [ 746.90288326,  203.16682801],
         [ 811.77268428,  206.85860531],
         [ 810.71789077,  235.33803015],
         [ 860.82058262,  196.83806694],
         [ 831.81376102,  179.43397398],
         [ 842.88909291,  126.16690159],
         [ 855.0192183 ,  119.83814051],
         [ 884.0260399 ,   92.41350918],
         [ 889.82740422,   63.93408434],
         [ 854.49182155,   70.79024218],
         [ 845.52607669,   89.24912865],
         [ 821.2658259 ,  111.39979241],
         [ 812.30008104,   87.13954162],
         [ 774.32751458,   75.53681298],
         [ 775.90970485,   56.55052975],
         [ 786.98503674,   53.91354597],
         [ 744.26589947,   57.07792651],
         [ 720.53304544,   67.09846488],
         [ 709.45771356,   62.35189407],
         [ 689.41663682,   53.38614922],
         [ 666.21117954,   83.44776433],
         [ 608.7249331 ,   93.99569945],
         [ 606.61534607,  125.11210808],
         [ 635.62216767,  126.16690159],
         [ 602.39617202,  144.0983913 ],
         [ 568.11538286,  101.9066508 ],
         [ 577.60852448,   69.73544866],
         [ 571.2797634 ,   61.29710056],
         [ 579.19071474,   49.16697517],
         [ 623.49204228,   66.04367137],
         [ 611.36191688,   56.55052975],
         [ 646.69749955,   46.52999138],
         [ 683.08787574,  249.05034581],
         [ 697.32758816,  316.55713062],
         [ 767.99875351,  284.38592849],
         [ 742.15631245,  265.92704202],
         [ 624.01943903,  224.26269827],
         [ 589.21125311,  201.05724099],
         [ 580.77290501,  270.67361282],
         [ 839.72471237,   62.35189407],
         [ 859.23839235,   52.85875246],
         [ 720.53304544,   38.09164328],
         [ 656.71803792,   51.80395895],
         [ 646.69749955,   77.64640001],
         [ 658.30022819,   67.62586164],
         [ 566.00579584,   45.47519787],
         [ 952.06022147,  242.72158474],
         [1001.63551656,  220.04352422],
         [ 957.33418903,  204.22162153],
         [ 928.32736743,  182.59835452],
         [ 885.08083341,  178.37918047],
         [1010.07386466,  131.44086915],
         [1016.40262574,  112.98198268],
         [ 980.01224955,  118.25595024],
         [1007.43688088,  101.9066508 ],
         [ 971.57390145,   99.26966702],
         [ 986.86840738,   92.41350918],
         [ 970.51910794,   60.24230705],
         [ 953.64241174,   79.22859028],
         [ 921.99860636,   74.48201947],
         [ 928.85476419,  115.09156971],
         [1010.07386466,   71.31763893],
         [1021.14919655,   62.87929083],
         [1019.03960952,   49.16697517],
         [ 972.62869496,   47.5847849 ],
         [ 937.82050905,   45.47519787],
         [ 942.56707985,   38.09164328],
         [ 927.27257392,   54.96833949],
         [ 914.61505177,   49.69437192],
         [ 922.52600311,   36.50945301],
         [ 738.99193191,  100.85185729],
         [ 401.00546426,   77.99081198],
         [ 374.95460853,   98.34304302],
         [ 367.62780536,   76.76967812],
         [ 389.60821488,   53.56813473],
         [ 427.05632   ,   40.54270686],
         [ 433.97607855,   47.86951004],
         [ 442.93106021,   63.33720563],
         [ 454.73535421,   76.3626335 ],
         [ 486.48483464,   72.29218729],
         [ 477.9368976 ,   52.34700087],
         [ 503.98775334,   47.0554208 ],
         [ 508.46524417,   62.93016101],
         [ 517.82727044,   53.56813473],
         [ 543.47108156,   56.8244917 ],
         [ 537.77245687,   69.44287494],
         [ 530.03860907,   23.85387741],
         [ 514.57091348,   30.77363596],
         [ 497.06799478,   21.00456506],
         [ 478.75098684,   35.25112679],
         [ 479.56507609,   21.41160968],
         [ 460.43397891,   31.18068058],
         [ 460.02693429,   13.67776189],
         [ 445.78037256,   17.74820809],
         [ 438.04652476,   29.95954672],
         [ 420.54360606,   16.93411885],
         [ 405.07591047,   24.26092203],
         [ 400.59841964,   13.67776189],
         [ 385.13072405,   18.15525272],
         [ 395.71388419,   34.02999293],
         [ 375.76869777,   46.64837617],
         [ 360.7080468 ,   57.23153632],
         [ 357.04464521,   25.07501127],
         [ 367.62780536,    9.20027106],
         [ 474.68054064,   10.82844954],
         [ 538.99359073,   19.7834312 ],
         [ 557.71764329,    9.20027106],
         [ 570.33602653,   29.14545748],
         [ 587.43190061,   14.08480651],
         [ 611.04048862,   29.14545748],
         [ 617.14615793,   42.17088535],
         [ 683.49443113,   30.77363596],
         [ 696.51985899,   31.99476982],
         [ 671.2830925 ,   18.56229734],
         [ 665.17742319,    9.20027106],
         [ 646.86041525,   10.82844954],
         [ 628.95045193,    6.35095871],
         [ 572.77829426,   10.82844954],
         [ 539.80767997,   45.02019769],
         [ 755.54132901,   29.95954672],
         [ 750.24974894,   77.99081198],
         [ 431.94085545,  185.8576365 ],
         [ 124.80367339,  119.68701242],
         [ 139.68330692,   84.29761375],
         [ 128.02089145,   85.90622278],
         [ 130.83595726,   65.7986099 ],
         [  95.04440633,   65.7986099 ],
         [  97.05516762,   36.4414951 ],
         [ 120.78215082,   39.65871316],
         [ 138.87900241,   34.02858155],
         [ 166.62750818,   46.49530154],
         [ 160.99737658,   69.01582796],
         [ 189.95233912,   73.84165506],
         [ 179.09422817,   85.90622278],
         [ 196.7889275 ,  105.61168341],
         [ 231.37402166,   88.31913633],
         [ 212.07071329,  109.63320598],
         [ 242.23213261,   84.69976601],
         [ 261.13328872,   92.34065891],
         [ 255.90530937,  114.45903307],
         [ 280.83874934,   78.66748215],
         [ 304.16358028,   86.7105273 ],
         [ 309.39155963,   57.75556475],
         [ 142.09622047,   23.1704706 ],
         [ 148.53065659,   16.33388222],
         [ 167.83396496,   36.03934284],
         [ 171.85548753,   19.14894802],
         [ 190.35449138,   34.02858155],
         [ 191.1587959 ,   17.94249125],
         [ 185.52866429,    9.49729384],
         [ 236.60200101,   23.1704706 ],
         [ 245.85150293,   25.58338414],
         [ 232.98263069,   44.48454025],
         [ 239.41706681,   61.37493507],
         [ 215.28793135,   44.48454025],
         [ 115.15201921,   19.14894802],
         [ 110.72834438,   29.20275446],
         [  89.01212246,   16.73603448],
         [  74.53464119,   30.81136349],
         [  79.76262054,   22.36616608],
         [  66.49159604,   21.96401383],
         [  56.83994186,   40.86516993],
         [  64.88298701,   50.11467186],
         [  41.15600381,   39.65871316],
         [  30.70004511,   56.54910798],
         [  20.64623867,   65.7986099 ],
         [  13.80965029,   47.29960605],
         [  26.27637028,   34.02858155],
         [  12.60319352,   16.33388222],
         [  44.77537413,    9.09514158],
         [  40.35169929,   25.58338414],
         [ 104.29390825,    6.28007578],
         [ 145.31343853,    8.29083707],
         [ 167.02966044,    5.07361901],
         [ 265.95911581,   66.20076216],
         [ 269.17633387,   48.50606283],
         [ 290.49040353,   52.12543315],
         [ 292.90331707,   67.40721893],
         [ 344.7809583 ,   63.38569636],
         [ 335.53145638,   54.13619443],
         [ 337.14006541,   35.23503833],
         [ 343.97665379,   27.99629769],
         [ 349.60678539,   20.35540479],
         [ 338.34652218,    6.28007578],
         [ 300.54420997,    5.07361901],
         [ 287.67533772,   13.92096867],
         [ 276.41507451,   12.7145119 ],
         [ 262.74189775,   19.14894802],
         [ 272.79570419,   26.78984092],
         [ 329.49917251,   79.06963441],
         [ 743.94398197,   18.57490958],
         [ 720.53989475,   13.98587287],
         [ 748.07411501,    4.80779945],
         [ 796.25900048,    5.72560679],
         [ 791.2110601 ,   13.5269692 ],
         [ 817.82747302,    7.56122147],
         [ 824.25212441,    4.34889578],
         [ 823.79322074,   19.95162059],
         [ 839.39594556,   13.5269692 ],
         [ 807.27268858,   26.83517566],
         [ 791.2110601 ,   31.88311604],
         [ 843.98498227,   33.25982706],
         [ 868.30687684,   26.37627199],
         [ 883.90960166,   24.99956098],
         [ 872.43700988,   14.44477654],
         [ 882.53289064,    8.93793249],
         [ 907.31368888,   31.42421237],
         [ 905.4780742 ,   21.78723528],
         [ 932.09448712,   10.3146435 ],
         [ 947.69721194,   20.41052426],
         [ 982.11498727,   24.99956098],
         [1008.73140019,   11.23245084],
         [1001.84784513,   25.45846465],
         [ 985.91586426,   11.95321425],
         [ 876.8093149 ,  386.31880565],
         [ 900.83277531,  330.26406469],
         [ 619.558093  ,  148.08615657],
         [ 155.43451765,  211.66472854],
         [ 311.95000217,   34.17821505],
         [ 297.62832385,   38.27012315],
         [ 313.99595621,   20.87951375],
         [ 316.04191026,    9.6267665 ],
         [ 250.57138079,    9.6267665 ],
         [ 243.41054163,    9.6267665 ],
         [ 228.06588628,    5.53485841],
         [ 224.99695521,   22.9254678 ],
         [ 211.69825392,   12.69569757],
         [ 213.74420796,    3.48890436],
         [ 117.5843678 ,    9.6267665 ],
         [  67.45849368,    5.53485841],
         [  82.80314902,    7.58081246],
         [ 143.15879338,  146.70568758],
         [ 179.9859662 ,   66.91347979],
         [ 192.26169048,   55.66073254],
         [ 201.46848369,   49.5228704 ],
         [ 266.93901316,    5.53485841],
         [ 456.18976241,   52.59180147],
         [ 449.02892325,    4.51188139],
         [ 427.54640576,    4.51188139],
         [ 401.97198019,    4.51188139],
         [ 352.86908309,    7.58081246],
         [ 500.1777744 ,    9.6267665 ],
         [ 508.36159058,   10.64974352],
         [ 518.59136081,    6.55783543],
         [ 624.9809712 ,  313.45094233],
         [ 667.94600616,   33.15523803],
         [ 686.35959258,    7.58081246],
         [ 703.75020197,   13.71867459],
         [ 702.72722495,   22.9254678 ],
         [ 688.40554662,   20.87951375],
         [ 637.25669547,   31.10928398],
         [ 653.62432784,   29.06332994],
         [ 731.37058159,    7.58081246],
         [ 710.91104113,    6.55783543],
         [ 799.91004213,   49.5228704 ],
         [ 800.93301915,   40.31607719],
         [ 963.5863658 ,   24.97142185],
         [ 927.78217   ,   25.99439887],
         [ 946.19575641,    5.53485841],
         [ 914.4834687 ,    7.58081246],
         [ 916.52942275,   14.74165162],
         [ 972.79315901,   10.64974352],
         [1001.43651565,   45.43096231],
         [ 997.34460756,   53.61477849],
         [ 988.13781436,   63.84454872],
         [ 989.16079138,   75.09729597],
         [ 969.72422794,  544.64374952]]), array([[350]], dtype=uint16))]]
