[[(array([[3.64677104e+01, 2.85749511e+02],
         [3.45596869e+01, 2.76209393e+02],
         [8.48336595e+00, 2.59673190e+02],
         [5.87279843e+01, 2.80661448e+02],
         [7.90802348e+01, 2.81933464e+02],
         [8.22602740e+01, 2.96561644e+02],
         [8.28962818e+01, 2.53313112e+02],
         [8.79843444e+01, 2.69213307e+02],
         [1.01340509e+02, 2.71121331e+02],
         [1.12152642e+02, 2.83205479e+02],
         [1.28688845e+02, 2.81297456e+02],
         [1.40772994e+02, 3.03557730e+02],
         [1.77661448e+02, 2.98469667e+02],
         [1.84021526e+02, 2.83205479e+02],
         [1.74481409e+02, 2.67941292e+02],
         [1.30596869e+02, 2.48861057e+02],
         [1.30596869e+02, 2.39320939e+02],
         [1.40772994e+02, 2.34232877e+02],
         [1.56037182e+02, 2.32960861e+02],
         [1.82749511e+02, 2.41864971e+02],
         [1.87837573e+02, 2.26600783e+02],
         [2.08825832e+02, 2.31052838e+02],
         [2.22181996e+02, 2.37412916e+02],
         [2.29178082e+02, 2.76209393e+02],
         [2.13277886e+02, 2.96561644e+02],
         [2.11369863e+02, 3.03557730e+02],
         [2.02465753e+02, 3.21365949e+02],
         [2.51438356e+02, 2.73029354e+02],
         [2.73698630e+02, 2.90837573e+02],
         [2.68610568e+02, 3.22637965e+02],
         [3.10587084e+02, 2.99105675e+02],
         [2.94050881e+02, 2.78753425e+02],
         [2.99774951e+02, 2.57129159e+02],
         [2.57798434e+02, 2.41228963e+02],
         [2.43806262e+02, 2.48225049e+02],
         [3.45567515e+02, 3.09281800e+02],
         [3.67191781e+02, 3.17549902e+02],
         [3.93268102e+02, 3.19457926e+02],
         [4.12348337e+02, 2.97197652e+02],
         [4.34608611e+02, 3.20729941e+02],
         [3.59559687e+02, 2.83841487e+02],
         [3.60195695e+02, 2.71757339e+02],
         [3.84363992e+02, 2.71757339e+02],
         [4.01536204e+02, 2.68577299e+02],
         [4.17436399e+02, 2.51405088e+02],
         [4.00264188e+02, 2.40592955e+02],
         [4.41604697e+02, 2.44409002e+02],
         [4.38424658e+02, 2.21512720e+02],
         [4.03444227e+02, 2.13880626e+02],
         [3.87544031e+02, 2.18332681e+02],
         [3.73551859e+02, 2.10064579e+02],
         [3.53199609e+02, 2.34868885e+02],
         [3.23307241e+02, 2.45045010e+02],
         [3.25215264e+02, 2.17060665e+02],
         [3.56379648e+02, 2.03704501e+02],
         [3.88180039e+02, 1.82716243e+02],
         [4.13620352e+02, 1.92892368e+02],
         [4.25704501e+02, 1.51551859e+02],
         [4.25704501e+02, 1.44555773e+02],
         [4.33972603e+02, 9.87632094e+01],
         [2.85146771e+02, 2.36140900e+02],
         [3.05499022e+02, 2.34868885e+02],
         [2.74334638e+02, 2.01796477e+02],
         [3.01046967e+02, 1.96072407e+02],
         [2.67974560e+02, 1.94164384e+02],
         [2.85146771e+02, 1.82716243e+02],
         [3.29667319e+02, 1.72540117e+02],
         [3.02954990e+02, 1.69996086e+02],
         [2.78150685e+02, 1.41375734e+02],
         [2.57162427e+02, 1.39467710e+02],
         [2.50802348e+02, 1.57911937e+02],
         [2.36810176e+02, 1.76992172e+02],
         [2.28542074e+02, 1.52823875e+02],
         [2.25998043e+02, 1.42647750e+02],
         [2.14549902e+02, 2.08156556e+02],
         [1.97377691e+02, 2.03704501e+02],
         [1.73845401e+02, 1.98616438e+02],
         [1.91017613e+02, 1.36923679e+02],
         [1.92925636e+02, 1.23567515e+02],
         [1.91017613e+02, 1.83988258e+02],
         [1.61761252e+02, 1.83988258e+02],
         [1.56037182e+02, 1.61727984e+02],
         [1.54129159e+02, 1.40103718e+02],
         [1.29324853e+02, 1.43919765e+02],
         [1.38228963e+02, 1.88440313e+02],
         [1.19148728e+02, 2.07520548e+02],
         [1.17876712e+02, 2.00524462e+02],
         [1.08336595e+02, 1.94164384e+02],
         [8.73483366e+01, 2.00524462e+02],
         [7.84442270e+01, 2.22148728e+02],
         [8.79843444e+01, 2.31052838e+02],
         [5.68199609e+01, 2.46953033e+02],
         [5.04598826e+01, 2.50769080e+02],
         [2.43835616e+01, 2.39956947e+02],
         [3.39530333e+00, 2.22148728e+02],
         [2.75929550e+00, 2.09428571e+02],
         [3.45596869e+01, 2.21512720e+02],
         [7.59001957e+01, 1.94164384e+02],
         [5.74559687e+01, 1.82716243e+02],
         [4.98238748e+01, 1.70632094e+02],
         [4.72798434e+01, 1.58547945e+02],
         [3.39236791e+01, 1.65544031e+02],
         [1.03913894e+01, 1.80808219e+02],
         [7.65362035e+01, 1.70632094e+02],
         [9.05283757e+01, 1.52823875e+02],
         [9.37084149e+01, 1.60455969e+02],
         [1.16604697e+02, 1.36923679e+02],
         [8.73483366e+01, 1.33743640e+02],
         [9.18003914e+01, 1.26111546e+02],
         [1.12788650e+02, 1.21659491e+02],
         [7.27201566e+01, 1.21023483e+02],
         [7.90802348e+01, 9.49471624e+01],
         [9.68884540e+01, 9.11311155e+01],
         [1.07700587e+02, 9.81272016e+01],
         [1.10880626e+02, 8.66790607e+01],
         [1.35684932e+02, 1.00035225e+02],
         [1.36956947e+02, 1.05759295e+02],
         [1.39500978e+02, 1.15935421e+02],
         [1.63033268e+02, 1.28019569e+02],
         [1.61761252e+02, 1.20387476e+02],
         [1.61761252e+02, 9.93992172e+01],
         [1.66849315e+02, 9.49471624e+01],
         [1.86565558e+02, 1.02579256e+02],
         [1.91653620e+02, 9.04951076e+01],
         [2.25362035e+02, 1.02579256e+02],
         [2.39990215e+02, 9.04951076e+01],
         [2.67974560e+02, 9.87632094e+01],
         [2.92778865e+02, 1.14663405e+02],
         [2.94050881e+02, 1.05759295e+02],
         [3.16947162e+02, 1.19115460e+02],
         [3.33483366e+02, 1.12755382e+02],
         [3.32211350e+02, 1.43283757e+02],
         [3.51291585e+02, 1.48371820e+02],
         [3.64011742e+02, 1.47099804e+02],
         [3.66555773e+02, 1.26747554e+02],
         [3.74823875e+02, 9.81272016e+01],
         [3.38571429e+02, 9.04951076e+01],
         [3.48111546e+02, 7.45949119e+01],
         [3.74823875e+02, 7.01428571e+01],
         [3.74823875e+02, 6.12387476e+01],
         [3.82455969e+02, 5.67866928e+01],
         [4.03444227e+02, 8.98590998e+01],
         [3.84363992e+02, 1.01307241e+02],
         [4.21888454e+02, 7.01428571e+01],
         [4.23796477e+02, 4.40665362e+01],
         [4.08532290e+02, 1.29021526e+01],
         [3.86908023e+02, 1.67181996e+01],
         [3.54471624e+02, 1.86262231e+01],
         [3.62739726e+02, 4.08864971e+01],
         [3.17583170e+02, 5.48786693e+01],
         [3.02954990e+02, 7.14148728e+01],
         [2.93414873e+02, 6.88708415e+01],
         [2.81966732e+02, 6.25107632e+01],
         [3.21399217e+02, 4.08864971e+01],
         [3.20127202e+02, 3.00743640e+01],
         [3.25851272e+02, 1.16301370e+01],
         [3.01682975e+02, 7.81409002e+00],
         [2.80058708e+02, 2.05342466e+01],
         [2.59070450e+02, 1.73542074e+01],
         [2.55254403e+02, 1.16301370e+01],
         [2.36810176e+02, 1.79902153e+01],
         [2.29178082e+02, 1.67181996e+01],
         [2.18365949e+02, 1.16301370e+01],
         [1.89109589e+02, 1.16301370e+01],
         [1.95469667e+02, 4.27945205e+01],
         [1.88473581e+02, 6.56908023e+01],
         [2.01193738e+02, 7.65029354e+01],
         [2.29178082e+02, 7.33228963e+01],
         [2.28542074e+02, 6.12387476e+01],
         [2.15821918e+02, 4.97906067e+01],
         [2.35538160e+02, 4.97906067e+01],
         [1.76389432e+02, 7.45949119e+01],
         [1.52857143e+02, 7.71389432e+01],
         [1.63669276e+02, 5.04266145e+01],
         [1.57309198e+02, 4.27945205e+01],
         [1.57945205e+02, 3.45264188e+01],
         [1.57309198e+02, 1.73542074e+01],
         [1.71301370e+02, 7.81409002e+00],
         [1.29960861e+02, 1.29021526e+01],
         [1.38864971e+02, 1.41741683e+01],
         [1.47769080e+02, 1.79902153e+01],
         [1.08336595e+02, 4.63405088e+00],
         [1.19784736e+02, 1.45401174e+00],
         [1.70029354e+02, 1.81996086e-01],
         [2.01193738e+02, 8.18003914e-01],
         [1.69393346e+02, 2.72602740e+00],
         [4.05352250e+02, 2.72602740e+00],
         [7.65362035e+01, 1.35381605e+01],
         [6.25440313e+01, 1.48101761e+01],
         [4.15557730e+01, 1.60821918e+01],
         [3.90117417e+01, 7.81409002e+00],
         [3.13796477e+01, 1.29021526e+01],
         [9.75538160e+00, 1.92622309e+01],
         [2.81996086e+01, 2.62583170e+01],
         [6.57534247e+00, 4.34305284e+01],
         [1.86594912e+01, 4.34305284e+01],
         [3.83757339e+01, 3.89784736e+01],
         [6.63600783e+01, 4.59745597e+01],
         [6.25440313e+01, 5.42426614e+01],
         [8.41682975e+01, 5.23346380e+01],
         [9.94324853e+01, 5.23346380e+01],
         [1.18512720e+02, 5.67866928e+01],
         [1.27416830e+02, 4.97906067e+01],
         [1.00704501e+02, 3.19823875e+01],
         [1.08336595e+02, 3.19823875e+01],
         [2.12328767e+00, 8.60430528e+01],
         [4.85518591e+01, 8.54070450e+01],
         [6.12720157e+01, 8.66790607e+01],
         [7.71722114e+01, 7.01428571e+01],
         [2.09461840e+02, 9.43111546e+01],
         [3.74823875e+02, 1.75084149e+02]]), array([[211]], dtype=uint8))]]
