[[(array([[  39.61647355,  103.92335102],
         [  27.92697583,  119.11969805],
         [  67.08679318,  108.5991501 ],
         [  75.85391647,  130.22472088],
         [ 121.44295757,  143.66764325],
         [ 140.14615391,  111.52152453],
         [ 149.49775209,  101.00097659],
         [ 185.73519501,   95.15622773],
         [ 185.73519501,  108.5991501 ],
         [ 272.23747811,   99.24755193],
         [ 258.21008085,   99.24755193],
         [ 245.93610825,  119.70417294],
         [ 219.63473839,  143.66764325],
         [ 179.30597127,  124.37997202],
         [ 162.35619958,  140.74526883],
         [ 150.08222697,  155.94161586],
         [ 203.26944159,  159.44846517],
         [ 236.00003519,  155.94161586],
         [ 269.31510369,  155.94161586],
         [ 254.70323154,  146.0055428 ],
         [ 318.4109941 ,  148.34344234],
         [ 329.51601693,  174.6448122 ],
         [ 352.89501236,  160.61741494],
         [ 330.6849667 ,  210.88225513],
         [ 317.82651921,  207.9598807 ],
         [ 229.57081145,  245.36627339],
         [ 110.33793474,  219.06490353],
         [  92.80368816,  250.62654736],
         [  42.53884798,  332.45303138],
         [ 205.60734113,  363.43020033],
         [ 351.1415877 ,  355.24755193],
         [ 290.94067446,  286.86399029],
         [ 390.88587994,  214.97357933],
         [ 383.28770643,  295.04663869],
         [ 404.9132772 ,  351.15622773],
         [ 435.30597127,  310.82746061],
         [ 476.80368816,  262.31604508],
         [ 462.19181601,  220.2338533 ],
         [ 429.46122241,  189.84115924],
         [ 416.01830003,  171.72243778],
         [ 428.87674752,  137.8228944 ],
         [ 464.52971556,  179.32061129],
         [ 487.90871099,  193.34800855],
         [ 497.26030916,  208.54435558],
         [ 523.56167903,  227.24755193],
         [ 526.48405346,  189.84115924],
         [ 492.58451008,  153.60371631],
         [ 508.365332  ,  135.48499485],
         [ 541.0959256 ,  177.56718663],
         [ 577.91784341,  150.68134189],
         [ 626.42925894,  127.88682134],
         [ 656.821953  ,  158.2795154 ],
         [ 660.32880232,  137.23841951],
         [ 688.96807172,  163.53978937],
         [ 707.67126807,  161.20188983],
         [ 705.33336853,  182.24298572],
         [ 669.0959256 ,  187.50325969],
         [ 658.57537766,  221.40280307],
         [ 655.06852834,  257.05577111],
         [ 673.77172469,  282.1881912 ],
         [ 699.48861967,  266.99184417],
         [ 720.52971556,  255.88682134],
         [ 742.15528633,  285.11056563],
         [ 773.13245528,  272.83659303],
         [ 886.52058314,  462.79093093],
         [ 904.6393046 ,  396.16079394],
         [ 907.56167903,  330.69960673],
         [ 855.54341419,  372.19732362],
         [ 852.62103976,  328.94618207],
         [ 836.84021784,  396.74526883],
         [ 781.31510369,  370.44389896],
         [ 686.63017218,  403.17449257],
         [ 663.25117674,  364.5991501 ],
         [ 700.07309455,  359.33887613],
         [ 590.7762909 ,  407.26581677],
         [ 598.37446442,  477.98727796],
         [ 558.04569729,  371.61284873],
         [ 540.51145072,  287.44846517],
         [ 629.93610825,  300.89138755],
         [ 583.76259227,  247.70417294],
         [ 608.31053748,  253.54892179],
         [ 802.94067446,  191.01010901],
         [ 811.70779775,  174.06033732],
         [ 784.821953  ,  162.3708396 ],
         [ 861.97263793,  203.28408161],
         [ 857.29683885,  247.70417294],
         [ 846.19181601,  269.9142186 ],
         [ 802.94067446,  245.36627339],
         [ 814.04569729,  317.25668435],
         [ 766.70323154,  314.91878481],
         [ 567.98177035,  242.44389896],
         [ 404.9132772 ,  219.06490353],
         [ 614.15528633,  261.14709531],
         [ 957.15942375,  474.9402428 ],
         [ 944.88369947,  312.28689615],
         [ 927.49309008,  252.95422882],
         [ 933.63095222,  205.89728576],
         [ 969.43514802,  208.96621683],
         [1012.40018299,  274.4367463 ],
         [ 975.57301016,  297.96521783],
         [1018.53804513,  314.33285019],
         [ 118.31826491,   66.77241063],
         [  65.12345971,   70.86431873],
         [  33.411172  ,   60.6345485 ],
         [ 227.77680637,   44.26691613],
         [ 273.8107724 ,   45.28989315],
         [ 792.46012305,   23.80737567],
         [ 975.57301016,   71.88729575],
         [1009.33125192,   54.49668636],
         [ 720.85173144,  336.8383447 ],
         [ 662.54204113,  320.47071233]]), array([[111]], dtype=uint8))]]
