[[(array([[273.82134293, 350.25819345],
         [340.5039968 , 375.84572342],
         [  4.95843325, 424.7256195 ],
         [ 53.41966427, 443.33473221],
         [ 39.85051958, 466.20843325],
         [  2.63229416, 466.98381295],
         [ 14.26298961, 506.14048761],
         [  8.44764189, 530.56494804],
         [ 23.56754596, 539.48181455],
         [ 36.36131095, 521.26039169],
         [ 70.86570743, 538.318745  ],
         [ 64.66266986, 511.18045564],
         [ 95.29016787, 510.01738609],
         [ 69.70263789, 475.90067946],
         [ 61.56115108, 458.84232614],
         [  7.86610711, 585.19824141],
         [ 26.47521982, 606.9088729 ],
         [108.66546763, 485.17426059],
         [112.73621103, 526.30035971],
         [130.1822542 , 531.34032774],
         [ 90.25019984, 537.54336531],
         [113.12390088, 596.08453237],
         [125.14228617, 593.75839329],
         [ 72.80415667, 599.18605116],
         [158.09592326, 586.77997602],
         [129.01918465, 579.02617906],
         [144.91446843, 514.66966427],
         [160.42206235, 525.13729017],
         [174.76658673, 527.46342926],
         [161.97282174, 546.07254197],
         [184.84652278, 553.05095923],
         [198.02797762, 543.35871303],
         [224.77857714, 568.94624301],
         [215.86171063, 599.18605116],
         [179.41886491, 604.61370903],
         [198.02797762, 506.52817746],
         [173.60351719, 504.58972822],
         [163.52358114, 439.07014388],
         [208.10791367, 456.1284972 ],
         [213.53557154, 487.14368505],
         [227.88009592, 483.65447642],
         [241.44924061, 513.11890488],
         [237.57234213, 501.10051958],
         [232.14468425, 538.70643485],
         [217.41247002, 539.0941247 ],
         [256.95683453, 548.39868106],
         [276.72901679, 533.66646683],
         [298.05195843, 546.46023181],
         [286.03357314, 591.4322542 ],
         [255.79376499, 601.8998801 ],
         [318.98721023, 576.70003997],
         [324.80255795, 565.06934452],
         [342.24860112, 576.31235012],
         [348.06394884, 600.3491207 ],
         [315.88569145, 531.34032774],
         [309.29496403, 520.09732214],
         [346.9008793 , 531.34032774],
         [327.90407674, 511.18045564],
         [335.27018385, 501.10051958],
         [309.68265388, 490.24520384],
         [320.15027978, 485.20523581],
         [290.68585132, 503.81434852],
         [249.59072742, 491.02058353],
         [263.9352518 , 483.65447642],
         [270.52597922, 473.96223022],
         [267.81215028, 454.57773781],
         [305.0303757 , 466.5961231 ],
         [334.10711431, 471.63609113],
         [353.87929656, 476.67605915],
         [370.93764988, 451.86390887],
         [369.38689049, 488.69444444],
         [372.10071942, 502.26358913],
         [368.22382094, 519.70963229],
         [379.07913669, 527.8511191 ],
         [394.58673062, 542.58333333],
         [367.0607514 , 604.61370903],
         [384.50679456, 581.74000799],
         [373.65147882, 590.6568745 ],
         [407.76818545, 551.11250999],
         [441.88489209, 554.21402878],
         [470.186251  , 568.55855316],
         [439.94644285, 601.51219025],
         [412.80815348, 585.22921663],
         [394.58673062, 610.04136691],
         [434.90647482, 533.66646683],
         [438.00799361, 505.75279776],
         [397.6882494 , 502.65127898],
         [405.82973621, 455.35311751],
         [389.93445244, 444.88549161],
         [398.07593925, 442.17166267],
         [376.7529976 , 429.76558753],
         [426.76498801, 460.00539568],
         [422.88808953, 442.55935252],
         [443.04796163, 443.33473221],
         [426.37729816, 427.43944844],
         [437.62030376, 386.34432454],
         [459.33093525, 398.75039968],
         [481.81694644, 411.93185452],
         [472.51239009, 437.51938449],
         [455.45403677, 490.63289369],
         [482.59232614, 495.28517186],
         [467.08473221, 532.50339728],
         [372.48840927, 368.12290168],
         [459.33093525, 362.6952438 ],
         [484.33693046, 591.81994404],
         [497.51838529, 582.12769784],
         [497.13069544, 567.39548361],
         [508.37370104, 535.21722622],
         [506.82294165, 519.32194245],
         [510.31215028, 493.34672262],
         [523.49360512, 486.7559952 ],
         [523.49360512, 460.00539568],
         [495.9676259 , 444.88549161],
         [519.61670663, 432.47941647],
         [541.71502798, 419.68565148],
         [539.77657874, 447.98701039],
         [557.61031175, 467.3715028 ],
         [554.50879297, 495.28517186],
         [545.59192646, 504.97741807],
         [573.11790568, 501.48820943],
         [563.42565947, 495.67286171],
         [597.93005596, 557.31554756],
         [602.97002398, 576.31235012],
         [653.75739408, 556.54016787],
         [628.16986411, 558.47861711],
         [643.67745803, 586.39228617],
         [656.08353317, 592.59532374],
         [692.91406875, 588.71842526],
         [594.44084732, 595.69684253],
         [618.86530775, 574.37390088],
         [637.86211031, 573.98621103],
         [620.80375699, 491.40827338],
         [299.02118305, 606.55215827],
         [492.09072742, 475.51298961],
         [585.91167066, 449.92545963],
         [596.76698641, 421.62410072],
         [590.17625899, 484.42985612],
         [507.21063149, 608.45963229],
         [537.45043965, 537.12470024],
         [645.22821743, 464.65767386],
         [623.12989608, 453.80235811],
         [646.77897682, 417.35951239],
         [684.77258193, 422.39948042],
         [677.40647482, 442.94704237],
         [656.08353317, 453.80235811],
         [673.91726619, 460.39308553],
         [665.77577938, 475.90067946],
         [693.30175859, 484.81754596],
         [665.38808953, 502.65127898],
         [690.58792966, 510.79276579],
         [672.36650679, 535.60491607],
         [690.58792966, 557.31554756],
         [718.11390887, 534.05415667],
         [680.12030376, 594.14608313],
         [740.59992006, 585.22921663],
         [756.88289369, 581.74000799],
         [755.71982414, 566.62010392],
         [730.90767386, 492.95903277],
         [728.58153477, 473.57454037],
         [741.76298961, 468.53457234],
         [752.23061551, 488.69444444],
         [723.1538769 , 436.7440048 ],
         [723.1538769 , 394.48581135],
         [725.09232614, 416.19644285],
         [755.71982414, 400.68884892],
         [762.69824141, 418.91027178],
         [756.10751399, 450.70083933],
         [776.65507594, 441.39628297],
         [787.89808153, 441.39628297],
         [775.10431655, 475.12529976],
         [786.92885691, 591.81994404],
         [805.92565947, 594.92146283],
         [823.37170264, 593.37070344],
         [819.882494  , 575.14928058],
         [823.75939249, 565.84472422],
         [821.4332534 , 551.88788969],
         [794.68265388, 565.45703437],
         [778.39968026, 501.87589928],
         [813.67945643, 480.94064748],
         [826.86091127, 497.61131095],
         [821.4332534 , 472.41147082],
         [841.5931255 , 492.18365308],
         [850.12230216, 480.16526779],
         [834.22701839, 456.9038769 ],
         [820.6578737 , 450.31314948],
         [808.25179856, 436.35631495],
         [797.39648281, 420.84872102],
         [811.35331735, 415.0333733 ],
         [841.20543565, 416.58413269],
         [846.24540368, 432.86710631],
         [864.85451639, 399.52577938],
         [874.93445244, 464.65767386],
         [880.36211031, 484.81754596],
         [884.23900879, 502.26358913],
         [866.40527578, 537.54336531],
         [844.69464428, 523.19884093],
         [921.45723421, 458.84232614],
         [913.3157474 , 440.62090328],
         [886.17745803, 432.47941647],
         [904.01119105, 418.52258193],
         [917.19264588, 423.95023981],
         [928.82334133, 399.91346922],
         [870.28217426, 363.85831335],
         [958.28776978, 544.90947242],
         [927.66027178, 508.85431655],
         [898.97122302, 516.60811351],
         [902.8481215 , 556.15247802],
         [897.03277378, 570.10931255],
         [882.6882494 , 586.00459632],
         [766.76898481, 327.41546763],
         [951.30935252, 334.78157474],
         [945.10631495, 428.99020783],
         [962.16466827, 447.98701039],
         [966.04156675, 467.75919265],
         [944.7186251 , 474.34992006],
         [933.86330935, 446.04856115],
         [853.99920064, 466.5961231 ],
         [572.92406075, 456.1284972 ],
         [545.39808153, 478.61450839],
         [539.58273381, 467.3715028 ],
         [530.66586731, 503.03896882],
         [510.11830536, 565.84472422],
         [582.03477218, 587.94304556],
         [464.95243805, 503.42665867],
         [510.31215028, 257.2126299 ],
         [542.87809752, 223.09592326],
         [108.85931255, 218.02498002],
         [ 33.64748201, 197.47741807],
         [ 46.82893685, 200.9666267 ],
         [  1.46922462, 198.64048761],
         [  5.73381295, 166.84992006],
         [ 23.17985612, 155.99460432],
         [ 57.6842526 , 144.36390887],
         [ 44.11510791, 136.22242206],
         [ 22.01678657, 120.71482814],
         [ 42.17665867, 108.69644285],
         [ 38.29976019,  33.87230216],
         [ 65.43804956,  34.64768185],
         [103.43165468,  14.1001199 ],
         [111.57314149,  29.60771383],
         [ 75.90567546,  86.5981215 ],
         [ 94.51478817,  66.82593925],
         [ 81.72102318,  66.4382494 ],
         [ 81.72102318,  17.58932854],
         [135.60991207,  67.98900879],
         [104.59472422,  83.49660272],
         [134.83453237, 101.33033573],
         [114.28697042, 126.91786571],
         [ 82.88409273, 137.77318145],
         [ 81.33333333, 168.7883693 ],
         [175.54196643, 216.08653078],
         [169.72661871, 171.50219824],
         [202.6802558 , 253.3047562 ],
         [152.66826539, 171.88988809],
         [155.38209432, 138.936251  ],
         [173.99120703, 102.88109512],
         [114.28697042, 154.05615508],
         [157.70823341,  85.82274181],
         [173.99120703,  71.86590727],
         [161.97282174,  50.54296563],
         [157.70823341,  33.87230216],
         [170.5019984 ,  36.5861311 ],
         [134.05915268,  47.05375699],
         [130.95763389,  15.26318945],
         [177.86810552,   4.4078737 ],
         [203.45563549,   8.67246203],
         [220.90167866,  20.30315747],
         [235.24620304,  33.48461231],
         [246.87689848,  33.87230216],
         [265.09832134,  42.78916867],
         [278.66746603,  34.64768185],
         [253.85531575,  67.60131894],
         [229.04316547,  83.10891287],
         [210.04636291, 106.37030376],
         [200.35411671, 120.71482814],
         [233.3077538 , 109.08413269],
         [231.36930456, 140.09932054],
         [210.43405276, 156.38229416],
         [178.44964029, 154.0871303 ],
         [245.90767386, 171.14548361],
         [280.79976019, 195.95763389],
         [279.2490008 , 161.06554756],
         [334.30095923, 157.96402878],
         [349.80855316, 174.2470024 ],
         [385.47601918, 195.95763389],
         [413.38968825, 195.1822542 ],
         [477.74620304, 187.42845723],
         [627.39448441, 252.56035172],
         [697.95403677, 237.05275779],
         [769.28896882, 222.32054357],
         [844.50079936, 221.54516387],
         [839.84852118, 195.1822542 ],
         [919.7126299 , 194.4068745 ],
         [944.52478018, 232.40047962],
         [939.872502  , 184.32693845],
         [889.47282174, 161.84092726],
         [765.41207034, 187.42845723],
         [738.27378098, 195.95763389],
         [708.80935252, 147.88409273],
         [712.686251  , 178.89928058],
         [742.92605915, 111.441247  ],
         [736.72302158, 171.92086331],
         [837.71622702, 150.56694644],
         [803.98721023, 178.09292566],
         [785.76578737, 153.28077538],
         [795.84572342, 116.83792966],
         [830.73780975, 110.63489209],
         [841.5931255 , 125.36710631],
         [848.95923261, 124.59172662],
         [858.26378897, 126.91786571],
         [793.51958433, 221.9018785 ],
         [672.56035172, 154.44384492],
         [636.89288569, 147.85311751],
         [543.45963229, 179.64368505],
         [500.0383693 , 165.29916067],
         [550.05035971, 160.64688249],
         [526.78896882, 124.97941647],
         [529.50279776, 103.65647482],
         [562.8441247 ,  93.18884892],
         [534.93045564,  63.72442046],
         [680.70183853, 100.94264588],
         [641.54516387,  82.33353317],
         [612.08073541,  55.58293365],
         [637.66826539,  34.64768185],
         [673.72342126,  28.44464428],
         [653.56354916,  31.15847322],
         [619.05915268,   4.79556355],
         [602.00079936,  23.40467626],
         [569.43485212,  33.09692246],
         [558.96722622,  48.21682654],
         [574.86250999,  10.22322142],
         [574.0871303 ,  19.14008793],
         [542.29656275,   4.4078737 ],
         [520.58593125,  35.42306155],
         [512.83213429,  43.17685851],
         [503.52757794,  32.32154277],
         [488.79536371,  58.29676259],
         [577.18864908,  71.47821743],
         [605.49000799,  90.86270983],
         [616.34532374,  76.51818545],
         [639.99440448, 105.98261391],
         [675.27418066,  83.88429257],
         [708.61550759, 110.24720224],
         [706.28936851,  92.80115907],
         [700.08633094,  60.23521183],
         [713.26778577,  57.90907274],
         [754.75059952,  75.74280576],
         [750.48601119,  66.4382494 ],
         [753.19984013,  50.54296563],
         [754.75059952,  39.29996003],
         [756.68904876,  24.5677458 ],
         [771.03357314,  23.01698641],
         [742.73221423,   2.08173461],
         [693.88329337,   4.79556355],
         [782.66426859,  12.93705036],
         [803.21183054,  11.38629097],
         [839.26698641,  45.5029976 ],
         [830.73780975,  73.80435651],
         [847.79616307,  67.98900879],
         [871.05755396,  80.00739408],
         [886.56514788,  81.55815348],
         [906.33733014, 103.65647482],
         [902.46043165, 121.49020783],
         [962.94004796, 132.73321343],
         [959.45083933,  93.57653877],
         [928.82334133,  90.86270983],
         [938.12789768,  72.64128697],
         [943.16786571,  25.73081535],
         [949.37090328,  11.77398082],
         [904.78657074,   9.83553157],
         [889.66666667,  15.6508793 ],
         [872.9960032 ,  21.46622702],
         [878.42366107,   7.12170264],
         [962.94004796,  35.42306155],
         [883.07593925,  53.64448441],
         [783.82733813,  77.29356515],
         [590.95163869, 162.97302158],
         [580.48401279, 148.24080735],
         [578.54556355, 185.45903277],
         [706.87090328,  40.46302958],
         [472.70623501, 204.45583533],
         [397.88209432, 175.76678657],
         [387.02677858, 105.98261391],
         [391.67905675,  75.74280576],
         [383.53756994,  64.88749001],
         [407.96203038,  25.3431255 ],
         [444.79256595,  12.16167066],
         [470.76778577,  21.07853717],
         [420.75579536,  55.1952438 ],
         [305.0303757 ,  21.69104716],
         [325.57793765,  32.15867306],
         [334.10711431,  23.6294964 ],
         [368.99920064,  73.64148681],
         [355.43005596,  39.52478018],
         [356.5931255 ,  17.42645883],
         [334.10711431,  72.86610711],
         [328.67945643,  60.07234213],
         [316.27338129,  68.21382894],
         [286.80895284,  61.62310152],
         [317.43645084,  87.21063149],
         [268.58752998,  89.53677058],
         [255.01838529,  93.80135891],
         [256.18145484, 116.67505995],
         [300.76578737, 133.73341327],
         [294.95043965, 156.99480416],
         [353.87929656,  95.73980815],
         [337.20863309,  82.55835332],
         [323.25179856, 217.47442046],
         [498.68145484, 114.51179057],
         [468.44164668,  88.92426059],
         [461.85091926, 142.03776978],
         [435.87569944, 117.2256195 ],
         [413.0019984 , 152.89308553],
         [475.8077538 , 173.82833733],
         [280.0243805 , 105.20723421],
         [348.25779376,   6.34632294],
         [783.05195843, 106.75799361],
         [855.16227018,  88.1488809 ],
         [912.15267786,  57.90907274],
         [928.82334133,  45.5029976 ],
         [922.23261391,  17.97701839],
         [749.32294165,  14.8754996 ],
         [528.53357314,  49.76758593],
         [424.63269384, 183.90827338],
         [403.69744205, 112.57334133],
         [ 53.80735412, 195.76378897],
         [222.8401279 , 179.48081535],
         [300.76578737, 110.08433253],
         [377.5283773 , 201.96682654],
         [469.99240608,  74.57973621],
         [819.10711431,  36.19844125],
         [813.29176659,  58.29676259],
         [363.76538769, 410.54396483],
         [313.36570743, 507.46642686],
         [219.15707434, 471.02358114],
         [172.24660272, 491.95883293],
         [147.43445244, 543.90927258],
         [823.95323741, 436.35631495],
         [753.39368505, 432.86710631],
         [746.41526779, 425.5009992 ],
         [774.32893685, 581.35231815],
         [926.10951239, 491.02058353],
         [919.13109512, 406.50419664],
         [698.92326139, 567.78317346],
         [630.30215827, 594.92146283],
         [611.30535572, 595.30915268],
         [581.45323741, 486.36830536],
         [579.90247802, 565.84472422],
         [302.70423661,   9.06015188],
         [192.2126299 ,  71.09052758],
         [168.56354916,  64.49980016],
         [150.72981615,  44.72761791],
         [396.52517986,  41.23840927],
         [896.36913087, 475.64235764],
         [703.53196803, 533.78421578],
         [925.44005994, 163.61438561]]), array([[456]], dtype=uint16))]]
