[[(array([[122.44810127, 411.35759494],
         [207.54810127, 363.96012658],
         [264.64050633, 319.7943038 ],
         [143.99240506, 312.25379747],
         [126.75696203, 313.33101266],
         [ 68.58734177, 306.86772152],
         [ 19.03544304, 321.94873418],
         [249.55949367, 461.98670886],
         [317.42405063, 399.50822785],
         [558.72025316, 480.29936709],
         [378.82531646, 572.93987342],
         [550.10253165, 358.57405063],
         [719.22531646, 339.18417722],
         [690.14050633, 305.79050633],
         [650.2835443 , 283.16898734],
         [603.96329114, 286.40063291],
         [592.11392405, 301.48164557],
         [557.64303797, 295.01835443],
         [517.78607595, 297.17278481],
         [800.0164557 , 292.86392405],
         [857.10886076, 344.57025316],
         [921.74177215, 333.79810127],
         [936.82278481, 286.40063291],
         [999.30126582, 293.94113924],
         [891.57974684, 275.62848101],
         [861.41772152, 301.48164557],
         [830.17848101, 297.17278481],
         [821.56075949, 274.55126582],
         [798.93924051, 268.08797468],
         [773.08607595, 267.01075949],
         [758.00506329, 274.55126582],
         [733.22911392, 277.78291139],
         [317.42405063, 270.08955696],
         [298.57278481, 288.94082278],
         [300.18860759, 277.63006329],
         [352.4335443 , 281.40031646],
         [370.74620253, 279.24588608],
         [359.43544304, 275.47563291],
         [373.9778481 , 260.39462025],
         [384.21139241, 265.7806962 ],
         [454.76898734, 252.31550633],
         [446.15126582, 256.08575949],
         [433.22468354, 258.77879747],
         [423.52974684, 258.77879747],
         [415.98924051, 262.01044304],
         [405.21708861, 269.55094937],
         [395.5221519 , 254.46993671],
         [487.62405063, 252.85411392],
         [494.08734177, 266.3193038 ],
         [505.39810127, 266.3193038 ],
         [522.6335443 , 270.62816456],
         [533.9443038 , 265.7806962 ],
         [525.86518987, 256.62436709],
         [468.77278481, 258.77879747],
         [467.15696203, 273.85981013],
         [485.46962025, 288.40221519],
         [439.14936709, 279.78449367],
         [397.67658228, 292.71107595],
         [268.94936709, 273.32120253],
         [261.94746835, 264.16487342],
         [134.10379747, 269.48835443],
         [183.22481013, 268.1956962 ],
         [210.37063291, 280.26050633],
         [246.56506329, 256.99265823],
         [100.49468354, 270.35012658],
         [ 91.44607595, 260.43974684],
         [ 93.16962025, 250.09848101],
         [100.49468354, 250.09848101],
         [116.43746835, 256.99265823],
         [ 82.82835443, 252.68379747],
         [ 54.38987342, 253.9764557 ],
         [ 50.08101266, 265.61037975],
         [329.85518987, 273.15088608],
         [352.26126582, 319.68658228],
         [707.00962025, 267.33392405],
         [719.07443038, 265.61037975],
         [800.94278481, 278.9678481 ],
         [775.08962025, 280.69139241],
         [663.05924051, 303.52835443],
         [696.66835443, 263.02506329],
         [783.2764557 , 268.62658228],
         [753.54531646, 260.87063291],
         [722.11028971, 309.5992008 ],
         [ 29.04314338, 266.20980907],
         [ 60.63664408, 248.09000719],
         [545.29822785, 273.15088608],
         [502.20962025, 261.08607595],
         [513.41265823, 251.60658228],
         [577.18379747, 334.33670886],
         [427.23544304, 277.45974684],
         [366.04962025, 255.05367089],
         [350.53772152, 263.67139241],
         [335.88759494, 265.39493671],
         [360.87898734, 267.11848101],
         [484.11240506, 261.08607595],
         [478.94177215, 255.91544304],
         [531.50987342, 253.33012658],
         [532.37164557, 255.05367089],
         [535.81873418, 255.91544304],
         [406.85860307, 254.97512777],
         [416.71686542, 252.07563884],
         [423.67563884, 250.33594549],
         [468.32776831, 250.91584327],
         [505.44122658, 253.23543441],
         [500.80204429, 254.97512777],
         [511.24020443, 260.19420784]]), array([[106]], dtype=uint8))]]
