[[(array([[ 84.38611389, 346.22677323],
         [ 40.68981019, 344.60839161],
         [ 27.2032967 , 317.63536464],
         [ 50.4000999 , 285.26773227],
         [ 33.13736264, 276.63636364],
         [ 27.2032967 , 236.17682318],
         [ 20.19030969, 223.76923077],
         [ 41.76873127, 237.7952048 ],
         [ 32.5979021 , 225.38761239],
         [ 61.72877123, 251.82117882],
         [ 85.46503497, 265.30769231],
         [ 71.43906094, 263.14985015],
         [ 53.63686314, 269.08391608],
         [ 64.42607393, 284.18881119],
         [ 76.29420579, 289.04395604],
         [  7.24325674, 291.2017982 ],
         [ 98.95154845, 283.10989011],
         [133.47702298, 319.25374625],
         [ 76.83366633, 315.47752248],
         [143.72677323, 339.21378621],
         [171.77872128, 330.58241758],
         [187.42307692, 302.53046953],
         [181.48901099, 289.04395604],
         [153.97652348, 289.04395604],
         [136.17432567, 293.8991009 ],
         [119.45104895, 246.42657343],
         [103.26723277, 260.45254745],
         [109.74075924, 232.4005994 ],
         [ 90.85964036, 243.72927073],
         [ 68.2022977 , 231.32167832],
         [ 54.17632368, 218.37462537],
         [ 81.14935065, 214.05894106],
         [ 63.34715285, 209.74325674],
         [ 20.72977023, 185.46753247],
         [ 10.48001998, 178.45454545],
         [  1.84865135, 177.91508492],
         [ 16.41408591, 164.42857143],
         [  9.4010989 , 163.34965035],
         [ 12.0984016 , 137.45554446],
         [ 21.80869131, 127.74525475],
         [385.94455544,  60.85214785],
         [348.18231768,  53.83916084],
         [478.73176823, 334.8981019 ],
         [475.495005  , 311.7012987 ],
         [517.57292707, 321.41158841],
         [501.38911089, 293.35964036],
         [518.65184815, 283.10989011],
         [527.82267732, 275.55744256],
         [492.21828172, 271.78121878],
         [475.495005  , 293.35964036],
         [459.31118881, 283.64935065],
         [430.71978022, 303.06993007],
         [403.20729271, 309.54345654],
         [409.68081918, 286.88611389],
         [381.08941059, 316.55644356],
         [385.40509491, 287.42557443],
         [367.06343656, 279.33366633],
         [356.27422577, 318.17482517],
         [349.26123876, 303.06993007],
         [330.38011988, 310.08291708],
         [302.32817183, 287.96503497],
         [288.84165834, 315.47752248],
         [283.44705295, 298.21478521],
         [260.25024975, 280.41258741],
         [225.18531469, 329.5034965 ],
         [241.36913087, 252.9000999 ],
         [199.83066933, 250.2027972 ],
         [187.42307692, 303.06993007],
         [200.90959041, 285.80719281],
         [173.3971029 , 258.83416583],
         [156.67382617, 247.50549451],
         [146.96353646, 225.92707293],
         [138.87162837, 239.95304695],
         [127.54295704, 231.32167832],
         [124.84565435, 213.51948052],
         [115.13536464, 216.21678322],
         [ 97.33316683, 221.07192807],
         [ 83.84665335, 201.11188811],
         [ 96.25424575, 201.11188811],
         [ 88.16233766, 187.62537463],
         [ 82.22827173, 182.23076923],
         [ 74.13636364, 177.91508492],
         [ 64.42607393, 175.21778222],
         [ 84.38611389, 157.95504496],
         [104.34615385, 175.21778222],
         [ 85.46503497, 148.24475524],
         [ 72.51798202, 140.69230769],
         [137.79270729, 156.33666334],
         [135.0954046 , 172.52047952],
         [146.42407592, 175.21778222],
         [139.41108891, 197.33566434],
         [121.06943057, 201.11188811],
         [111.8986014 , 191.94105894],
         [144.26623377, 207.58541459],
         [152.8976024 , 195.17782218],
         [163.68681319, 210.28271728],
         [159.37112887, 193.01998002],
         [159.91058941, 222.69030969],
         [162.06843157, 232.94005994],
         [197.67282717, 209.74325674],
         [191.1993007 , 231.32167832],
         [202.52797203, 239.95304695],
         [186.34415584, 250.2027972 ],
         [183.10739261, 217.2957043 ],
         [216.55394605, 216.21678322],
         [299.63086913, 270.16283716],
         [275.35514486, 258.83416583],
         [264.02647353, 255.05794206],
         [250.53996004, 228.62437562],
         [244.60589411, 246.42657343],
         [248.38211788, 216.21678322],
         [236.51398601, 210.28271728],
         [232.1983017 , 200.57242757],
         [240.82967033, 191.4015984 ],
         [268.88161838, 197.33566434],
         [262.94755245, 211.36163836],
         [279.13136863, 216.21678322],
         [288.84165834, 199.49350649],
         [298.55194805, 209.74325674],
         [284.52597403, 229.16383616],
         [295.85464535, 231.32167832],
         [307.18331668, 237.25574426],
         [312.03846154, 251.82117882],
         [322.28821179, 246.42657343],
         [326.06443556, 238.87412587],
         [337.39310689, 239.95304695],
         [336.31418581, 270.16283716],
         [354.65584416, 257.75524476],
         [380.01048951, 265.30769231],
         [366.52397602, 250.2027972 ],
         [377.85264735, 233.47952048],
         [385.40509491, 234.01898102],
         [398.89160839, 257.75524476],
         [422.08841159, 251.28171828],
         [430.71978022, 266.92607393],
         [442.04845155, 275.55744256],
         [459.31118881, 251.28171828],
         [476.03446553, 264.22877123],
         [506.78371628, 259.37362637],
         [532.67782218, 253.97902098],
         [515.41508492, 244.80819181],
         [505.16533467, 244.26873127],
         [491.13936064, 246.42657343],
         [483.58691309, 236.17682318],
         [497.61288711, 223.76923077],
         [470.1003996 , 237.7952048 ],
         [465.24525475, 228.62437562],
         [418.31218781, 237.7952048 ],
         [440.96953047, 244.80819181],
         [409.68081918, 227.54545455],
         [409.68081918, 217.83516484],
         [413.45704296, 206.50649351],
         [439.35114885, 207.04595405],
         [425.86463536, 214.05894106],
         [450.67982018, 206.50649351],
         [480.88961039, 201.65134865],
         [477.11338661, 195.71728272],
         [495.45504496, 178.99400599],
         [498.15234765, 194.0989011 ],
         [506.24425574, 189.24375624],
         [524.04645355, 198.95404595],
         [504.62587413, 203.26973027],
         [530.51998002, 213.51948052],
         [527.82267732, 189.78321678],
         [531.05944056, 173.05994006],
         [536.99350649, 163.88911089],
         [527.82267732, 149.86313686],
         [507.32317682, 138.53446553],
         [508.94155844, 123.42957043],
         [404.28621379, 134.75824176],
         [397.27322677, 121.27172827],
         [412.37812188, 118.57442557],
         [433.95654346, 121.81118881],
         [423.70679321, 134.21878122],
         [415.07542458, 132.6003996 ],
         [383.24725275, 165.50749251],
         [402.66783217, 153.63936064],
         [375.15534466, 143.92907093],
         [365.44505495, 165.50749251],
         [347.1033966 , 162.81018981],
         [341.70879121, 145.00799201],
         [327.14335664, 164.96803197],
         [321.20929071, 156.87612388],
         [308.26223776, 148.78421578],
         [305.02547453, 178.45454545],
         [288.3021978 , 191.94105894],
         [321.20929071, 201.11188811],
         [321.74875125, 193.55944056],
         [325.52497502, 180.07292707],
         [353.03746254, 178.45454545],
         [352.498002  , 191.4015984 ],
         [339.55094905, 188.16483516],
         [333.07742258, 201.65134865],
         [354.11638362, 210.28271728],
         [348.72177822, 232.4005994 ],
         [343.32717283, 216.21678322],
         [321.20929071, 223.76923077],
         [246.22427572, 170.36263736],
         [232.1983017 , 176.2967033 ],
         [220.86963037, 171.44155844],
         [206.84365634, 182.23076923],
         [210.08041958, 168.74425574],
         [186.34415584, 175.21778222],
         [180.41008991, 178.45454545],
         [173.3971029 , 164.96803197],
         [189.04145854, 156.87612388],
         [155.05544456, 156.87612388],
         [145.88461538, 149.32367632],
         [172.31818182, 134.75824176],
         [177.17332667, 143.92907093],
         [165.30519481, 127.74525475],
         [177.17332667, 125.04795205],
         [199.83066933, 133.13986014],
         [191.73876124, 132.6003996 ],
         [191.73876124, 142.31068931],
         [213.85664336, 149.32367632],
         [205.76473526, 143.92907093],
         [210.61988012, 127.74525475],
         [207.38311688, 115.87712288],
         [192.81768232, 118.57442557],
         [223.02747253, 126.66633367],
         [230.04045954, 133.13986014],
         [220.86963037, 121.81118881],
         [227.88261738, 125.58741259],
         [239.75074925, 123.96903097],
         [280.74975025, 120.19280719],
         [259.71078921, 140.15284715],
         [247.3031968 , 134.21878122],
         [234.35614386, 156.33666334],
         [274.27622378, 155.7972028 ],
         [224.10639361, 149.86313686],
         [199.83066933, 160.65234765],
         [198.75174825, 147.70529471],
         [359.51098901, 148.78421578],
         [372.9975025 , 180.07292707],
         [363.82667333, 174.67832168],
         [399.43106893, 188.16483516],
         [394.57592408, 182.23076923],
         [404.82567433, 177.91508492],
         [392.95754246, 176.2967033 ],
         [395.65484515, 198.95404595],
         [389.72077922, 195.17782218],
         [380.01048951, 203.26973027],
         [373.53696304, 193.55944056],
         [424.24625375, 176.2967033 ],
         [436.65384615, 180.07292707],
         [444.74575425, 189.78321678],
         [435.57492507, 196.7962038 ],
         [421.54895105, 187.62537463],
         [460.92957043, 191.94105894],
         [471.71878122, 193.55944056],
         [168.54195804, 206.50649351],
         [119.45104895, 157.95504496],
         [110.28021978, 153.63936064],
         [ 91.93856144, 140.15284715],
         [ 96.25424575, 130.98201798],
         [ 84.38611389, 102.39060939],
         [ 85.46503497,  96.45654346],
         [ 78.45204795,  92.68031968],
         [ 73.5969031 ,  89.98301698],
         [ 77.91258741, 105.08791209],
         [ 67.12337662, 106.16683317],
         [ 53.0974026 , 101.31168831],
         [ 45.00549451, 101.31168831],
         [137.79270729, 126.12687313],
         [125.92457542, 126.12687313],
         [132.3981019 , 110.48251748],
         [125.38511489, 100.23276723],
         [175.01548452, 102.39060939],
         [123.76673327,  87.28571429],
         [111.8986014 ,  89.98301698],
         [112.43806194,  99.15384615],
         [103.26723277,  87.28571429],
         [120.52997003,  64.62837163],
         [111.35914086,  62.47052947],
         [111.35914086,  57.07592408],
         [117.29320679,  54.91808192],
         [119.99050949,  41.97102897],
         [124.84565435,  41.97102897],
         [119.45104895,  39.81318681],
         [116.21428571,  39.81318681],
         [127.54295704,  68.4045954 ],
         [119.99050949,  74.87812188],
         [150.2002997 ,  78.11488511],
         [154.51598402,  79.73326673],
         [158.29220779,  80.27272727],
         [163.68681319,  80.27272727],
         [166.92357642,  78.11488511],
         [171.23926074,  78.65434565],
         [176.09440559,  78.65434565],
         [157.21328671,  68.4045954 ],
         [206.84365634,  76.4965035 ],
         [211.6988012 ,  79.73326673],
         [219.79070929,  85.66733267],
         [210.08041958,  85.12787213],
         [226.26423576,  91.06193806],
         [245.68481518,  73.7992008 ],
         [256.47402597, 101.07567433],
         [269.15134865,  89.47727273],
         [273.46703297,  84.89185814],
         [277.51298701,  85.70104895],
         [284.25624376,  84.89185814],
         [301.78871129,  91.36538462],
         [320.13036963,  94.33241758],
         [291.26923077,  94.87187812],
         [219.79070929, 138.8041958 ],
         [219.79070929,  78.92407592],
         [227.34315684,  83.77922078],
         [303.94655345,  96.18681319],
         [313.11738262,  94.56843157],
         [268.88161838, 172.79020979],
         [251.07942058, 186.27672328],
         [130.77972028, 140.96203796],
         [129.7007992 , 148.51448551],
         [124.84565435, 147.97502498],
         [110.81968032, 138.26473526],
         [108.66183816, 130.17282717],
         [ 44.46603397, 254.24875125],
         [ 25.04545455, 252.09090909],
         [  5.08541459, 243.45954046],
         [474.41608392, 224.03896104],
         [462.00849151, 210.55244755],
         [488.44205794, 223.4995005 ],
         [498.15234765, 213.24975025],
         [217.22827173, 232.06343656],
         [237.32317682, 231.79370629],
         [218.44205794, 253.50699301],
         [219.25124875, 287.49300699],
         [256.74375624, 317.36563437],
         [243.25724276, 301.18181818],
         [134.01648352, 260.99200799],
         [285.2002997 , 172.31818182],
         [278.59190809, 161.39410589],
         [297.87762238, 156.80869131],
         [264.43106893, 124.17132867],
         [286.68381618, 126.86863137],
         [265.77972028, 153.74050949],
         [247.70779221, 112.20204795],
         [239.07642358, 138.36588412],
         [245.54995005, 153.87537463],
         [244.74075924,  94.53471528],
         [220.46503497,  96.1530969 ],
         [232.06343656,  96.82742258],
         [184.72577423,  82.53171828],
         [190.79470529,  81.85739261],
         [191.06443556,  70.25899101],
         [201.85364635,  75.6535964 ],
         [196.9985015 ,  73.49575425],
         [250.53996004,  75.78846154],
         [137.65784216,  69.0452048 ],
         [152.62787213,  85.90334665],
         [141.43406593,  85.90334665],
         [132.53296703,  85.22902098],
         [156.94355644,  98.98526474],
         [162.06843157, 101.5477023 ],
         [138.06243756, 103.70554446],
         [ 91.66883117, 108.69555445],
         [ 98.81668332, 123.12612388],
         [120.3951049 , 126.90234765],
         [106.77372627,  99.38986014]]), array([[360]], dtype=uint16))]]
