[[(array([[  10.86257027,  524.01007947],
         [  99.18976546,  529.53052917],
         [  78.2120566 ,  591.35956581],
         [  10.86257027,  611.23318473],
         [ 137.83291336,  514.07327001],
         [ 165.43516185,  516.28144989],
         [ 198.55786005,  514.07327001],
         [  36.25663888,  466.5974026 ],
         [  55.02616786,  473.22194224],
         [  76.00387672,  477.638302  ],
         [ 108.02248498,  473.22194224],
         [ 145.56154293,  482.05466176],
         [ 119.06338438,  436.78697422],
         [  87.04477612,  444.5156038 ],
         [  59.44252762,  446.72378368],
         [ 104.85908122,  449.76003101],
         [  44.68617949,  438.71913161],
         [  36.95754991,  445.89571622],
         [  13.2196162 ,  445.89571622],
         [ 157.85539833,  444.79162628],
         [ 144.60631905,  442.03140143],
         [ 130.25314984,  448.65594107],
         [ 148.47063384,  455.83252568],
         [ 183.24946695,  453.6243458 ],
         [ 196.49854623,  455.28048071],
         [ 181.59333204,  439.27117658],
         [ 177.17697228,  485.64295406],
         [ 203.12308587,  482.88272921],
         [ 213.6119403 ,  462.45706532],
         [ 232.93351425,  475.7061446 ],
         [ 254.46326808,  481.77863927],
         [ 215.26807521,  444.23958131],
         [ 280.40938166,  498.89203334],
         [ 274.33688699,  544.15972088],
         [ 235.14169413,  544.71176585],
         [ 186.56173677,  580.04264392],
         [ 183.24946695,  666.71370421],
         [ 232.38146928,  620.34192673],
         [ 315.18821477,  551.88835046],
         [ 365.42430704,  538.08722621],
         [ 375.91316147,  612.06125218],
         [ 426.7012987 ,  642.9757705 ],
         [ 446.57491762,  551.88835046],
         [ 102.09885637,  699.28435743],
         [ 271.02461717,  455.28048071],
         [ 235.6937391 ,  451.41616592],
         [ 258.32758286,  446.44776119],
         [ 244.52645862,  449.76003101],
         [ 252.2550882 ,  450.86412095],
         [ 285.92983136,  453.6243458 ],
         [ 321.26070944,  480.67454933],
         [ 388.0581508 ,  506.62066292],
         [ 429.46152355,  517.10951735],
         [ 497.36305486,  627.51851134],
         [ 348.31091297,  509.38088777],
         [ 359.35181237,  467.42547005],
         [ 340.58228339,  482.88272921],
         [ 343.89455321,  465.21729017],
         [ 335.06183369,  454.17639077],
         [ 320.70866447,  446.99980616],
         [ 307.45958519,  442.5834464 ],
         [ 339.75421593,  443.27350262],
         [ 326.22911417,  449.89804226],
         [ 348.31091297,  449.89804226],
         [ 351.3471603 ,  440.78930025],
         [ 334.23376623,  473.63597596],
         [ 367.9085094 ,  439.68521031],
         [ 390.81837565,  441.61736771],
         [ 404.6194999 ,  435.82089552],
         [ 412.90017445,  438.58112037],
         [ 404.06745493,  445.20566001],
         [ 401.85927505,  451.27815468],
         [ 401.85927505,  462.87109905],
         [ 388.0581508 ,  468.39154875],
         [ 412.62415197,  491.02539252],
         [ 411.24403954,  459.55882923],
         [ 422.28493894,  444.65361504],
         [ 391.64644311,  449.62201977],
         [ 329.54138399,  456.24655941],
         [ 504.53963947,  606.26478   ],
         [ 534.90211281,  553.82050785],
         [ 473.62512115,  493.09556116],
         [ 462.58422175,  478.74239194],
         [ 513.92440395,  495.85578601],
         [ 532.69393293,  501.3762357 ],
         [ 452.64741229,  458.31672805],
         [ 443.2626478 ,  439.54719907],
         [ 433.32583834,  447.27582865],
         [ 442.71060283,  450.58809847],
         [ 471.96898624,  453.34832332],
         [ 482.45784067,  446.72378368],
         [ 500.67532468,  459.97286296],
         [ 513.92440395,  463.83717775],
         [ 503.9875945 ,  447.27582865],
         [ 514.47644892,  450.58809847],
         [ 540.42256251,  461.0769529 ],
         [ 548.70323706,  466.04535763],
         [ 621.42430704,  663.1254119 ],
         [ 619.21612716,  606.81682497],
         [ 589.40569878,  578.11048653],
         [ 572.84434968,  541.67551851],
         [ 568.42798992,  505.24055049],
         [ 619.21612716,  497.51192091],
         [ 610.38340764,  469.90967242],
         [ 583.88524908,  465.49331266],
         [ 725.20876139,  599.08819539],
         [ 746.18647025,  665.33359178],
         [ 777.10098856,  613.44136461],
         [ 808.01550688,  582.52684629],
         [ 880.88544292,  646.5640628 ],
         [ 921.73677069,  541.67551851],
         [ 856.59546424,  533.94688893],
         [ 789.2459779 ,  541.67551851],
         [ 751.70691995,  528.42643923],
         [ 708.64741229,  541.67551851],
         [ 665.58790463,  526.21825935],
         [ 679.94107385,  486.47102152],
         [ 652.33882535,  493.09556116],
         [ 631.3611165 ,  462.18104284],
         [ 623.63248692,  446.72378368],
         [ 709.75150223,  475.43012212],
         [ 698.71060283,  494.1996511 ],
         [ 745.08238031,  478.74239194],
         [ 788.14188796,  487.57511146],
         [ 803.59914712,  486.47102152],
         [ 870.94863346,  488.6792014 ],
         [ 969.21263811,  493.09556116],
         [1013.3762357 ,  543.88369839],
         [1015.58441558,  497.51192091],
         [1010.06396588,  615.64954449],
         [ 529.78484202,  439.13316534],
         [ 481.48090715,  439.13316534],
         [ 496.66214383,  439.9612328 ],
         [ 491.41771661,  439.13316534],
         [ 522.05621244,  441.06532274],
         [ 525.92052723,  438.58112037],
         [ 542.20585385,  441.34134522],
         [ 546.62221361,  441.89339019],
         [ 556.55902307,  447.68986238],
         [ 552.14266331,  445.75770498],
         [ 575.05252956,  448.51792983],
         [ 593.27001357,  452.65826711],
         [ 599.34250824,  449.62201977],
         [ 616.45590231,  449.0699748 ],
         [ 610.93545261,  444.37759256],
         [ 603.20682303,  444.37759256],
         [ 583.05718162,  442.99748013],
         [ 560.42333786,  475.29211087],
         [ 644.0581508 ,  457.35064935],
         [ 651.78678038,  444.37759256],
         [ 657.30723008,  451.55417717],
         [ 655.0990502 ,  467.01143632],
         [ 565.80577631,  452.45125024],
         [ 643.50610583,  557.13277767],
         [ 947.13083931,  526.21825935],
         [ 671.93642179,  446.86179492],
         [ 680.49311882,  458.45473929],
         [ 692.36208568,  460.38689669],
         [ 700.09071525,  463.42314402],
         [ 690.70595077,  482.192673  ],
         [ 722.44853654,  462.31905408],
         [ 737.9057957 ,  462.31905408],
         [ 733.48943594,  478.32835821],
         [ 728.24500872,  492.12948246],
         [ 776.27292111,  475.29211087],
         [ 767.44020159,  489.09323512],
         [ 754.74316728,  467.28745881],
         [ 785.10564063,  455.14246947],
         [ 792.83427021,  455.69451444],
         [ 792.83427021,  444.92963753],
         [ 784.00155069,  437.47703043],
         [ 735.14557085,  444.92963753],
         [ 741.21806552,  453.21031208],
         [ 748.9466951 ,  453.48633456],
         [ 754.19112231,  452.65826711],
         [ 730.17716612,  455.69451444],
         [ 684.90947858,  446.86179492],
         [ 633.01725141,  446.86179492],
         [ 715.54797441,  441.89339019],
         [ 722.72455902,  446.03372747],
         [ 728.52103121,  446.30974995],
         [ 714.71990696,  452.10622214],
         [ 707.26729986,  442.99748013],
         [ 818.7803838 ,  463.14712154],
         [ 801.11494476,  467.56348129],
         [ 827.33708083,  462.31905408],
         [ 805.53130452,  440.23725528],
         [ 796.97460748,  436.92498546],
         [ 686.28959101,  456.72959876],
         [ 748.9466951 ,  446.24074433],
         [ 770.75247141,  437.40802481],
         [ 760.95367319,  433.26768754],
         [ 768.26826904,  432.71564257],
         [ 772.82264005,  431.33553014],
         [ 784.00155069,  432.1635976 ],
         [ 747.70459391,  440.3062609 ],
         [ 837.41190153,  446.37875557],
         [ 848.17677845,  447.34483427],
         [ 837.9639465 ,  451.48517154],
         [ 842.93235123,  458.38573367],
         [ 819.88447374,  438.65012599],
         [ 811.46578794,  431.74956387],
         [ 831.89145183,  429.54138399],
         [ 841.27621632,  434.7858112 ],
         [ 863.22000388,  447.62085676],
         [ 864.32409382,  465.56231828],
         [ 847.90075596,  475.22310525],
         [ 856.73347548,  479.22543129],
         [ 817.67629386,  442.37642954],
         [ 812.98391161,  435.88990114],
         [ 864.46210506,  440.03023842],
         [ 846.93467726,  433.95774375],
         [ 856.45745299,  436.85597984],
         [ 878.67726304,  460.93894166],
         [ 872.32874588,  462.31905408],
         [ 873.70885831,  449.34599729],
         [ 889.16611746,  464.25121148],
         [ 903.51928668,  470.87575111],
         [ 919.25256833,  462.31905408],
         [ 930.56949021,  462.87109905],
         [ 932.22562512,  485.22892033],
         [ 914.2841636 ,  485.22892033],
         [ 870.94863346,  443.204497  ],
         [ 895.92866835,  451.62318279],
         [ 931.67358015,  453.00329521],
         [ 934.84783873,  447.758868  ],
         [ 957.4816825 ,  452.58926148],
         [ 964.10622214,  445.8267106 ],
         [ 964.10622214,  465.97635201],
         [ 950.58112037,  463.21612716],
         [ 881.1614654 ,  437.13200233],
         [ 900.20701686,  437.82205854],
         [ 897.44679201,  432.57763132],
         [ 896.20469083,  429.54138399],
         [ 908.34968017,  438.23609227],
         [ 917.32041093,  438.78813724],
         [ 925.46307424,  436.16592363],
         [ 929.74142276,  436.16592363],
         [ 915.11223105,  447.06881179],
         [ 945.88873813,  449.96704788],
         [ 950.16708664,  448.17290173],
         [ 949.75305292,  473.70498159],
         [ 922.4268269 ,  473.15293662],
         [ 844.86450863,  439.82322155],
         [ 882.67958907,  445.34367125],
         [ 898.27485947,  446.03372747],
         [ 836.44582283,  487.57511146],
         [ 868.60244233,  438.89164567],
         [ 874.39891452,  440.40976934],
         [ 871.91471215,  433.57821283],
         [ 863.35801512,  433.85423532],
         [ 850.3159527 ,  433.37119597],
         [ 848.52180655,  431.02500485],
         [ 841.13820508,  431.64605544],
         [ 841.62124443,  429.23085869],
         [ 880.26439232,  433.02616786],
         [ 888.40705563,  443.37701105],
         [ 881.29947664,  440.75479744],
         [ 860.32176778,  459.4553208 ],
         [ 861.56386897,  455.52200039],
         [ 864.2550882 ,  436.47644892],
         [ 892.54739291,  432.68113976],
         [ 880.67842605,  429.02384183],
         [ 843.27737934,  430.26594301],
         [ 943.31924792,  487.98914518],
         [ 957.67241714,  476.39620081],
         [ 986.37875557,  478.32835821],
         [1000.45590231,  481.08858306],
         [ 438.54855592,  507.31071913],
         [ 434.68424113,  434.4407831 ],
         [ 509.48633456,  440.23725528],
         [ 500.65361504,  439.40918783],
         [ 490.4407831 ,  459.28280675],
         [ 529.08393099,  470.32370614],
         [ 530.46404342,  460.66291917],
         [ 536.2605156 ,  442.16941268],
         [ 539.29676294,  448.24190735],
         [ 567.45105641,  442.16941268],
         [ 575.17968599,  438.30509789],
         [ 562.20662919,  439.68521031],
         [ 604.71409188,  454.86644699],
         [ 600.29773212,  439.13316534],
         [ 643.90928475,  486.60903276],
         [ 518.31905408,  442.44543516],
         [ 391.21069975,  458.52374491],
         [ 397.14518318,  455.9015313 ],
         [ 407.6340376 ,  449.96704788],
         [ 431.92401628,  439.20217096],
         [ 472.49932157,  439.61620469],
         [ 462.70052336,  434.50978872],
         [ 452.7637139 ,  445.13665439],
         [   9.75848033,  483.1587517 ],
         [ 994.76022485,  454.24539639],
         [1001.38476449,  453.69335142],
         [ 978.47489824,  464.18220585],
         [ 966.3299089 ,  455.21147509],
         [ 979.57898818,  445.13665439],
         [ 968.26206629,  445.55068812],
         [ 943.97208761,  442.2384183 ],
         [ 941.34987401,  436.7179686 ],
         [ 928.92886218,  441.68637333],
         [ 929.06687343,  431.61155263],
         [ 956.39309944,  432.02558635],
         [ 945.2141888 ,  434.09575499],
         [ 949.63054856,  432.99166505],
         [ 946.04225625,  430.92149641],
         [ 939.83175034,  462.94010467],
         [ 939.83175034,  452.72727273],
         [ 962.46559411,  441.13432836],
         [ 970.05621244,  439.75421593],
         [ 996.96840473,  443.06648575],
         [1015.46191122,  455.48749758],
         [ 935.27737934,  433.95774375],
         [ 941.34987401,  433.40569878],
         [ 900.49854623,  458.73076178],
         [ 921.2002326 ,  430.99050204],
         [ 920.23415391,  427.81624346],
         [ 885.86935453,  430.99050204],
         [ 941.76390773,  431.40453576],
         [ 937.7615817 ,  433.33669316],
         [ 936.795503  ,  430.02442334],
         [ 935.00135685,  430.71447955],
         [ 984.96142663,  448.1038961 ],
         [ 984.27137042,  453.34832332],
         [ 968.81411126,  433.33669316],
         [ 971.71234735,  433.19868192],
         [ 974.88660593,  440.23725528],
         [ 974.88660593,  445.20566001],
         [ 979.44097693,  431.68055825],
         [ 981.9251793 ,  426.43613103],
         [ 990.06784261,  429.33436713],
         [ 993.24210118,  429.74840085],
         [ 940.65981779,  425.19402985],
         [ 939.96976158,  428.36828843],
         [ 922.30432254,  424.91800737],
         [ 892.21787168,  441.99689862],
         [ 811.89532855,  446.72378368],
         [ 812.30936228,  453.34832332],
         [ 807.61698003,  460.1108742 ],
         [ 793.81585579,  433.75072689],
         [ 808.72106997,  434.16476061],
         [ 826.38650901,  430.02442334],
         [ 836.32331847,  429.33436713],
         [ 837.15138593,  430.85249079],
         [ 839.08354332,  438.9951541 ],
         [ 828.18065517,  439.40918783],
         [ 834.80519481,  466.87342508],
         [ 834.52917232,  436.92498546],
         [ 852.88466757,  440.37526652],
         [ 868.47993797,  454.31440202],
         [ 876.07055631,  435.54487304],
         [ 726.02597403,  439.40918783],
         [ 740.10312076,  434.57879434],
         [ 752.11009886,  435.68288428],
         [ 744.93351425,  432.78464819],
         [ 762.04690832,  441.47935646],
         [ 766.8773018 ,  436.37294049],
         [ 762.87497577,  437.0629967 ],
         [ 756.11242489,  439.27117658],
         [ 798.06784261,  433.4747044 ],
         [ 800.82806745,  432.92265943],
         [ 802.62221361,  431.68055825],
         [ 775.43399884,  433.61271564],
         [ 823.18588874,  434.16476061],
         [ 678.42295018,  442.2384183 ],
         [ 680.63113006,  437.6840473 ],
         [ 670.6943206 ,  439.89222718],
         [ 691.81004071,  434.23376623],
         [ 683.25334367,  434.7858112 ],
         [ 701.05679395,  436.85597984],
         [ 697.74452413,  436.02791239],
         [ 692.91413065,  445.8267106 ],
         [ 706.30122117,  436.44194611],
         [ 713.8918395 ,  434.50978872],
         [ 722.3105253 ,  433.81973251],
         [ 723.00058151,  436.16592363],
         [ 719.13626672,  436.7179686 ],
         [ 756.81333592,  444.17057569],
         [ 753.5010661 ,  433.26768754],
         [ 729.90114363,  437.13200233],
         [ 733.21341345,  435.47586742],
         [ 694.57026556,  440.03023842],
         [ 653.44291529,  435.7518899 ],
         [ 654.82302772,  448.03489048],
         [ 666.83000582,  448.58693545],
         [ 665.72591588,  445.41267688],
         [ 918.99205272,  435.19984493],
         [ 916.78387284,  431.74956387],
         [ 967.15797635,  420.43264198],
         [ 965.50184144,  421.67474317],
         [ 963.56968405,  421.67474317],
         [ 960.67144796,  420.98468695],
         [ 949.63054856,  423.7449118 ],
         [ 947.97441365,  423.7449118 ],
         [ 945.76623377,  423.7449118 ],
         [ 969.22814499,  429.40337275],
         [ 963.98371777,  427.60922659],
         [ 958.8773018 ,  435.88990114],
         [ 954.04690832,  436.44194611],
         [ 922.99437876,  442.51444078],
         [ 974.4725722 ,  436.57995736],
         [ 965.63985268,  438.65012599],
         [ 966.05388641,  435.19984493],
         [ 961.49951541,  436.30393487],
         [ 967.43399884,  423.60690056],
         [ 976.95677457,  420.70866447],
         [ 974.4725722 ,  421.81275441],
         [ 951.90773406,  417.5689087 ],
         [ 951.14867222,  426.60864509],
         [ 965.01880209,  432.40511727],
         [ 956.46210506,  430.81798798],
         [ 962.25857724,  429.78290366],
         [ 973.92052723,  427.09168443],
         [ 973.43748789,  430.95599922],
         [ 971.16030238,  430.19693739],
         [ 948.25043613,  430.12793177],
         [ 948.59546424,  419.43206048],
         [ 939.27970537,  421.43322349],
         [ 941.55689087,  421.43322349],
         [ 936.795503  ,  425.50455515],
         [ 969.02112813,  420.39813917],
         [ 972.67842605,  418.81100989],
         [ 970.19422369,  422.7443303 ],
         [ 970.53925179,  426.95367319],
         [ 980.06202752,  423.36538089],
         [ 981.99418492,  423.91742586],
         [ 978.75092072,  419.15603799],
         [ 982.2702074 ,  438.13258383],
         [ 976.68075208,  437.58053886],
         [ 988.20469083,  432.95716224],
         [ 989.79182012,  436.61446017],
         [ 931.8961039 ,  429.02384183],
         [ 933.96627253,  436.75247141],
         [ 970.81527428,  425.15952704],
         [ 983.44330297,  428.85132778],
         [ 984.40938166,  441.96239581],
         [ 988.27369645,  444.03256445],
         [ 993.10408994,  442.10040706],
         [ 993.24210118,  436.7179686 ],
         [ 999.17658461,  433.54371002],
         [1002.48885443,  435.19984493],
         [1009.25140531,  434.92382245],
         [1005.93913549,  432.02558635],
         [1002.62686567,  429.54138399],
         [1009.80345028,  445.8267106 ],
         [1014.49583253,  440.03023842],
         [1016.01395619,  436.16592363],
         [1020.43031595,  440.72029463],
         [1008.5613491 ,  432.02558635],
         [ 996.554371  ,  426.50513665],
         [ 946.73231246,  426.50513665],
         [ 926.99670479,  423.33087808],
         [ 929.34289591,  426.6431479 ],
         [ 926.99670479,  427.74723784],
         [ 899.11843381,  421.95076565],
         [ 998.21050591,  436.57995736],
         [ 998.62453964,  440.44427215],
         [ 905.05291723,  437.82205854],
         [ 922.44233379,  435.47586742],
         [ 923.54642373,  429.40337275],
         [ 940.38379531,  420.43264198],
         [ 297.37390967,  445.34367125],
         [ 833.13355301,  456.5225819 ],
         [ 827.8891258 ,  448.51792983],
         [ 853.00717193,  447.96588486],
         [ 859.0796666 ,  434.09575499],
         [ 863.6340376 ,  427.05718162],
         [ 858.80364412,  430.09342896],
         [ 873.29482458,  425.95309168],
         [ 877.98720682,  425.53905796],
         [ 907.10757899,  451.76119403],
         [ 906.14150029,  444.86063191],
         [ 891.09827486,  427.74723784],
         [ 887.78600504,  426.36712541],
         [ 896.89474704,  424.29695677],
         [ 924.01395619,  449.51851134],
         [ 930.08645086,  445.37817406],
         [ 955.204497  ,  422.46830781],
         [ 957.8267106 ,  422.88234154],
         [ 919.99534794,  421.67474317],
         [ 916.82108936,  427.74723784],
         [ 917.23512309,  426.50513665],
         [ 917.64915681,  424.02093429],
         [ 898.87962783,  427.19519287],
         [ 910.61058345,  421.95076565],
         [ 902.88195387,  423.19286683],
         [ 905.50416747,  422.08877689],
         [ 924.13568521,  420.70866447],
         [ 932.69238224,  424.02093429],
         [ 916.26904439,  454.79744136],
         [ 377.08643595,  443.4997838 ],
         [ 376.06345893,  437.36192166],
         [ 224.66285953,  453.72955403],
         [  79.40012227,  456.7984851 ]]), array([[494]], dtype=uint16))]]
