[[(array([[ 112.8902439 ,  426.95853659],
         [  15.48536585,  707.93414634],
         [  75.42682927,  665.47560976],
         [ 107.89512195,  724.16829268],
         [  46.70487805,  566.82195122],
         [ 177.82682927,  585.55365854],
         [ 230.27560976,  757.88536585],
         [ 129.12439024,  493.14390244],
         [ 155.34878049,  469.41707317],
         [  26.72439024,  486.9       ],
         [   4.24634146,  357.02682927],
         [ 177.82682927,  414.47073171],
         [ 216.53902439,  559.32926829],
         [ 210.29512195,  505.63170732],
         [ 235.27073171,  629.26097561],
         [  61.6902439 ,  263.36829268],
         [   2.99756098,  289.59268293],
         [  59.19268293,  230.9       ],
         [  22.97804878,  227.15365854],
         [  31.7195122 ,  188.44146341],
         [   5.49512195,  204.67560976],
         [  57.94390244,  167.21219512],
         [   4.24634146,   94.78292683],
         [  86.66585366,  202.17804878],
         [  62.93902439,  143.48536585],
         [  86.66585366,  124.75365854],
         [  62.93902439,   82.29512195],
         [ 101.65121951,   94.78292683],
         [ 132.87073171,   93.53414634],
         [  74.17804878,   52.32439024],
         [  25.47560976,   49.82682927],
         [  11.73902439,   29.84634146],
         [  14.23658537,    6.1195122 ],
         [  51.07560976,   22.04146341],
         [  69.80731707,   20.16829268],
         [ 113.51463415,   24.53902439],
         [ 107.89512195,   47.64146341],
         [ 127.25121951,   51.38780488],
         [ 152.22682927,   35.77804878],
         [ 134.1195122 ,   27.66097561],
         [ 166.58780488,    8.92926829],
         [ 166.58780488,   44.5195122 ],
         [ 196.55853659,   18.9195122 ],
         [ 164.0902439 ,   65.74878049],
         [ 193.43658537,   90.1       ],
         [ 185.3195122 ,  113.82682927],
         [ 179.07560976,  147.54390244],
         [ 138.4902439 ,  143.79756098],
         [ 145.35853659,  186.8804878 ],
         [ 143.48536585,  228.71463415],
         [ 185.3195122 ,  200.61707317],
         [ 200.30487805,  140.67560976],
         [ 227.15365854,   24.53902439],
         [ 229.02682927,   45.14390244],
         [ 219.03658537,   58.8804878 ],
         [ 219.66097561,   82.60731707],
         [ 251.50487805,  146.29512195],
         [ 236.5195122 ,  178.13902439],
         [ 234.02195122,  211.23170732],
         [ 271.48536585,  203.73902439],
         [ 273.98292683,   98.21707317],
         [ 250.25609756,  278.66585366],
         [ 254.62682927,  246.19756098],
         [ 292.71463415,  241.82682927],
         [ 315.19268293,  198.1195122 ],
         [ 220.28536585,  328.30487805],
         [ 195.3097561 ,  364.5195122 ],
         [ 247.75853659,  348.28536585],
         [ 231.52439024,  400.73414634],
         [ 256.5       ,  435.7       ],
         [ 295.21219512,  544.34390244],
         [ 318.93902439,  506.8804878 ],
         [ 370.13902439,  601.78780488],
         [ 338.9195122 ,  722.9195122 ],
         [ 405.10487805,  664.22682927],
         [ 336.42195122,  458.17804878],
         [ 292.71463415,  424.46097561],
         [ 342.66585366,  373.26097561],
         [ 311.44634146,  333.3       ],
         [ 276.4804878 ,  319.56341463],
         [ 327.6804878 ,  305.82682927],
         [ 336.42195122,  244.63658537],
         [ 361.39756098,  215.91463415],
         [ 395.11463415,  317.06585366],
         [ 390.1195122 ,  446.93902439],
         [ 448.81219512,  479.40731707],
         [ 488.77317073,  551.83658537],
         [ 549.96341463,  746.64634146],
         [ 503.75853659,  624.26585366],
         [ 651.11463415,  641.74878049],
         [ 727.2902439 ,  625.51463415],
         [ 790.97804878,  664.22682927],
         [ 943.32926829,  623.01707317],
         [1005.76829268,  590.54878049],
         [ 848.42195122,  560.57804878],
         [ 833.43658537,  504.38292683],
         [ 717.3       ,  565.57317073],
         [ 637.37804878,  513.12439024],
         [ 588.67560976,  545.59268293],
         [ 521.24146341,  495.64146341],
         [ 532.4804878 ,  395.73902439],
         [ 634.8804878 ,  431.95365854],
         [ 718.54878049,  393.24146341],
         [ 748.5195122 ,  455.6804878 ],
         [ 869.65121951,  461.92439024],
         [ 920.85121951,  474.41219512],
         [ 875.89512195,  418.21707317],
         [ 933.33902439,  409.47560976],
         [1013.26097561,  483.15365854],
         [1012.01219512,  544.34390244],
         [ 999.52439024,  332.05121951],
         [1013.26097561,  294.58780488],
         [1003.27073171,  252.12926829],
         [ 977.04634146,  244.63658537],
         [ 950.82195122,  227.15365854],
         [ 945.82682927,  274.60731707],
         [ 923.34878049,  350.78292683],
         [ 808.46097561,  350.78292683],
         [ 840.92926829,  323.3097561 ],
         [ 830.93902439,  285.84634146],
         [ 857.16341463,  255.87560976],
         [ 920.85121951,  272.1097561 ],
         [ 741.02682927,  319.56341463],
         [ 762.25609756,  375.75853659],
         [ 667.34878049,  348.28536585],
         [ 599.91463415,  337.04634146],
         [ 587.42682927,  384.5       ],
         [ 475.03658537,  365.76829268],
         [ 487.52439024,  320.81219512],
         [ 511.25121951,  288.34390244],
         [ 457.55365854,  294.58780488],
         [ 490.02195122,  267.11463415],
         [ 367.01707317,  300.20731707],
         [ 390.1195122 ,  235.27073171],
         [ 402.60731707,  255.87560976],
         [ 431.95365854,  215.2902439 ],
         [ 468.16829268,  235.27073171],
         [ 513.12439024,  192.18780488],
         [ 599.91463415,  303.32926829],
         [ 602.41219512,  270.86097561],
         [ 639.25121951,  285.22195122],
         [ 654.23658537,  250.8804878 ],
         [ 690.45121951,  273.98292683],
         [ 609.90487805,  214.66585366],
         [ 665.47560976,  214.66585366],
         [ 494.39268293,  170.95853659],
         [ 514.99756098,  148.4804878 ],
         [ 531.23170732,   88.53902439],
         [ 441.94390244,  190.31463415],
         [ 318.31463415,  144.1097561 ],
         [ 328.92926829,  104.77317073],
         [ 284.59756098,   61.6902439 ],
         [ 268.98780488,   37.33902439],
         [ 285.84634146,   44.83170732],
         [ 386.99756098,   59.81707317],
         [ 395.73902439,   93.53414634],
         [ 377.63170732,  118.5097561 ],
         [ 361.39756098,  149.72926829],
         [ 390.74390244,   31.09512195],
         [ 425.7097561 ,   36.71463415],
         [ 448.18780488,   48.57804878],
         [ 463.79756098,   67.3097561 ],
         [ 492.5195122 ,   47.95365854],
         [ 441.94390244,  117.26097561],
         [ 538.1       ,   51.7       ],
         [ 611.15365854,   68.55853659],
         [ 607.40731707,   44.83170732],
         [ 627.38780488,   46.70487805],
         [ 657.35853659,   51.07560976],
         [ 676.0902439 ,   63.56341463],
         [ 689.82682927,   67.93414634],
         [ 723.54390244,   45.45609756],
         [ 714.80243902,   89.78780488],
         [ 616.14878049,   89.78780488],
         [ 629.26097561,   82.9195122 ],
         [ 624.26585366,  122.8804878 ],
         [ 656.1097561 ,  141.61219512],
         [ 629.88536585,  142.86097561],
         [ 648.61707317,  109.76829268],
         [ 655.48536585,  118.5097561 ],
         [ 661.10487805,  169.08536585],
         [ 614.27560976,  169.08536585],
         [ 716.67560976,  186.56829268],
         [ 718.54878049,  163.46585366],
         [ 724.16829268,  121.63170732],
         [ 252.75365854,    9.86585366],
         [ 312.69512195,   14.86097561],
         [ 341.41707317,    7.36829268],
         [ 460.05121951,   18.60731707],
         [ 547.46585366,   33.2804878 ],
         [ 606.78292683,    3.3097561 ],
         [ 682.33414634,    5.18292683],
         [ 707.3097561 ,   13.3       ],
         [ 742.27560976,   19.54390244],
         [ 719.79756098,   25.78780488],
         [ 754.13902439,   84.4804878 ],
         [ 770.37317073,   70.74390244],
         [ 794.72439024,   82.60731707],
         [ 782.86097561,   32.03170732],
         [ 790.97804878,    6.43170732],
         [ 833.43658537,   44.5195122 ],
         [ 822.19756098,   95.7195122 ],
         [ 789.72926829,  115.07560976],
         [ 794.72439024,  188.75365854],
         [ 807.21219512,  161.2804878 ],
         [ 814.70487805,  140.67560976],
         [ 823.44634146,  226.21707317],
         [ 797.22195122,  266.80243902],
         [ 770.99756098,  293.65121951],
         [ 850.29512195,  113.82682927],
         [ 867.15365854,  160.03170732],
         [ 842.80243902,  203.73902439],
         [ 897.74878049,  228.0902439 ],
         [ 995.15365854,  208.1097561 ],
         [ 950.19756098,  193.74878049],
         [ 915.23170732,  194.37317073],
         [ 928.34390244,  164.40243902],
         [ 983.91463415,  174.39268293],
         [ 928.34390244,  136.30487805],
         [ 955.19268293,  129.43658537],
         [ 913.35853659,  119.44634146],
         [ 870.27560976,  116.94878049],
         [ 887.13414634,   98.84146341],
         [ 871.52439024,   75.73902439],
         [ 887.13414634,   48.26585366],
         [ 850.9195122 ,   44.5195122 ],
         [ 854.04146341,   12.05121951],
         [ 877.14390244,    5.18292683],
         [ 912.1097561 ,   10.80243902],
         [ 947.07560976,   22.04146341],
         [ 928.34390244,   76.98780488],
         [ 974.54878049,   82.60731707],
         [1005.14390244,   42.64634146],
         [1017.63170732,   17.04634146],
         [ 994.52926829,    2.68536585],
         [1022.00243902,  134.74390244],
         [ 612.75174825,  685.25524476]]), array([[237]], dtype=uint8))]]
