[[(array([[  69.4447952 ,  644.46017982],
         [  10.11212787,  619.90873127],
         [  31.59464535,  569.78285714],
         [  50.00823177,  530.90973027],
         [  27.50273726,  491.01362637],
         [  70.46777223,  452.1404995 ],
         [  85.81242757,  434.74989011],
         [  78.65158841,  411.22141858],
         [   8.06617383,  408.15248751],
         [  39.77846154,  291.53310689],
         [  10.11212787,  268.00463536],
         [   8.06617383,  210.71792208],
         [  63.30693307,  214.80983017],
         [  64.32991009,  255.72891109],
         [  15.22701299,  166.72991009],
         [  38.75548452,  152.40823177],
         [  12.15808192,  142.17846154],
         [  12.15808192,  112.51212787],
         [  27.50273726,   91.02961039],
         [  31.59464535,   56.24839161],
         [  32.61762238,   42.94969031],
         [  15.22701299,   17.37526474],
         [  47.96227772,  120.69594406],
         [  50.00823177,  139.10953047],
         [  67.39884116,  181.05158841],
         [  81.72051948,  155.47716284],
         [  86.8354046 ,  141.15548452],
         [  69.4447952 ,  103.30533467],
         [  62.28395604,   65.45518482],
         [  79.67456543,   42.94969031],
         [ 114.45578422,   31.69694306],
         [ 143.09914086,   27.60503497],
         [ 125.70853147,   48.06457542],
         [ 104.22601399,   67.50113886],
         [ 130.82341658,   88.98365634],
         [ 118.54769231,  111.48915085],
         [ 106.27196803,  173.89074925],
         [ 110.36387612,  200.48815185],
         [ 105.24899101,  218.90173826],
         [ 110.36387612,  247.54509491],
         [ 142.07616384,  243.45318681],
         [ 139.00723277,  349.8427972 ],
         [ 155.37486513,  393.83080919],
         [ 148.21402597,  443.95668332],
         [ 114.45578422,  479.76087912],
         [  97.06517483,  512.49614386],
         [ 122.6396004 ,  553.41522478],
         [ 169.69654346,  647.52911089],
         [ 253.58065934,  614.79384615],
         [ 225.96027972,  572.85178821],
         [ 174.81142857,  539.09354645],
         [ 188.11012987,  504.31232767],
         [ 212.66157842,  420.42821179],
         [ 237.21302697,  529.88675325],
         [ 261.76447552,  473.62301698],
         [ 253.58065934,  450.09454545],
         [ 282.22401598,  419.40523477],
         [ 249.48875125,  375.41722278],
         [ 211.6386014 ,  347.79684316],
         [ 267.90233766,  337.56707293],
         [ 283.24699301,  379.50913087],
         [ 261.76447552,  253.68295704],
         [ 259.71852148,  227.08555445],
         [ 221.86837163,  237.31532468],
         [ 217.77646354,  211.7408991 ],
         [ 185.0411988 ,  182.07456543],
         [ 166.62761239,  207.64899101],
         [ 139.00723277,  186.16647353],
         [ 137.98425574,  162.638002  ],
         [ 129.80043956,  149.3393007 ],
         [ 159.46677323,  137.06357642],
         [ 174.81142857,  147.29334665],
         [ 198.3399001 ,  123.76487512],
         [ 184.01822178,  112.51212787],
         [ 163.55868132,   94.09854146],
         [ 153.32891109,   84.89174825],
         [ 151.28295704,   71.59304695],
         [ 149.237003  ,   46.01862138],
         [ 167.65058941,   39.88075924],
         [ 176.85738262,   26.58205794],
         [ 184.01822178,   42.94969031],
         [ 191.17906094,   59.31732268],
         [ 205.50073926,   96.1444955 ],
         [ 220.84539461,   80.79984016],
         [ 224.9373027 ,   52.15648352],
         [ 200.38585415,   34.76587413],
         [ 198.3399001 ,    7.14549451],
         [ 253.58065934,   30.67396603],
         [ 266.87936064,   56.24839161],
         [ 253.58065934,   59.31732268],
         [ 288.36187812,   81.82281718],
         [ 266.87936064,   83.86877123],
         [ 235.16707293,  113.5351049 ],
         [ 240.28195804,  141.15548452],
         [ 280.17806194,  107.39724276],
         [ 271.99424575,  200.48815185],
         [ 289.38485514,  180.02861139],
         [ 304.72951049,  220.94769231],
         [ 357.92431568,  266.98165834],
         [ 355.87836164,  227.08555445],
         [ 315.98225774,  186.16647353],
         [ 341.55668332,  153.43120879],
         [ 311.89034965,  135.01762238],
         [ 338.48775225,  271.07356643],
         [ 331.32691309,  370.30233766],
         [ 402.9353047 ,  306.87776224],
         [ 372.24599401,  397.92271728],
         [ 323.1430969 ,  439.86477522],
         [ 351.78645355,  458.27836164],
         [ 319.05118881,  501.2433966 ],
         [ 293.47676324,  544.20843157],
         [ 306.77546454,  591.26537463],
         [ 322.12011988,  656.7359041 ],
         [ 240.28195804,  660.82781219],
         [ 352.80943057,  630.1385015 ],
         [ 375.31492507,  572.85178821],
         [ 367.13110889,  551.36927073],
         [ 397.82041958,  513.51912088],
         [ 377.36087912,  476.69194805],
         [ 388.61362637,  412.2443956 ],
         [ 464.31392607,  410.19844156],
         [ 448.96927073,  446.00263736],
         [ 434.64759241,  477.71492507],
         [ 462.26797203,  558.53010989],
         [ 482.72751249,  484.87576424],
         [ 429.53270729,  650.59804196],
         [ 461.244995  ,  607.63300699],
         [ 478.6356044 ,  605.58705295],
         [ 546.15208791,  622.97766234],
         [ 564.56567433,  595.35728272],
         [ 535.92231768,  550.34629371],
         [ 507.27896104,  527.8407992 ],
         [ 540.01422577,  476.69194805],
         [ 554.3359041 ,  449.07156843],
         [ 509.32491508,  432.70393606],
         [ 578.88735265,  505.3353047 ],
         [ 620.82941059,  542.16247752],
         [ 682.20803197,  621.95468531],
         [ 681.18505495,  643.4372028 ],
         [ 673.00123876,  591.26537463],
         [ 673.00123876,  591.26537463],
         [ 734.37986014,  563.644995  ],
         [ 714.9432967 ,  521.70293706],
         [ 693.46077922,  474.64599401],
         [ 666.86337662,  454.18645355],
         [ 683.23100899,  437.81882118],
         [ 676.07016983,  412.2443956 ],
         [ 625.9442957 ,  406.10653347],
         [ 600.36987013,  421.45118881],
         [ 535.92231768,  289.48715285],
         [ 462.26797203,  285.39524476],
         [ 417.25698302,  276.18845155],
         [ 397.82041958,  247.54509491],
         [ 431.57866134,  222.99364635],
         [ 379.40683317,  207.64899101],
         [ 344.62561439,  181.05158841],
         [ 486.81942058,  251.637003  ],
         [ 463.29094905,  242.43020979],
         [ 474.5436963 ,  213.78685315],
         [ 460.22201798,  205.60303696],
         [ 479.65858142,  162.638002  ],
         [ 409.07316683,  151.38525475],
         [ 388.61362637,  135.01762238],
         [ 372.24599401,  147.29334665],
         [ 340.53370629,  101.25938062],
         [ 342.57966034,   60.3402997 ],
         [ 364.06217782,   71.59304695],
         [ 327.235005  ,   51.13350649],
         [ 314.95928072,   25.55908092],
         [ 355.87836164,   33.7428971 ],
         [ 346.67156843,   16.35228771],
         [ 282.22401598,    9.19144855],
         [ 362.01622378,   41.92671329],
         [ 388.61362637,   70.57006993],
         [ 410.09614386,   38.85778222],
         [ 389.6366034 ,   31.69694306],
         [ 392.70553447,   17.37526474],
         [ 425.4407992 ,   12.26037962],
         [ 425.4407992 ,   32.71992008],
         [ 425.4407992 ,   72.61602398],
         [ 398.8433966 ,  102.28235764],
         [ 438.7395005 ,  143.20143856],
         [ 435.67056943,  120.69594406],
         [ 442.83140859,   91.02961039],
         [ 431.57866134,   84.89174825],
         [ 436.69354645,   70.57006993],
         [ 440.78545455,   18.39824176],
         [ 463.29094905,   20.4441958 ],
         [ 476.58965035,   29.65098901],
         [ 476.58965035,   51.13350649],
         [ 503.18705295,   63.40923077],
         [ 521.60063936,   59.31732268],
         [ 509.32491508,   29.65098901],
         [ 481.70453546,   10.21442557],
         [ 544.10613387,   29.65098901],
         [ 540.01422577,   57.27136863],
         [ 524.66957043,    4.07656344],
         [ 504.21002997,    9.19144855],
         [ 549.22101898,   11.2374026 ],
         [ 585.02521479,   46.01862138],
         [ 580.93330669,   30.67396603],
         [ 570.70353646,   60.3402997 ],
         [ 567.63460539,  110.46617383],
         [ 551.26697303,  140.13250749],
         [ 507.27896104,  141.15548452],
         [ 490.91132867,  138.08655345],
         [ 481.70453546,  109.4431968 ],
         [ 507.27896104,  122.7418981 ],
         [ 523.64659341,  114.55808192],
         [ 515.46277722,   98.19044955],
         [ 507.27896104,  215.83280719],
         [ 509.32491508,  190.25838162],
         [ 527.7385015 ,  200.48815185],
         [ 529.78445554,  243.45318681],
         [ 572.74949051,  229.13150849],
         [ 552.28995005,  203.55708292],
         [ 572.74949051,  186.16647353],
         [ 598.32391608,  153.43120879],
         [ 613.66857143,  129.90273726],
         [ 596.27796204,   94.09854146],
         [ 604.46177822,   54.20243756],
         [ 625.9442957 ,   79.77686314],
         [ 620.82941059,   55.22541459],
         [ 638.22001998,   39.88075924],
         [ 651.51872128,  102.28235764],
         [ 652.5416983 ,  127.85678322],
         [ 668.90933067,  109.4431968 ],
         [ 655.61062937,  166.72991009],
         [ 601.39284715,  198.4421978 ],
         [ 604.46177822,  231.17746254],
         [ 612.64559441,  263.91272727],
         [ 572.74949051,  275.16547453],
         [ 674.02421578,  251.637003  ],
         [ 644.35788212,  222.99364635],
         [ 654.58765235,  202.53410589],
         [ 756.88535465,  619.90873127],
         [ 812.12611389,  640.36827173],
         [ 874.52771229,  615.81682318],
         [ 887.82641359,  641.39124875],
         [ 933.86037962,  624.00063936],
         [ 965.57266733,  646.50613387],
         [1003.42281718,  609.67896104],
         [ 964.54969031,  582.05858142],
         [1013.65258741,  542.16247752],
         [ 947.15908092,  538.07056943],
         [ 878.61962038,  522.72591409],
         [ 887.82641359,  555.46117882],
         [ 908.28595405,  517.61102897],
         [ 904.19404595,  487.9446953 ],
         [ 786.55168831,  550.34629371],
         [ 812.12611389,  528.86377622],
         [ 837.70053946,  562.62201798],
         [ 792.68955045,  475.66897103],
         [ 758.93130869,  415.31332667],
         [ 740.51772228,  443.95668332],
         [ 769.16107892,  429.635005  ],
         [ 818.26397602,  329.38325674],
         [ 804.96527473,  309.94669331],
         [ 796.78145854,  289.48715285],
         [ 760.97726274,  284.37226773],
         [ 710.85138861,  261.86677323],
         [ 716.98925075,  219.92471528],
         [ 691.41482517,  194.35028971],
         [ 704.71352647,  161.61502498],
         [ 688.34589411,  148.31632368],
         [ 707.78245754,  132.97166833],
         [ 687.32291708,   93.07556444],
         [ 711.87436563,  106.37426573],
         [ 714.9432967 ,   83.86877123],
         [ 707.78245754,   59.31732268],
         [ 682.20803197,   61.36327672],
         [ 661.74849151,   75.68495504],
         [ 669.93230769,   91.02961039],
         [ 683.23100899,   26.58205794],
         [ 662.77146853,   31.69694306],
         [ 670.95528472,   13.28335664],
         [ 709.82841159,   16.35228771],
         [ 725.17306693,   44.99564436],
         [ 767.11512488,   42.94969031],
         [ 760.97726274,   59.31732268],
         [ 763.02321678,   90.00663337],
         [ 744.60963037,  104.32831169],
         [ 748.70153846,  124.78785215],
         [ 732.33390609,  173.89074925],
         [ 765.06917083,  157.52311688],
         [ 776.32191808,  140.13250749],
         [ 785.52871129,  161.61502498],
         [ 781.4368032 ,  226.06257742],
         [ 812.12611389,  208.67196803],
         [ 838.72351648,  198.4421978 ],
         [ 842.81542458,  180.02861139],
         [ 814.17206793,  168.77586414],
         [ 797.80443556,  149.3393007 ],
         [ 834.63160839,  104.32831169],
         [ 789.62061938,  109.4431968 ],
         [ 800.87336663,   69.54709291],
         [ 786.55168831,   82.84579421],
         [ 833.60863137,   77.73090909],
         [ 813.14909091,   53.17946054],
         [ 811.10313686,   33.7428971 ],
         [ 779.39084915,   24.5361039 ],
         [ 807.01122877,   12.26037962],
         [ 838.72351648,   37.83480519],
         [ 859.18305694,   30.67396603],
         [ 842.81542458,   19.42121878],
         [ 877.59664336,   18.39824176],
         [ 879.6425974 ,   36.81182817],
         [ 852.02221778,   70.57006993],
         [ 860.20603397,   92.05258741],
         [ 831.56267732,  133.99464535],
         [ 855.09114885,  168.77586414],
         [ 875.55068931,  217.87876124],
         [ 866.3438961 ,  272.09654346],
         [ 846.90733267,  288.46417582],
         [ 799.85038961,  264.9357043 ],
         [ 907.26297702,  243.45318681],
         [ 893.96427572,  290.51012987],
         [ 865.32091908,  329.38325674],
         [ 856.11412587,  376.4401998 ],
         [ 842.81542458,  359.04959041],
         [ 875.55068931,  415.31332667],
         [ 981.9402997 ,  484.87576424],
         [1010.58365634,  486.92171828],
         [ 961.48075924,  447.02561439],
         [ 948.18205794,  415.31332667],
         [ 977.84839161,  387.69294705],
         [ 996.26197802,  381.55508492],
         [ 954.31992008,  357.00363636],
         [ 904.19404595,  358.02661339],
         [ 907.26297702,  324.26837163],
         [ 942.0441958 ,  306.87776224],
         [ 990.12411588,  322.22241758],
         [1016.72151848,  296.64799201],
         [ 970.68755245,  263.91272727],
         [ 946.1361039 ,  258.79784216],
         [ 939.99824176,  240.38425574],
         [ 952.27396603,  214.80983017],
         [ 981.9402997 ,  216.85578422],
         [1001.37686314,  244.47616384],
         [1011.60663337,  227.08555445],
         [ 987.05518482,  183.09754246],
         [ 952.27396603,  186.16647353],
         [ 888.84939061,  188.21242757],
         [ 907.26297702,  196.39624376],
         [ 905.21702298,  160.59204795],
         [ 867.36687313,  141.15548452],
         [ 887.82641359,  112.51212787],
         [ 884.75748252,   85.91472527],
         [ 929.76847153,   88.98365634],
         [ 911.35488511,   66.47816184],
         [ 928.74549451,   66.47816184],
         [ 934.88335664,  137.06357642],
         [ 950.22801199,  143.20143856],
         [ 973.75648352,  129.90273726],
         [ 960.45778222,  112.51212787],
         [ 981.9402997 ,   71.59304695],
         [1013.65258741,  166.72991009],
         [1016.72151848,   90.00663337],
         [ 989.10113886,   43.97266733],
         [ 967.61862138,   46.01862138],
         [ 964.54969031,   22.49014985],
         [ 987.05518482,   10.21442557],
         [1016.72151848,   26.58205794],
         [1014.67556444,    7.14549451],
         [ 933.86037962,   25.55908092],
         [ 917.49274725,   17.37526474],
         [ 890.89534466,    9.19144855],
         [ 854.06817183,    6.12251748],
         [ 145.51893677,   10.29155054],
         [ 632.48599275,    7.65216271],
         [ 547.17506494,   96.78385614],
         [ 570.70353646,   90.64599401],
         [ 567.12311688,  147.93270729],
         [ 461.75648352,   64.04859141],
         [ 442.31992008,   47.68095904],
         [ 756.88535465,   29.77886114],
         [ 731.31092907,   37.45118881],
         [ 728.75348651,   24.15248751],
         [ 479.14709291,  275.80483516],
         [ 445.90033966,  265.06357642],
         [ 420.8374026 ,  206.75388611],
         [ 358.4358042 ,  113.15148851],
         [ 945.88035964,   51.26137862],
         [ 938.20803197,   36.9397003 ],
         [1003.67856144,   44.10053946]]), array([[385]], dtype=uint16))]]
