[[(array([[ 60.68784029, 574.70598911],
         [ 32.41923775, 635.95462795],
         [118.40290381, 591.19600726],
         [ 24.17422868, 506.39019964],
         [ 14.75136116, 555.86025408],
         [ 51.26497278, 465.16515426],
         [ 81.8892922 , 506.39019964],
         [120.75862069, 499.323049  ],
         [144.31578947, 535.83666062],
         [107.80217786, 533.48094374],
         [146.67150635, 469.87658802],
         [177.29582577, 535.83666062],
         [269.16878403, 602.97459165],
         [270.34664247, 585.30671506],
         [270.34664247, 547.61524501],
         [219.69872958, 467.52087114],
         [116.04718693, 408.62794918],
         [133.71506352, 357.9800363 ],
         [103.0907441 , 336.77858439],
         [ 54.79854809, 325.        ],
         [ 15.9292196 , 326.17785844],
         [ 44.19782214, 233.12704174],
         [ 74.82214156, 235.48275862],
         [ 78.35571688, 264.9292196 ],
         [101.91288566, 215.45916515],
         [ 78.35571688, 201.32486388],
         [ 67.75499093, 175.41197822],
         [ 85.42286751, 149.49909256],
         [ 34.77495463, 140.07622505],
         [ 39.48638838, 118.87477314],
         [ 60.68784029,  82.36116152],
         [ 86.60072595,  69.40471869],
         [101.91288566,  91.78402904],
         [ 81.8892922 , 110.62976407],
         [ 40.66424682,  71.76043557],
         [ 34.77495463,  25.82395644],
         [ 15.9292196 ,   8.15607985],
         [ 78.35571688,  11.68965517],
         [ 67.69646098,  23.17377495],
         [ 82.41969147,  43.19736842],
         [134.24546279,  56.15381125],
         [179.5930127 ,  53.79809437],
         [211.39519056,  43.19736842],
         [185.4823049 ,  82.65562613],
         [187.24909256, 120.93602541],
         [178.41515426, 141.54854809],
         [124.23366606, 145.67105263],
         [117.16651543, 181.00680581],
         [138.36796733, 166.87250454],
         [164.28085299, 183.95145191],
         [126.00045372, 209.27540835],
         [159.56941924, 226.35435572],
         [148.96869328, 245.78901996],
         [118.34437387, 272.87976407],
         [140.72368421, 262.86796733],
         [ 91.84255898, 304.0930127 ],
         [ 88.89791289, 287.01406534],
         [141.31261343, 309.9823049 ],
         [145.43511797, 289.36978221],
         [156.62477314, 271.11297641],
         [166.63656987, 250.50045372],
         [184.89337568, 213.98684211],
         [198.43874773, 235.77722323],
         [214.92876588, 224.58756806],
         [175.47050817, 286.42513612],
         [211.39519056,  95.02313975],
         [239.07486388,  59.09845735],
         [238.48593466, 113.27994555],
         [229.65199637, 135.07032668],
         [265.57667877,  41.43058076],
         [305.03493648,  14.33983666],
         [285.60027223,  83.83348457],
         [256.15381125,  97.96778584],
         [269.6991833 , 129.18103448],
         [251.4423775 , 153.32713249],
         [226.11842105, 194.55217786],
         [256.74274047, 216.9314882 ],
         [277.35526316, 220.46506352],
         [297.96778584, 197.49682396],
         [312.69101633, 150.97141561],
         [324.46960073,  99.14564428],
         [339.19283122,  37.30807623],
         [369.81715064,  72.6438294 ],
         [376.29537205, 124.46960073],
         [345.67105263, 164.51678766],
         [316.22459165, 223.40970962],
         [292.07849365, 251.67831216],
         [269.11025408, 257.56760436],
         [240.25272232, 241.07758621],
         [237.30807623, 289.36978221],
         [199.02767695, 288.78085299],
         [199.02767695, 299.38157895],
         [183.71551724, 305.85980036],
         [276.17740472, 310.57123412],
         [256.74274047, 301.73729583],
         [286.77813067, 285.24727768],
         [303.85707804, 274.0576225 ],
         [325.05852995, 265.81261343],
         [333.89246824, 282.30263158],
         [299.14564428, 314.69373866],
         [322.11388385, 319.40517241],
         [345.08212341, 304.0930127 ],
         [381.00680581, 297.61479129],
         [388.07395644, 269.93511797],
         [366.87250454, 256.38974592],
         [396.31896552,  23.17377495],
         [462.33756806,  32.89110708],
         [427.00181488,  61.15970962],
         [471.76043557,  49.38112523],
         [461.15970962,  98.85117967],
         [403.4446461 ,  98.85117967],
         [404.62250454, 133.00907441],
         [403.4446461 , 158.92196007],
         [416.40108893, 200.14700544],
         [439.95825771, 168.34482759],
         [481.18330309, 116.51905626],
         [478.82758621, 169.52268603],
         [515.34119782, 149.49909256],
         [547.14337568, 117.6969147 ],
         [569.52268603,  85.89473684],
         [615.45916515,  75.29401089],
         [633.12704174,  61.15970962],
         [527.11978221,   4.62250454],
         [643.7277677 , 173.05626134],
         [588.36842105, 168.34482759],
         [560.09981851, 184.83484574],
         [656.68421053, 123.5862069 ],
         [688.48638838,  92.96188748],
         [710.86569873,  84.7168784 ],
         [733.24500907, 164.81125227],
         [701.44283122, 135.36479129],
         [755.62431942,  54.09255898],
         [773.29219601,  71.76043557],
         [781.00680581,   6.09482759],
         [796.31896552,  59.68738657],
         [672.6438294 , 192.19646098],
         [753.91606171, 229.88793103],
         [733.30353902, 289.36978221],
         [742.13747731, 317.63838475],
         [640.25272232, 280.53584392],
         [632.00771325, 268.75725953],
         [643.19736842, 318.22731397],
         [530.12295826, 269.93511797],
         [487.13112523, 299.38157895],
         [463.57395644, 310.57123412],
         [470.64110708, 260.51225045],
         [473.58575318, 232.83257713],
         [424.70462795, 294.67014519],
         [440.01678766, 319.40517241],
         [774.52858439, 438.66333938],
         [782.18466425, 356.21324864],
         [719.75816697, 340.90108893],
         [753.32713249, 434.54083485],
         [735.07032668, 544.08166969],
         [731.53675136, 598.85208711],
         [770.99500907, 562.3384755 ],
         [797.49682396, 551.73774955],
         [681.4777677 , 612.98638838],
         [639.07486388, 624.76497278],
         [677.94419238, 576.47277677],
         [646.14201452, 566.46098004],
         [630.82985481, 586.4845735 ],
         [591.96052632, 597.67422868],
         [551.32441016, 610.04174229],
         [510.09936479, 621.23139746],
         [481.83076225, 631.83212341],
         [443.55036298, 626.53176044],
         [410.57032668, 624.76497278],
         [440.01678766, 582.95099819],
         [484.77540835, 582.36206897],
         [507.74364791, 552.32667877],
         [540.13475499, 554.09346642],
         [548.37976407, 574.70598911],
         [579.5930127 , 574.70598911],
         [601.38339383, 539.95916515],
         [637.30807623, 538.78130672],
         [663.22096189, 534.65880218],
         [683.24455535, 510.51270417],
         [710.33529946, 482.83303085],
         [704.44600726, 459.27586207],
         [684.42241379, 477.53266788],
         [656.74274047, 474.58802178],
         [655.56488203, 497.55626134],
         [665.57667877, 454.56442831],
         [663.80989111, 425.70689655],
         [633.18557169, 419.22867514],
         [634.36343013, 382.71506352],
         [654.38702359, 351.50181488],
         [677.94419238, 353.26860254],
         [605.50589837, 342.07894737],
         [611.39519056, 365.63611615],
         [598.43874773, 389.78221416],
         [602.56125227, 419.81760436],
         [577.23729583, 414.51724138],
         [579.5930127 , 432.18511797],
         [607.27268603, 450.44192377],
         [624.94056261, 444.55263158],
         [621.99591652, 475.76588022],
         [621.4069873 , 494.02268603],
         [603.15018149, 508.74591652],
         [568.40335753, 539.95916515],
         [552.5022686 , 518.75771325],
         [570.75907441, 492.25589837],
         [586.07123412, 469.87658802],
         [551.91333938, 461.04264973],
         [541.31261343, 493.43375681],
         [509.51043557, 526.4137931 ],
         [459.45145191, 538.78130672],
         [442.96143376, 521.11343013],
         [481.24183303, 507.56805808],
         [513.04401089, 482.24410163],
         [507.74364791, 442.78584392],
         [544.25725953, 438.66333938],
         [550.14655172, 403.32758621],
         [493.02041742, 335.01179673],
         [471.81896552, 337.36751361],
         [495.96506352, 368.58076225],
         [489.48684211, 400.97186933],
         [491.25362976, 410.98366606],
         [476.53039927, 436.3076225 ],
         [466.51860254, 405.68330309],
         [444.72822142, 413.33938294],
         [435.89428312, 447.49727768],
         [430.59392015, 481.06624319],
         [408.2146098 , 428.65154265],
         [408.2146098 , 391.54900181],
         [419.99319419, 351.50181488],
         [244.72822142, 407.45009074],
         [222.34891107, 439.2522686 ],
         [192.90245009, 447.49727768],
         [250.61751361, 459.86479129],
         [288.89791289, 445.1415608 ],
         [311.86615245, 449.26406534],
         [328.3561706 , 489.90018149],
         [348.96869328, 469.2876588 ],
         [368.99228675, 458.68693285],
         [375.47050817, 433.95190563],
         [361.3362069 , 399.20508167],
         [346.61297641, 444.55263158],
         [330.71188748, 420.40653358],
         [326.00045372, 386.24863884],
         [349.5576225 , 369.16969147],
         [314.81079855, 357.39110708],
         [297.73185118, 340.31215971],
         [379.00408348, 332.06715064],
         [396.67196007, 365.04718693],
         [241.1946461 , 337.36751361],
         [234.71642468, 325.58892922],
         [268.2853902 , 376.82577132],
         [237.66107078, 373.88112523],
         [201.14745917, 383.89292196],
         [181.71279492, 356.80217786],
         [169.93421053, 347.96823956],
         [181.1238657 , 331.47822142],
         [161.10027223, 329.12250454],
         [146.61297641, 323.23321234],
         [291.54809437, 109.45190563],
         [218.52087114, 579.41742287],
         [300.97096189, 621.82032668],
         [338.66243194, 632.42105263],
         [366.93103448, 639.48820327],
         [703.79854809, 645.37749546],
         [630.82985481, 646.26088929],
         [358.68602541, 549.97096189],
         [404.62250454, 566.46098004],
         [402.26678766, 511.10163339],
         [363.39745917, 509.92377495],
         [381.06533575, 481.65517241],
         [404.62250454, 448.67513612]]), array([[269]], dtype=uint16))]]
