[[(array([[  45.07009785,  566.28510062],
         [ 124.34490625,  513.43522836],
         [ 163.45381172,  496.52326923],
         [ 198.33472742,  538.80316704],
         [ 249.07060479,  511.32123347],
         [ 327.28841574,  521.89120792],
         [ 390.70826246,  501.80825646],
         [ 357.94134166,  466.92734076],
         [ 329.40241064,  475.38332033],
         [ 261.75457414,  462.69935098],
         [ 189.87874786,  457.41436376],
         [ 195.16373508,  421.47645062],
         [ 127.51589859,  470.0983331 ],
         [ 109.54694202,  435.21741741],
         [  74.66602632,  427.81843529],
         [  60.92505953,  479.61131011],
         [  41.89910552,  452.12937653],
         [  66.21004676,  403.50749405],
         [  19.70215917,  405.62148894],
         [  68.32404165,  368.62657835],
         [  85.23600077,  346.429632  ],
         [  28.4448434 ,  287.59229848],
         [   9.47352338,  294.81946801],
         [  45.15767295,  300.23984516],
         [  40.1889939 ,  294.81946801],
         [  69.09767203,  291.65758134],
         [ 101.16823683,  302.49833564],
         [ 106.58861398,  293.91607182],
         [  93.03767111,  294.36776991],
         [  87.16559586,  293.01267563],
         [  80.39012442,  302.49833564],
         [  66.83918155,  281.26852513],
         [  50.5780501 ,  313.33908994],
         [  20.31427768,  321.01795757],
         [  36.12371103,  330.05191948],
         [  13.99050434,  339.0858814 ],
         [  26.63805102,  344.95795665],
         [  55.99842725,  331.85871187],
         [  45.60937105,  338.18248521],
         [  99.81314255,  317.4043728 ],
         [ 117.88106638,  302.04663754],
         [ 117.88106638,  297.07795849],
         [ 123.75314162,  283.52701561],
         [ 144.07955594,  299.33644897],
         [ 151.75842357,  307.0153166 ],
         [ 150.85502737,  291.20588324],
         [ 101.61993493,  325.53493853],
         [ 106.13691589,  335.02059854],
         [ 120.13955686,  310.62890136],
         [ 130.52861306,  317.4043728 ],
         [ 145.43465022,  327.79342901],
         [ 134.14219783,  335.02059854],
         [ 132.33540545,  364.38097477],
         [ 150.40332928,  341.79606998],
         [ 136.40068831,  406.38889768],
         [  90.77918063,  393.2896529 ],
         [ 199.18672363,  382.9005967 ],
         [ 211.38257222,  402.77531291],
         [ 185.18408266,  348.11984332],
         [ 182.02219599,  328.6968252 ],
         [ 197.37993124,  311.53229756],
         [ 214.09276079,  312.88739184],
         [ 220.41653413,  361.2190881 ],
         [ 209.57577983,  351.73342808],
         [ 182.02219599,  296.1745623 ],
         [ 240.29125035,  351.73342808],
         [ 224.48181699,  340.44097569],
         [ 227.19200557,  312.88739184],
         [ 228.54709986,  305.20852421],
         [ 229.90219414,  291.20588324],
         [ 218.60974175,  305.20852421],
         [ 273.26521134,  356.25040904],
         [ 263.32785324,  325.53493853],
         [ 241.19464654,  312.88739184],
         [ 252.48709894,  300.23984516],
         [ 244.80823131,  303.40173183],
         [ 275.52370182,  309.72550517],
         [ 273.71690944,  326.43833472],
         [ 284.10596564,  324.63154233],
         [ 291.33313518,  303.85342993],
         [ 278.2338904 ,  302.04663754],
         [ 282.75087136,  292.10927943],
         [ 279.13728659,  288.94739276],
         [ 287.71955041,  396.90323767],
         [ 289.97804089,  373.41493668],
         [ 295.85011613,  350.83003189],
         [ 248.87351417,  411.35757673],
         [ 430.90784679,  447.0417263 ],
         [ 436.32822394,  490.8564416 ],
         [ 335.14785047,  379.73871003],
         [ 306.69087043,  420.84323675],
         [ 298.56030471,  412.26097293],
         [ 232.61238272,  371.6081443 ],
         [ 242.09804273,  386.96587956],
         [ 192.41125219,  361.2190881 ],
         [ 172.98823407,  335.47229663],
         [ 160.79238548,  323.27644805],
         [ 166.21276263,  310.62890136],
         [ 289.52634279,  294.81946801],
         [ 299.915399  ,  283.52701561],
         [ 308.94936091,  309.72550517],
         [ 327.46898284,  306.5636185 ],
         [ 328.82407713,  293.01267563],
         [ 335.59954857,  301.14324135],
         [ 334.69615238,  286.68890228],
         [ 355.47426478,  291.20588324],
         [ 375.8006791 ,  285.78550609],
         [ 388.89992388,  298.88475087],
         [ 388.44822578,  289.85078896],
         [ 389.80332007,  282.62361942],
         [ 378.51086767,  294.36776991],
         [ 383.02784863,  307.91871279],
         [ 370.83200004,  317.4043728 ],
         [ 351.40898192,  318.30776899],
         [ 359.99124574,  335.47229663],
         [ 334.69615238,  329.60022139],
         [ 306.23917234,  324.63154233],
         [ 327.46898284,  342.24776807],
         [ 328.82407713,  360.3156919 ],
         [ 280.49238088,  344.50625855],
         [ 371.73539623,  372.51154049],
         [ 372.18709433,  394.19304909],
         [ 343.2784162 ,  415.4228596 ],
         [ 378.05916958,  391.03116242],
         [ 385.28633911,  381.9972005 ],
         [ 388.89992388,  402.77531291],
         [ 425.93916773,  395.54814338],
         [ 427.29426202,  319.66286328],
         [ 408.77464009,  323.27644805],
         [ 400.19237627,  308.37041088],
         [ 398.38558389,  297.07795849],
         [ 415.09841343,  308.37041088],
         [ 430.0044506 ,  304.30512802],
         [ 389.80332007,  341.79606998],
         [ 391.61011245,  330.05191948],
         [ 370.38030195,  328.6968252 ],
         [ 497.46500444,  507.09324368],
         [ 530.23192524,  474.32632288],
         [ 572.51182305,  520.83421047],
         [ 654.95762378,  487.01029222],
         [ 705.69350116,  475.38332033],
         [ 739.51741941,  498.63726412],
         [ 740.57441685,  550.43013894],
         [ 851.55914861,  595.88102909],
         [ 852.61614605,  555.71512617],
         [ 894.89604386,  501.80825646],
         [ 919.20698511,  494.40927434],
         [ 975.22784971,  599.05202142],
         [ 963.60087781,  529.29019004],
         [ 937.17594168,  531.40418493],
         [1005.88077562,  535.63217471],
         [1001.65278584,  462.69935098],
         [ 968.88586503,  460.58535609],
         [1016.45075007,  466.92734076],
         [ 871.64210007,  450.01538164],
         [ 839.93217671,  433.10342251],
         [ 774.3983351 ,  472.21232799],
         [ 710.97848838,  450.01538164],
         [ 624.30469787,  458.4713612 ],
         [ 517.5479559 ,  423.59044551],
         [ 444.61513217,  396.10851193],
         [1003.65193094,  358.73849236],
         [ 997.96969982,  344.12704091],
         [1012.58115127,  387.14964795],
         [ 972.80553344,  430.172255  ],
         [ 938.71214673,  375.78518572],
         [ 941.14738863,  361.98548157],
         [ 958.19408199,  344.12704091],
         [ 971.18203883,  341.69179901],
         [ 962.2528185 ,  330.32733677],
         [ 951.70010357,  429.36050769],
         [ 890.00730857,  417.99604546],
         [ 917.60671686,  411.50206703],
         [1012.58115127,  285.68123512],
         [1014.20464587,  275.12852019],
         [1005.27542554,  281.62249861],
         [ 997.15795252,  281.62249861],
         [ 999.59319443,  321.39811644],
         [ 992.2874687 ,  332.76257868],
         [ 973.61728074,  318.96287453],
         [ 803.15034718,  422.86652927],
         [ 827.50276626,  404.19634131],
         [ 859.97265837,  377.40868032],
         [ 875.39585712,  361.17373427],
         [ 890.00730857,  349.80927203],
         [ 888.38381396,  325.45685295],
         [ 902.18351811,  312.46889611],
         [ 933.02991561,  306.78666499],
         [ 773.11569699,  421.24303467],
         [ 760.12774014,  435.04273881],
         [ 773.11569699,  409.87857243],
         [ 775.55093889,  385.52615335],
         [ 803.96209449,  358.73849236],
         [ 782.04491732,  353.05626124],
         [ 666.77680034,  417.99604546],
         [ 614.01322567,  435.85448611],
         [ 635.93040284,  428.54876039],
         [ 640.80088665,  383.09091144],
         [ 641.61263396,  366.85596539],
         [ 605.89575264,  408.25507782],
         [ 584.79032277,  421.24303467],
         [ 535.27373731,  449.65419026],
         [ 530.40325349,  400.9493521 ],
         [ 544.20295764,  401.7610994 ],
         [ 531.2150008 ,  384.71440605],
         [ 525.53276968,  367.66771269],
         [ 518.22704395,  375.78518572],
         [ 505.23908711,  392.83187907],
         [ 463.02822737,  421.24303467],
         [ 459.78123816,  388.77314256],
         [ 513.35656014,  322.20986374],
         [ 516.60354935,  306.78666499],
         [ 545.82645224,  338.4448098 ],
         [ 549.88518876,  324.64510565],
         [ 545.01470494,  313.28064341],
         [ 563.6848929 ,  363.60897618],
         [ 578.29634435,  377.40868032],
         [ 573.42586053,  396.07886828],
         [ 616.44846758,  355.49150315],
         [ 614.01322567,  340.8800517 ],
         [ 607.51924725,  296.23395006],
         [ 370.48903487,  347.37403012],
         [ 303.11400875,  293.79870815],
         [ 465.46346928,  370.1029546 ],
         [ 658.65932731,  400.1376048 ],
         [ 704.92892356,  367.66771269],
         [ 716.2933858 ,  394.45537368],
         [ 735.77532106,  387.14964795],
         [ 719.54037501,  375.78518572],
         [ 758.50424554,  370.9147019 ],
         [ 750.38677251,  347.37403012],
         [ 757.69249824,  332.76257868],
         [ 790.16239034,  336.82131519],
         [ 811.26782021,  353.05626124],
         [ 828.31451357,  341.69179901],
         [ 861.59615297,  344.93878822],
         [ 884.32507745,  336.00956789],
         [ 873.77236251,  341.69179901],
         [ 956.57058738,  307.5984123 ],
         [ 456.11670993,  359.48803436],
         [ 467.06875217,  341.75615646],
         [ 456.11670993,  336.28013534],
         [ 452.20526628,  307.33545229],
         [ 584.93358767,  335.2370837 ],
         [ 565.37636939,  333.41174333],
         [ 602.66546557,  321.67741236],
         [ 612.05293035,  315.1583396 ],
         [ 603.4477543 ,  311.76842176],
         [ 616.74666273,  309.94308139],
         [ 607.61996087,  300.0340908 ],
         [ 662.11940914,  305.51011191],
         [ 666.0308528 ,  323.50275273],
         [ 655.86109929,  361.05261183],
         [ 668.11695608,  346.18912593],
         [ 622.48344676,  324.80656728],
         [ 621.44039512,  313.85452505],
         [ 564.33331774,  309.16079266],
         [ 559.63958536,  310.72537012],
         [ 544.51533655,  307.85697811],
         [ 137.82257373,  289.05101157],
         [ 108.58657813,  302.49284862],
         [ 210.07244789,  290.05914935],
         [ 205.70385085,  283.67427674],
         [ 195.28642713,  282.33009304],
         [ 162.68997228,  286.36264416],
         [ 158.99346709,  292.0754249 ],
         [ 216.4573205 ,  290.7312412 ],
         [ 241.66076497,  285.35450638],
         [ 233.93170867,  284.68241452],
         [ 228.21892792,  300.47657306],
         [ 187.2213249 ,  307.86958344],
         [ 167.39461525,  293.08356268],
         [ 179.82831452,  287.03473601],
         [ 245.69331609,  290.7312412 ],
         [ 294.41997541,  287.70682786],
         [ 263.83979611,  272.9208071 ],
         [ 231.10164822,  273.49680828],
         [ 463.9588679 ,  286.87499204],
         [ 470.29573394,  295.32414676],
         [ 454.18953276,  295.06011068],
         [ 462.37465139,  269.18457435],
         [ 466.86326484,  279.21794558],
         [ 469.76766177,  281.59427034],
         [ 477.16067215,  281.06619817],
         [ 491.68265683,  280.538126  ],
         [ 496.96337853,  277.63372907],
         [ 494.85108985,  274.46529605],
         [ 455.77374927,  279.21794558],
         [ 447.06055846,  275.52144039],
         [ 430.42628511,  283.70655902],
         [ 415.11219218,  297.70047153],
         [ 425.40959949,  274.72933213],
         [ 483.23350211,  274.20125996],
         [ 483.49753819,  284.23463119],
         [ 493.00283725,  295.32414676],
         [ 517.82222924,  287.13902813],
         [ 527.3275283 ,  296.11625502],
         [ 537.36089953,  285.02673945],
         [ 541.05740472,  279.48198166],
         [ 544.22583774,  275.52144039],
         [ 542.11354906,  276.04951256],
         [ 530.23192524,  272.88107954],
         [ 512.54150754,  292.68378591],
         [ 507.52482193,  272.08897128],
         [ 504.09235282,  270.50475477],
         [ 511.4853632 ,  274.46529605],
         [ 526.53542005,  283.44252294],
         [ 521.78277052,  285.02673945],
         [ 517.29415707,  282.12234251],
         [ 571.4215545 ,  297.70047153],
         [ 583.83125049,  302.71715714],
         [ 600.72955993,  293.47589417],
         [ 600.46552385,  281.59427034],
         [ 592.80847738,  271.8249352 ],
         [ 576.43824011,  270.76879086],
         [ 556.63553374,  274.20125996],
         [ 588.31986394,  311.69438403],
         [ 595.9769104 ,  310.90227578],
         [ 609.70678682,  280.538126  ],
         [ 624.2287715 ,  280.01005383],
         [ 640.0709366 ,  286.87499204],
         [ 542.11354906,  296.90836327],
         [ 586.99968351,  272.35300737],
         [ 650.63238   ,  304.30137365],
         [ 653.27274085,  315.65492531],
         [ 686.89891494,  323.90143932],
         [ 688.1972742 ,  316.37095561],
         [ 700.92119495,  320.7853771 ],
         [ 706.89364755,  327.01750155],
         [ 710.26938163,  351.68632751],
         [ 838.28760476,  321.8240645 ],
         [ 847.11644774,  310.39850301],
         [ 833.61351142,  300.79064448],
         [ 810.50271658,  310.39850301],
         [ 824.5249966 ,  293.51983262],
         [ 802.45288916,  294.29884817],
         [ 780.12110987,  298.97294151],
         [ 753.63458095,  291.9618015 ],
         [ 748.4411439 ,  288.84573928],
         [ 741.9493476 ,  300.79064448],
         [ 731.56247351,  306.24375337],
         [ 730.78345796,  313.51456523],
         [ 732.34148907,  324.94012673],
         [ 712.0870846 ,  295.59720743],
         [ 738.83328537,  284.17164594],
         [ 759.3473617 ,  293.51983262],
         [ 794.92240545,  272.74608444],
         [ 808.42534176,  285.21033335],
         [ 808.42534176,  280.0168963 ],
         [ 785.05487506,  271.44772518],
         [ 792.58535878,  270.66870962],
         [ 801.1545299 ,  274.30411555],
         [ 805.30927953,  271.96706888],
         [ 833.09416772,  303.64703485],
         [ 827.12171512,  290.66344224],
         [ 813.6187788 ,  288.84573928],
         [ 851.01152552,  303.64703485],
         [ 851.27119737,  297.15523855],
         [ 780.12110987,  271.70739703],
         [ 769.99390764,  275.34280296],
         [ 766.09882985,  271.44772518],
         [ 771.2922669 ,  270.40903777],
         [ 777.52439135,  275.86214667],
         [ 760.38604911,  283.39263038],
         [ 763.76178318,  279.75722445],
         [ 761.68440837,  275.08313111],
         [ 754.67326836,  276.38149037],
         [ 751.55720613,  276.90083408],
         [ 752.59589354,  283.65230223],
         [ 733.12050463,  297.15523855],
         [ 674.43466603,  284.17164594],
         [ 687.67793049,  287.02803631],
         [ 694.42939865,  290.66344224],
         [ 668.72188528,  299.75195707],
         [ 665.08647935,  280.0168963 ],
         [ 750.77819057,  327.2771734 ],
         [ 760.12637725,  314.03390894],
         [ 749.22015946,  296.89556669],
         [ 734.93820759,  272.22674074],
         [ 727.40772388,  274.56378741],
         [ 733.12050463,  276.90083408],
         [ 758.82801799,  270.66870962],
         [ 687.67793049,  282.35394297],
         [ 859.13195484,  286.80170254],
         [ 873.17387391,  285.07346635],
         [ 864.10063389,  297.1711197 ],
         [ 890.02417679,  300.62759209],
         [ 874.47005105,  307.75656638],
         [ 900.60962347,  294.14670636],
         [ 887.4318225 ,  285.28949588],
         [ 922.21257588,  296.09097208],
         [ 948.35214829,  279.2406692 ],
         [ 920.05228063,  290.04214541],
         [ 978.59628166,  288.74596826],
         [ 973.41157309,  300.41156256],
         [ 980.97260643,  296.09097208],
         [ 994.79849597,  289.17802731],
         [ 968.65892356,  285.5055254 ],
         [ 978.81231119,  282.04905301],
         [1001.49541122,  305.81230066],
         [ 936.25449494,  285.72155492],
         [ 927.8293435 ,  283.99331873],
         [ 925.02095969,  288.09787969],
         [ 911.41109967,  291.7703816 ],
         [ 928.47743207,  335.19231594],
         [ 925.02095969,  355.28306168],
         [ 923.50875302,  386.60734267],
         [ 874.68608058,  379.47836838],
         [ 828.2397329 ,  281.18493492],
         [ 190.62027261,  275.33127723],
         [ 640.13509654,  274.15784216],
         [ 671.33589574,  273.64635365],
         [ 675.42780383,  274.15784216],
         [ 601.26196967,  274.66933067],
         [ 848.31092072,  278.24975025],
         [ 852.91431732,  272.62337662],
         [ 857.00622541,  276.2037962 ],
         [ 873.88534629,  273.64635365],
         [ 881.55767396,  275.18081918],
         [ 891.78744419,  279.78421578],
         [ 903.04019145,  277.73826174],
         [ 914.80442721,  280.80719281],
         [ 927.59164   ,  275.69230769]]), array([[423]], dtype=uint16))]]
