[[(array([[ 144.86547425,  560.29311653],
         [  30.53268293,  579.16357724],
         [  52.73322493,  631.33485095],
         [ 141.53539295,  673.51588076],
         [ 242.54785908,  616.90449864],
         [ 240.32780488,  539.20260163],
         [ 282.50883469,  549.19284553],
         [ 382.41127371,  545.86276423],
         [ 342.4502981 ,  540.31262873],
         [ 322.4698103 ,  665.74569106],
         [ 402.39176152,  646.87523035],
         [ 481.20368564,  598.03403794],
         [ 574.44596206,  618.01452575],
         [ 705.42915989,  523.66222222],
         [ 667.68823848,  539.20260163],
         [ 810.88173442,  574.72346883],
         [ 690.99880759,  667.96574526],
         [ 878.59338753,  672.40585366],
         [ 957.40531165,  606.91425474],
         [ 861.94298103,  575.83349593],
         [ 909.67414634,  533.65246612],
         [ 978.49582656,  518.11208672],
         [1000.69636856,  497.02157182],
         [1012.90666667,  580.27360434],
         [ 432.36249322,  493.69149051],
         [  34.83403794,  530.5998916 ],
         [  28.17387534,  492.30395664],
         [  10.41344173,  472.32346883],
         [  39.27414634,  461.22319783],
         [   4.30829268,  449.01289973],
         [  24.28878049,  446.23783198],
         [  37.05409214,  425.14731707],
         [  19.84867209,  405.16682927],
         [  29.28390244,  402.94677507],
         [  40.93918699,  394.62157182],
         [   3.19826558,  396.28661247],
         [  13.74352304,  387.40639566],
         [  57.03457995,  387.40639566],
         [  38.16411924,  385.74135501],
         [  33.16899729,  385.74135501],
         [  62.0297019 ,  386.29636856],
         [  60.36466125,  400.17170732],
         [  30.39392954,  415.71208672],
         [  13.18850949,  422.37224932],
         [  83.67523035,  392.40151762],
         [  89.22536585,  421.26222222],
         [  83.1202168 ,  448.45788618],
         [  57.5895935 ,  475.09853659],
         [  74.79501355,  511.17441734],
         [ 100.88065041,  526.1597832 ],
         [ 185.79772358,  498.40910569],
         [ 208.55327913,  468.99338753],
         [ 172.47739837,  476.20856369],
         [ 149.16682927,  462.33322493],
         [ 154.71696477,  443.46276423],
         [ 177.47252033,  450.12292683],
         [ 185.24271003,  426.25734417],
         [ 165.26222222,  419.04216802],
         [ 147.50178862,  419.04216802],
         [ 128.63132791,  429.03241192],
         [ 100.88065041,  441.24271003],
         [ 111.42590786,  421.26222222],
         [ 119.75111111,  415.15707317],
         [ 109.76086721,  407.94189702],
         [ 108.09582656,  400.17170732],
         [ 126.96628726,  399.06168022],
         [ 125.85626016,  390.18146341],
         [ 135.29149051,  399.61669377],
         [ 147.50178862,  394.62157182],
         [ 153.05192412,  404.05680217],
         [ 141.39663957,  412.93701897],
         [ 165.26222222,  403.50178862],
         [ 171.92238482,  394.62157182],
         [ 181.35761518,  394.62157182],
         [ 178.58254743,  406.83186992],
         [ 194.12292683,  400.17170732],
         [ 199.67306233,  445.12780488],
         [ 206.88823848,  428.47739837],
         [ 204.66818428,  412.38200542],
         [ 206.33322493,  397.39663957],
         [ 217.98850949,  388.51642276],
         [ 222.42861789,  385.18634146],
         [ 230.75382114,  392.40151762],
         [ 240.74406504,  392.95653117],
         [ 247.95924119,  394.62157182],
         [ 225.20368564,  407.38688347],
         [ 215.21344173,  403.50178862],
         [ 234.08390244,  437.35761518],
         [ 251.84433604,  426.25734417],
         [ 247.40422764,  414.60205962],
         [ 253.50937669,  496.18905149],
         [ 292.3603252 ,  507.28932249],
         [ 336.76140921,  501.18417344],
         [ 363.95707317,  498.40910569],
         [ 385.60260163,  493.96899729],
         [ 407.24813008,  504.51425474],
         [ 302.35056911,  461.22319783],
         [ 260.1695393 ,  457.33810298],
         [ 250.17929539,  451.23295393],
         [ 270.1597832 ,  420.15219512],
         [ 268.49474255,  368.53593496],
         [ 289.0302439 ,  417.93214092],
         [ 311.23078591,  429.03241192],
         [ 331.76628726,  432.36249322],
         [ 350.63674797,  465.10829268],
         [ 362.84704607,  472.32346883],
         [ 416.12834688,  461.22319783],
         [ 378.94243902,  441.24271003],
         [ 373.39230352,  432.36249322],
         [ 348.41669377,  423.48227642],
         [ 388.37766938,  417.93214092],
         [ 376.16737127,  415.15707317],
         [ 333.98634146,  405.16682927],
         [ 326.77116531,  407.38688347],
         [ 322.33105691,  401.83674797],
         [ 314.00585366,  405.16682927],
         [ 315.67089431,  394.06655827],
         [ 322.33105691,  396.84162602],
         [ 307.90070461,  391.84650407],
         [ 300.68552846,  389.07143631],
         [ 287.36520325,  390.73647696],
         [ 294.5803794 ,  389.07143631],
         [ 492.7202168 ,  516.1695393 ],
         [ 340.64650407,  390.73647696],
         [ 328.99121951,  395.17658537],
         [ 323.99609756,  391.29149051],
         [ 372.83728997,  400.17170732],
         [ 377.27739837,  391.29149051],
         [ 370.61723577,  393.51154472],
         [ 387.26764228,  376.30612466],
         [ 444.98905149,  380.74623306],
         [ 380.60747967,  406.83186992],
         [ 367.28715447,  411.82699187],
         [ 373.94731707,  410.16195122],
         [ 440.54894309,  446.23783198],
         [ 412.79826558,  440.13268293],
         [ 438.88390244,  429.03241192],
         [ 425.00856369,  427.36737127],
         [ 437.21886179,  412.38200542],
         [ 414.46330623,  409.60693767],
         [ 412.79826558,  423.48227642],
         [ 417.79338753,  398.50666667],
         [ 418.90341463,  393.51154472],
         [ 417.79338753,  383.52130081],
         [ 414.46330623,  385.74135501],
         [ 422.23349593,  382.96628726],
         [ 429.44867209,  386.85138211],
         [ 431.66872629,  384.07631436],
         [ 431.66872629,  397.95165312],
         [ 426.67360434,  407.94189702],
         [ 471.6297019 ,  488.41886179],
         [ 506.59555556,  456.22807588],
         [ 487.72509485,  457.33810298],
         [ 458.86439024,  441.24271003],
         [ 461.63945799,  458.44813008],
         [ 492.7202168 ,  430.14243902],
         [ 486.61506775,  416.82211382],
         [ 475.51479675,  411.27197832],
         [ 468.2996206 ,  410.16195122],
         [ 467.74460705,  401.28173442],
         [ 462.74948509,  393.51154472],
         [ 470.5196748 ,  390.73647696],
         [ 466.0795664 ,  387.96140921],
         [ 477.1798374 ,  382.96628726],
         [ 463.8595122 ,  380.74623306],
         [ 481.6199458 ,  382.96628726],
         [ 488.83512195,  384.07631436],
         [ 498.82536585,  380.74623306],
         [ 492.7202168 ,  391.84650407],
         [ 480.5099187 ,  396.84162602],
         [ 486.0600542 ,  390.73647696],
         [ 476.0698103 ,  389.07143631],
         [ 470.5196748 ,  396.28661247],
         [ 502.7104607 ,  403.50178862],
         [ 502.15544715,  398.50666667],
         [ 505.48552846,  411.82699187],
         [ 570.00585366,  485.36628726],
         [ 577.22102981,  531.43241192],
         [ 616.07197832,  558.62807588],
         [ 595.53647696,  535.31750678],
         [ 672.12834688,  495.91154472],
         [ 709.31425474,  482.03620596],
         [ 658.80802168,  518.11208672],
         [ 651.03783198,  483.14623306],
         [ 642.71262873,  474.26601626],
         [ 683.78363144,  469.82590786],
         [ 736.5099187 ,  466.49582656],
         [ 784.79609756,  491.47143631],
         [ 792.01127371,  481.48119241],
         [ 809.21669377,  520.88715447],
         [ 717.08444444,  444.8502981 ],
         [ 675.45842818,  447.0703523 ],
         [ 605.52672087,  455.39555556],
         [ 589.98634146,  484.25626016],
         [ 589.43132791,  464.83078591],
         [ 588.87631436,  451.5104607 ],
         [ 571.11588076,  448.1803794 ],
         [ 587.21127371,  435.9700813 ],
         [ 572.22590786,  429.3099187 ],
         [ 561.68065041,  421.539729  ],
         [ 554.46547425,  424.31479675],
         [ 540.5901355 ,  438.74514905],
         [ 614.96195122,  431.5299729 ],
         [ 601.08661247,  434.30504065],
         [ 630.50233062,  418.2096477 ],
         [ 612.18688347,  417.65463415],
         [ 543.36520325,  417.65463415],
         [ 573.89094851,  412.6595122 ],
         [ 585.54623306,  416.54460705],
         [ 553.9104607 ,  411.54948509],
         [ 522.8297019 ,  427.64487805],
         [ 530.5998916 ,  421.539729  ],
         [ 535.04      ,  416.54460705],
         [ 513.94948509,  421.539729  ],
         [ 531.15490515,  406.55436314],
         [ 522.27468835,  399.33918699],
         [ 511.17441734,  408.77441734],
         [ 513.94948509,  393.78905149],
         [ 511.17441734,  388.23891599],
         [ 518.94460705,  390.45897019],
         [ 525.0497561 ,  390.45897019],
         [ 538.92509485,  399.33918699],
         [ 540.5901355 ,  385.46384824],
         [ 549.4703523 ,  398.22915989],
         [ 545.0302439 ,  388.23891599],
         [ 551.13539295,  382.68878049],
         [ 521.16466125,  381.57875339],
         [ 514.50449864,  381.57875339],
         [ 561.12563686,  397.67414634],
         [ 555.0204878 ,  393.78905149],
         [ 566.12075881,  396.56411924],
         [ 574.44596206,  393.78905149],
         [ 580.55111111,  398.22915989],
         [ 582.77116531,  403.22428184],
         [ 629.94731707,  401.55924119],
         [ 601.08661247,  407.66439024],
         [ 612.18688347,  408.21940379],
         [ 614.40693767,  402.66926829],
         [ 565.56574526,  387.68390244],
         [ 581.38363144,  383.79880759],
         [ 569.17333333,  381.30124661],
         [ 603.86168022,  382.13376694],
         [ 613.57441734,  396.84162602],
         [ 619.12455285,  392.67902439],
         [ 600.80910569,  395.17658537],
         [ 606.91425474,  393.23403794],
         [ 589.43132791,  382.13376694],
         [ 611.35436314,  383.79880759],
         [ 599.97658537,  385.18634146],
         [ 619.12455285,  384.35382114],
         [ 616.07197832,  389.34894309],
         [ 633.83241192,  385.74135501],
         [ 640.49257453,  386.29636856],
         [ 645.76520325,  382.68878049],
         [ 638.27252033,  395.17658537],
         [ 642.9901355 ,  404.88932249],
         [ 647.98525745,  400.72672087],
         [ 650.20531165,  393.23403794],
         [ 645.48769648,  395.17658537],
         [ 659.08552846,  418.76466125],
         [ 649.6502981 ,  421.81723577],
         [ 666.30070461,  406.27685637],
         [ 667.41073171,  432.91750678],
         [ 661.30558266,  452.34298103],
         [ 682.95111111,  427.64487805],
         [ 697.38146341,  446.51533875],
         [ 709.86926829,  428.47739837],
         [ 696.27143631,  409.05192412],
         [ 707.64921409,  403.22428184],
         [ 716.52943089,  410.16195122],
         [ 686.55869919,  403.22428184],
         [ 681.28607046,  410.16195122],
         [ 673.23837398,  417.65463415],
         [ 674.62590786,  396.28661247],
         [ 678.78850949,  400.72672087],
         [ 659.64054201,  393.78905149],
         [ 667.96574526,  395.73159892],
         [ 673.23837398,  387.68390244],
         [ 665.46818428,  382.68878049],
         [ 658.53051491,  382.13376694],
         [ 653.25788618,  383.24379404],
         [ 679.34352304,  386.29636856],
         [ 689.61127371,  392.67902439],
         [ 684.33864499,  384.63132791],
         [ 687.39121951,  382.13376694],
         [ 698.21398374,  386.57387534],
         [ 702.65409214,  381.57875339],
         [ 705.98417344,  386.29636856],
         [ 702.93159892,  397.67414634],
         [ 721.80205962,  392.67902439],
         [ 737.6199458 ,  425.42482385],
         [ 728.18471545,  404.33430894],
         [ 786.46113821,  428.1998916 ],
         [ 776.47089431,  435.9700813 ],
         [ 775.36086721,  452.6204878 ],
         [ 816.43186992,  447.62536585],
         [ 839.18742547,  484.81127371],
         [ 850.28769648,  463.16574526],
         [ 836.41235772,  435.41506775],
         [ 816.98688347,  432.08498645],
         [ 859.30666667,  505.34677507],
         [ 888.72238482,  496.46655827],
         [ 966.97929539,  482.03620596],
         [ 944.77875339,  475.93105691],
         [ 921.46818428,  479.26113821],
         [ 884.83728997,  468.16086721],
         [ 998.0600542 ,  477.04108401],
         [1022.48065041,  484.25626016],
         [ 985.29474255,  442.07523035],
         [1001.3901355 ,  439.85517615],
         [1017.48552846,  409.32943089],
         [1004.16520325,  410.99447154],
         [1014.15544715,  393.23403794],
         [1020.26059621,  368.81344173],
         [1003.6101897 ,  368.81344173],
         [ 995.84      ,  392.12401084],
         [1005.8302439 ,  388.23891599],
         [ 986.40476965,  393.23403794],
         [ 983.6297019 ,  380.46872629],
         [ 978.0795664 ,  391.01398374],
         [ 966.42428184,  387.12888889],
         [ 954.76899729,  371.03349593],
         [ 959.20910569,  389.34894309],
         [ 955.32401084,  387.12888889],
         [ 985.29474255,  420.98471545],
         [ 977.52455285,  412.10449864],
         [ 968.08932249,  414.8795664 ],
         [ 972.52943089,  403.22428184],
         [ 961.42915989,  401.00422764],
         [ 961.98417344,  420.98471545],
         [ 954.21398374,  417.0996206 ],
         [ 961.98417344,  434.8600542 ],
         [ 946.44379404,  452.06547425],
         [ 918.13810298,  439.3001626 ],
         [ 943.66872629,  432.08498645],
         [ 939.78363144,  403.22428184],
         [ 932.01344173,  394.89907859],
         [ 944.22373984,  382.13376694],
         [ 939.78363144,  392.12401084],
         [ 934.23349593,  383.24379404],
         [ 914.25300813,  372.14352304],
         [ 915.36303523,  384.35382114],
         [ 918.69311653,  388.23891599],
         [ 923.13322493,  396.00910569],
         [ 917.58308943,  402.11425474],
         [ 918.13810298,  408.21940379],
         [ 925.90829268,  414.32455285],
         [ 920.91317073,  420.98471545],
         [ 900.37766938,  434.30504065],
         [ 885.94731707,  430.4199458 ],
         [ 867.07685637,  443.18525745],
         [ 854.86655827,  424.8698103 ],
         [ 838.21615176,  414.8795664 ],
         [ 848.20639566,  409.32943089],
         [ 865.41181572,  415.9895935 ],
         [ 873.73701897,  422.09474255],
         [ 874.84704607,  414.8795664 ],
         [ 877.62211382,  402.11425474],
         [ 889.27739837,  394.89907859],
         [ 898.71262873,  387.12888889],
         [ 907.03783198,  383.79880759],
         [ 895.38254743,  380.46872629],
         [ 906.48281843,  391.01398374],
         [ 889.83241192,  384.35382114],
         [ 879.28715447,  387.12888889],
         [ 874.29203252,  383.24379404],
         [ 869.29691057,  383.24379404],
         [ 863.19176152,  388.23891599],
         [ 865.41181572,  398.22915989],
         [ 870.96195122,  389.34894309],
         [ 856.53159892,  398.22915989],
         [ 851.53647696,  391.01398374],
         [ 848.76140921,  383.79880759],
         [ 826.00585366,  401.00422764],
         [ 835.44108401,  391.01398374],
         [ 839.32617886,  386.01886179],
         [ 829.89094851,  382.13376694],
         [ 826.56086721,  389.34894309],
         [ 818.79067751,  396.00910569],
         [ 811.0204878 ,  394.34406504],
         [ 803.2502981 ,  387.12888889],
         [ 809.35544715,  409.32943089],
         [ 803.80531165,  401.00422764],
         [ 821.56574526,  417.0996206 ],
         [ 786.5998916 ,  410.99447154],
         [ 799.36520325,  424.8698103 ],
         [ 802.69528455,  412.10449864],
         [ 785.4898645 ,  396.00910569],
         [ 797.7001626 ,  393.23403794],
         [ 793.81506775,  382.68878049],
         [ 769.39447154,  384.35382114],
         [ 757.73918699,  383.24379404],
         [ 749.96899729,  388.23891599],
         [ 762.17929539,  398.22915989],
         [ 768.83945799,  397.11913279],
         [ 781.60476965,  391.01398374],
         [ 772.1695393 ,  391.01398374],
         [ 765.50937669,  391.01398374],
         [ 758.84921409,  394.34406504],
         [ 763.84433604,  409.32943089],
         [1017.34677507,  425.9798374 ],
         [ 819.17755134,  385.60578977]]), array([[402]], dtype=uint16))]]
