[[(array([[ 92.11310951, 315.11630695],
         [140.22821743, 300.04996003],
         [ 75.10271783, 298.10591527],
         [166.95883293, 280.60951239],
         [163.5567546 , 303.93804956],
         [127.59192646, 335.04276579],
         [149.94844125, 327.75259792],
         [239.86051159, 316.57434053],
         [296.23780975, 278.17945643],
         [321.0243805 , 317.54636291],
         [333.17466027, 302.48001599],
         [334.14668265, 338.44484412],
         [415.79656275, 286.44164668],
         [447.38729017, 293.24580336],
         [515.42885691, 313.17226219],
         [510.08273381, 291.30175859],
         [517.37290168, 257.28097522],
         [498.90447642, 257.28097522],
         [506.19464428, 208.67985612],
         [488.69824141, 188.75339728],
         [501.82054357, 166.39688249],
         [494.5303757 , 156.19064748],
         [477.51998401, 144.04036771],
         [480.92206235, 130.43205436],
         [478.0059952 , 108.56155076],
         [463.91167066,  96.89728217],
         [468.77178257,  80.37290168],
         [450.30335731,  76.97082334],
         [464.88369305,  71.62470024],
         [442.04116707,  46.35211831],
         [447.38729017,  56.55835332],
         [505.2226219 ,  43.92206235],
         [508.62470024,  74.54076739],
         [508.13868905, 107.58952838],
         [416.28257394, 237.84052758],
         [412.8804956 , 207.22182254],
         [416.76858513, 185.35131894],
         [412.39448441, 170.77098321],
         [408.02038369, 147.44244604],
         [402.67426059, 128.48800959],
         [401.70223821, 111.9636291 ],
         [420.65667466, 110.99160671],
         [391.4960032 , 105.15947242],
         [388.57993605,  93.49520384],
         [407.5343725 ,  80.85891287],
         [401.21622702,  66.27857714],
         [396.35611511,  69.68065548],
         [309.8461231 , 233.95243805],
         [316.65027978, 212.08193445],
         [336.09072742, 205.27777778],
         [324.91247002, 191.66946443],
         [328.80055955, 176.60311751],
         [333.66067146, 153.76059153],
         [316.16426859, 138.20823341],
         [343.38089528, 137.72222222],
         [328.80055955, 123.14188649],
         [325.39848122, 108.07553957],
         [329.28657074,  95.92525979],
         [328.31454836,  85.71902478],
         [322.48241407,  73.568745  ],
         [336.57673861,  51.69824141],
         [238.88848921, 298.10591527],
         [252.49680256, 240.75659472],
         [251.52478018, 285.4696243 ],
         [250.55275779, 194.09952038],
         [261.73101519, 202.36171063],
         [257.35691447, 163.48081535],
         [270.96522782, 128.97402078],
         [277.76938449,  79.88689049],
         [269.99320544,  47.81015188],
         [284.57354117,  92.52318145],
         [295.26578737,  46.8381295 ],
         [249.09472422,  43.92206235],
         [251.03876898,  54.12829736],
         [233.05635492,  57.5303757 ],
         [233.05635492,  46.8381295 ],
         [232.08433253,  42.46402878],
         [230.62629896,  78.91486811],
         [226.25219824,  64.33453237],
         [238.40247802,  86.69104716],
         [212.64388489, 127.51598721],
         [217.01798561, 147.92845723],
         [201.95163869, 179.51918465],
         [200.49360512, 203.33373301],
         [182.02517986, 223.74620304],
         [111.06754596, 239.78457234],
         [ 93.08513189, 242.2146283 ],
         [ 63.92446043, 244.15867306],
         [ 69.27058353, 191.18345324],
         [ 85.79496403, 214.9980016 ],
         [ 76.07474021, 223.74620304],
         [135.85411671, 211.10991207],
         [141.686251  , 199.93165468],
         [152.86450839, 181.46322942],
         [139.74220624, 179.03317346],
         [156.26658673, 162.02278177],
         [162.09872102, 146.47042366],
         [156.75259792, 127.51598721],
         [130.9940048 , 130.43205436],
         [185.91326938, 113.42166267],
         [108.15147882, 158.62070344],
         [ 61.00839329, 160.5647482 ],
         [ 74.13069544, 155.70463629],
         [ 59.55035971, 124.11390887],
         [ 69.27058353, 114.39368505],
         [ 85.30895284,  95.92525979],
         [ 91.62709832,  86.20503597],
         [ 69.27058353,  78.42885691],
         [ 59.06434852,  78.42885691],
         [ 53.71822542,  62.8764988 ],
         [ 75.10271783,  52.67026379],
         [128.56394884,  77.45683453],
         [134.39608313,  68.70863309],
         [161.12669864,  73.08273381],
         [165.50079936,  60.44644285],
         [199.52158273,  54.12829736],
         [184.45523581,  43.43605116],
         [198.54956035,  43.43605116],
         [150.92046363,  57.04436451],
         [113.49760192,  50.24020783],
         [103.7773781 ,  46.35211831],
         [110.09552358,  65.30655476],
         [ 95.51518785,  63.36250999],
         [114.95563549,  94.46722622],
         [103.29136691, 122.6558753 ],
         [177.65107914,  63.36250999],
         [554.74575425,  79.17632368],
         [543.81268731,  68.85064935],
         [526.1983017 ,  41.51798202],
         [517.08741259,  23.9035964 ],
         [498.86563437,   8.71878122],
         [468.95154845,  44.08991009],
         [442.22627373,  30.72727273],
         [444.04845155,  14.93506494],
         [433.72277722,   7.95004995],
         [519.66883117,  55.32667333],
         [526.35014985,  71.72627373],
         [397.58291708,  45.91208791],
         [432.50799201,  32.85314685],
         [420.66383616,  22.52747253],
         [392.42007992,  11.29070929],
         [378.75374625,  21.31268731],
         [353.54695305,   4.001998  ],
         [347.16933067,  12.50549451],
         [350.81368631,  31.03096903],
         [316.19230769,  30.72727273],
         [315.88861139,  15.23876124],
         [316.7997003 ,   6.43156843],
         [331.07342657, 122.13986014],
         [311.02947053,  23.74225774],
         [396.97552448,  20.70529471],
         [383.91658342,  59.57842158],
         [103.6048951 , 111.81418581],
         [275.8006993 ,  29.20879121],
         [272.76373626,  16.45354645],
         [268.51198801,  22.83116883],
         [269.72677323,  36.8011988 ],
         [292.2002997 ,   1.87612388],
         [248.16433566,  26.77922078],
         [237.23126873,  30.42357642],
         [125.77472527,  51.37862138],
         [123.64885115,  38.01598402],
         [116.36013986,  14.32767233],
         [138.22627373,  13.72027972],
         [144.90759241,   5.82417582],
         [139.74475524,  23.74225774],
         [ 52.58391608,  39.23076923],
         [ 97.83466533,  48.03796204],
         [113.62687313,  38.62337662],
         [ 79.30919081,  89.03696304],
         [135.7967033 ,  61.4005994 ],
         [147.94455544,  68.99300699],
         [142.47802198, 101.18481518],
         [170.11438561,  86.        ],
         [104.81968032, 113.33266733],
         [ 49.85064935,  53.5044955 ],
         [ 62.60589411,  42.57142857],
         [154.62587413,   9.77222777],
         [153.41108891,  72.33366633],
         [ 92.36813187, 117.58441558],
         [ 81.13136863, 110.9030969 ],
         [459.99250749,  64.5989011 ],
         [398.34215784,  87.07242757],
         [380.12037962,  27.54795205],
         [ 87.66083916, 186.07742258],
         [ 89.78671329, 173.01848152],
         [100.11238761, 171.1963037 ],
         [ 92.51998002, 159.04845155],
         [ 89.17932068, 152.36713287],
         [ 82.19430569, 135.36013986],
         [ 63.36513487, 142.64885115],
         [130.78571429, 260.94805195],
         [212.17632368,  20.86663337],
         [216.42807193,  38.48101898],
         [ 97.37912088,  77.35414585],
         [128.96353646,   8.71878122],
         [291.13736264,  19.65184815],
         [545.02747253,   9.32617383],
         [515.26523477, 156.31518482],
         [382.24625375, 149.02647353]]), array([[200]], dtype=uint8))]]
