[[(array([[  92.33012658,   32.21931284],
         [  92.33012658,   32.21931284],
         [ 120.40448463,  109.96368897],
         [ 146.31927667,  153.15500904],
         [ 203.54777577,  108.88390597],
         [ 397.90871609,   21.42148282],
         [ 478.89244123,   28.97996383],
         [  54.53772152,  146.67631103],
         [ 254.29757685,  152.07522604],
         [ 297.48889693,  176.91023508],
         [ 342.839783  ,  144.51674503],
         [ 377.39283906,  116.44238698],
         [ 303.96759494,  109.96368897],
         [ 574.99312839,   34.37887884],
         [ 604.14726944,   77.57019892],
         [ 665.69490054,   30.05974684],
         [ 565.27508137,   89.44781193],
         [ 820.1038698 ,  147.75609403],
         [ 876.2525859 ,  154.23479204],
         [ 894.60889693,   54.89475588],
         [ 970.19370705,   66.7723689 ],
         [1003.66698011,  165.03262206],
         [1002.58719711,  233.05895118],
         [ 927.00238698,  241.69721519],
         [ 900.00781193,  207.14415913],
         [ 781.23168174,  169.35175407],
         [ 738.04036166,  190.9474141 ],
         [ 718.60426763,  248.1759132 ],
         [ 750.99775769,  311.88311031],
         [ 911.88542495,  297.84593128],
         [ 956.15652803,  283.80875226],
         [ 382.79175407,  317.28202532],
         [ 311.52607595,  297.84593128],
         [ 367.67479204,  244.9365642 ],
         [ 400.0682821 ,  387.46792043],
         [ 435.70112116,  366.9520434 ],
         [ 490.77005425,  349.67551537],
         [ 563.11551537,  311.88311031],
         [ 614.94509946,  309.7235443 ],
         [ 654.89707052,  335.63833635],
         [ 631.14184448,  242.77699819],
         [ 647.33858951,  158.55392405],
         [ 551.23790235,  252.49504521],
         [ 580.3920434 ,  271.93113924],
         [ 515.60506329,  302.16506329],
         [ 464.85526221,  238.45786618],
         [ 620.34401447,  527.83971067],
         [ 593.34943942,  500.84513562],
         [ 584.71117541,  447.93576854],
         [ 465.93504521,  521.36101266],
         [ 406.54698011,  647.69562387],
         [ 296.40911392,  493.28665461],
         [ 280.2123689 ,  387.46792043],
         [ 204.62755877,  413.38271248],
         [  83.69186257,  470.61121157],
         [ 170.07450271,  379.90943942],
         [ 104.2077396 ,  366.9520434 ],
         [  56.69728752,  427.4198915 ],
         [ 204.62755877,  525.68014467],
         [  12.42618445,  588.30755877],
         [ 122.56405063,  605.5840868 ],
         [ 676.49273056,  548.3555877 ],
         [ 747.75840868,  533.23862568],
         [ 762.87537071,  629.33931284],
         [ 911.88542495,  553.75450271],
         [ 864.37497288,  520.28122966],
         [ 880.5717179 ,  468.45164557],
         [ 781.23168174,  396.10618445],
         [ 843.85909584,  389.62748644],
         [ 964.79479204,  364.7924774 ],
         [ 999.3478481 ,  373.43074141],
         [1006.90632911,  415.54227848],
         [1000.4276311 ,  562.39276673],
         [1014.46481013,  629.33931284],
         [ 810.38582278,  382.06900542],
         [ 542.59963834,  390.70726944],
         [ 392.50980108,  170.43153707],
         [ 447.57873418,  181.22936709],
         [ 381.71197107,  288.12788427],
         [ 427.06285714,  311.88311031],
         [ 978.83197107,  165.03262206],
         [  25.38358047,  225.50047016],
         [ 292.08998192,  349.67551537],
         [ 226.22321881,  311.88311031],
         [ 292.08998192,  279.48962025],
         [ 844.83324675,    6.04067932],
         [ 988.05002997,  183.0157043 ],
         [  91.92215784,  175.34337662]]), array([[88]], dtype=uint8))]]
