[[(array([[220.69303797, 299.6289557 ],
         [260.49525316, 314.32515823],
         [326.01582278, 303.9153481 ],
         [348.06012658, 313.10047468],
         [ 24.74367089, 207.77768987],
         [ 40.05221519, 214.51344937],
         [ 29.64240506, 218.79984177],
         [ 13.72151899, 234.10838608],
         [ 33.92879747, 235.94541139],
         [288.05063291, 256.15268987],
         [318.66772152, 254.31566456],
         [335.20094937, 239.00712025],
         [338.875     , 225.53560127],
         [326.62816456, 225.53560127],
         [314.99367089, 221.86155063],
         [297.23575949, 228.59731013],
         [599.73259494,  61.42800633],
         [ 78.62974684, 280.03401899],
         [100.67405063, 243.29351266],
         [ 76.79272152, 244.5181962 ],
         [ 84.75316456, 224.92325949],
         [ 95.16297468, 223.08623418],
         [ 56.58544304, 230.43433544],
         [211.50791139, 270.23655063],
         [187.62658228, 258.60205696],
         [166.19462025, 250.64161392],
         [112.3085443 , 299.6289557 ],
         [102.51107595, 327.79667722],
         [ 63.9335443 , 348.61629747],
         [ 54.13607595, 314.9375    ],
         [109.85917722, 370.66060127],
         [183.34018987, 366.98655063],
         [373.77848101, 343.10522152],
         [420.92879747, 317.38686709],
         [382.35126582, 263.50079114],
         [423.99050633, 245.74287975],
         [450.32120253, 244.5181962 ],
         [478.48892405, 240.2318038 ],
         [506.0443038 , 254.31566456],
         [486.44936709, 275.74762658],
         [438.68670886, 300.24129747],
         [491.34810127, 360.25079114],
         [518.29113924, 332.69541139],
         [548.29588608, 267.17484177],
         [239.06329114, 164.91376582],
         [218.85601266, 155.11629747],
         [283.76424051, 166.75079114],
         [258.65822785, 167.36313291],
         [297.84810127, 163.07674051],
         [324.79113924, 167.36313291],
         [332.13924051, 163.68908228],
         [348.67246835, 215.73813291],
         [344.38607595, 204.10363924],
         [310.70727848, 208.39003165],
         [326.01582278, 204.10363924],
         [294.17405063, 207.1653481 ],
         [261.71993671, 231.65901899],
         [281.31487342, 234.72072785],
         [253.1471519 , 212.06408228],
         [237.22626582, 207.1653481 ],
         [213.95727848, 223.08623418],
         [238.45094937, 227.37262658],
         [239.67563291, 241.45648734],
         [229.26582278, 238.39477848],
         [212.73259494, 244.5181962 ],
         [168.03164557, 224.92325949],
         [166.80696203, 214.51344937],
         [155.17246835, 216.35047468],
         [144.76265823, 203.49129747],
         [127.61708861, 200.42958861],
         [129.45411392, 220.02452532],
         [129.45411392, 235.94541139],
         [143.53797468, 238.39477848],
         [146.59968354, 223.08623418],
         [113.53322785, 227.37262658],
         [ 63.32120253, 218.79984177],
         [ 48.625     , 215.73813291],
         [ 16.78322785, 218.79984177],
         [ 13.72151899, 211.45174051],
         [ 17.39556962, 205.94066456],
         [ 43.72626582, 200.42958861],
         [ 51.68670886, 201.65427215],
         [ 77.40506329, 205.94066456],
         [ 68.83227848, 199.81724684],
         [491.34810127, 228.59731013],
         [493.18512658, 218.79984177],
         [506.65664557, 228.59731013],
         [525.02689873, 220.02452532],
         [532.98734177, 214.51344937],
         [566.66613924, 210.22705696],
         [559.93037975, 227.37262658],
         [572.78955696, 235.94541139],
         [557.48101266, 244.5181962 ],
         [545.23417722, 250.02927215],
         [571.56487342, 335.14477848],
         [509.71835443, 208.39003165],
         [515.22943038, 200.42958861],
         [520.74050633, 197.36787975],
         [533.59968354, 193.08148734],
         [544.00949367, 186.34572785],
         [545.84651899, 173.48655063],
         [408.68196203, 212.67642405],
         [385.41297468, 208.39003165],
         [363.36867089, 210.22705696],
         [360.30696203, 201.65427215],
         [401.33386076, 201.65427215],
         [412.35601266, 205.94066456],
         [430.72626582, 217.57515823],
         [422.15348101, 204.10363924],
         [435.625     , 201.65427215],
         [ 93.81435608, 208.28898089],
         [ 48.85118692, 223.09223966],
         [ 19.38301759, 243.15273051],
         [ 31.4193121 , 201.9249631 ],
         [ 34.46297278, 207.73558804],
         [ 49.12788334, 206.90549876],
         [ 94.50609714, 200.12643633],
         [105.71230238, 207.3205434 ],
         [117.05685583, 200.40313276],
         [116.22676655, 195.83764173],
         [ 28.51399963, 195.69929352],
         [ 72.21513766, 192.72480695],
         [105.97210158, 193.83159265],
         [205.02942195, 208.77319963],
         [186.76745786, 208.77319963],
         [178.4665651 , 197.15194976],
         [196.17513633, 196.04516405],
         [253.17460001, 199.91891401],
         [260.92209993, 201.02569971],
         [265.34924274, 198.25873546],
         [270.3297784 , 193.83159265],
         [283.61120683, 197.70534261],
         [303.53334947, 207.66641393],
         [315.15459935, 196.04516405],
         [322.90209926, 192.17141409],
         [336.18352769, 202.13248542],
         [385.9888843 , 199.91891401],
         [363.2997774 , 189.95784269],
         [369.94049162, 181.10355707],
         [390.96941996, 182.76373562],
         [452.39602645, 197.70534261],
         [444.64852653, 198.25873546],
         [460.69691922, 209.32659248],
         [483.38602612, 206.55962823],
         [512.16245438, 191.61802124],
         [493.90049029, 192.17141409],
         [481.17245471, 174.46284286],
         [439.66799087, 178.33659281],
         [430.2603124 , 191.61802124],
         [466.78424058, 193.83159265],
         [161.31138671, 198.25873546],
         [124.23406568, 193.83159265],
         [ 31.81745952, 256.91837769],
         [ 15.76906684, 286.2481988 ],
         [ 41.22513799, 295.65587727],
         [160.75799386, 295.65587727],
         [152.45710109, 279.60748459],
         [  8.57495977, 251.38444918],
         [  3.59442411, 217.62748525],
         [195.06835063, 234.78266364],
         [410.33816976, 192.17141409],
         [211.11674332, 184.42391418],
         [273.65013551, 186.08409273],
         [464.57066918, 176.67641426],
         [467.89102628, 184.97730703],
         [515.48281149, 172.8026643 ],
         [522.67691856, 173.35605715],
         [506.07513302, 173.35605715],
         [481.72584757, 184.97730703],
         [ 48.3021978 , 196.31768232],
         [ 37.29320679, 196.31768232],
         [ 16.43406593, 195.73826174],
         [  6.58391608, 198.05594406],
         [ 10.06043956, 206.16783217],
         [ 88.86163836, 193.42057942],
         [ 93.497003  , 191.68231768],
         [101.60889111, 191.68231768],
         [124.78571429, 189.36463536],
         [131.15934066, 188.78521479],
         [136.95354645, 189.36463536],
         [134.63586414, 199.21478521],
         [142.74775225, 210.8031968 ],
         [169.4010989 , 206.74725275],
         [164.76573427, 191.1028971 ],
         [169.98051948, 191.68231768],
         [184.46603397, 188.78521479],
         [191.9985015 , 188.78521479],
         [189.1013986 , 196.8971029 ],
         [189.1013986 , 202.11188811],
         [205.32517483, 199.21478521],
         [211.6988012 , 198.05594406],
         [199.53096903, 189.94405594],
         [218.07242757, 189.94405594],
         [226.18431568, 202.69130869],
         [324.10639361, 381.15284715],
         [473.5969031 , 219.49450549],
         [481.70879121, 214.27972028],
         [490.4000999 , 207.90609391],
         [467.8026973 , 202.69130869],
         [479.97052947, 188.78521479],
         [459.11138861, 188.20579421],
         [457.95254745, 180.67332667],
         [452.15834166, 186.46753247],
         [445.20529471, 187.62637363],
         [375.67482517, 194.57942058],
         [381.46903097, 193.42057942],
         [377.41308691, 185.88811189],
         [374.51598402, 188.20579421],
         [346.7037962 , 197.47652348],
         [336.27422577, 195.73826174],
         [333.37712288, 189.36463536],
         [340.33016983, 188.20579421],
         [351.91858142, 188.20579421],
         [303.82667333, 186.46753247],
         [306.72377622, 191.1028971 ],
         [302.08841159, 194.57942058],
         [292.23826174, 195.15884116],
         [291.07942058, 187.04695305],
         [247.04345654, 187.62637363],
         [252.25824176, 188.78521479],
         [233.71678322, 192.26173826],
         [223.28721279, 189.94405594],
         [263.84665335, 189.36463536],
         [489.24125874, 174.2997003 ],
         [494.45604396, 177.1968032 ],
         [486.92357642, 181.25274725],
         [497.93256743, 181.83216783],
         [491.55894106, 183.57042957],
         [488.66183816, 188.20579421],
         [446.36413586, 179.51448551],
         [419.13136863, 185.30869131],
         [558.77172827, 185.88811189],
         [551.81868132, 183.57042957],
         [557.03346653, 179.51448551],
         [563.98651349, 179.51448551],
         [569.78071928, 181.25274725],
         [576.15434565, 175.45854146],
         [568.62187812, 173.72027972],
         [539.65084915, 177.77622378],
         [535.59490509, 180.09390609],
         [524.58591409, 179.51448551],
         [532.11838162, 175.45854146],
         [519.37112887, 184.72927073],
         [510.67982018, 181.83216783],
         [496.77372627, 159.23476523],
         [510.1003996 , 158.07592408],
         [430.71978022, 182.99100899],
         [409.86063936, 182.99100899],
         [415.65484515, 180.67332667],
         [551.81868132, 199.79420579],
         [552.3981019 , 210.22377622],
         [559.93056943, 202.11188811],
         [564.56593407, 191.68231768],
         [568.62187812, 195.15884116],
         [576.15434565, 200.37362637]]), array([[255]], dtype=uint8))]]
