[[(array([[ 115.36935953,  645.32715285],
         [  38.64608281,  661.69478521],
         [  94.90981907,  495.97250749],
         [  53.99073815,  475.51296703],
         [ 158.33439449,  505.1793007 ],
         [ 213.57515374,  501.08739261],
         [ 213.57515374,  458.12235764],
         [ 159.35737152,  442.7777023 ],
         [ 119.46126762,  352.75572428],
         [  52.96776113,  371.16931069],
         [   5.91081807,  395.72075924],
         [   6.93379509,  324.11236763],
         [  26.37035853,  324.11236763],
         [  49.89883006,  309.79068931],
         [  29.4392896 ,  308.76771229],
         [  19.20951937,  301.60687313],
         [  15.11761128,  281.14733267],
         [  61.15157731,  290.35412587],
         [  72.40432456,  307.74473526],
         [  89.79493395,  306.72175824],
         [  92.86386502,  276.03244755],
         [  95.93279609,  235.11336663],
         [ 121.50722167,  305.69878122],
         [ 123.55317571,  295.46901099],
         [ 132.75996892,  299.56091908],
         [ 178.79393495,  293.42305694],
         [ 183.90882007,  284.21626374],
         [ 190.04668221,  285.23924076],
         [ 200.27645244,  277.05542458],
         [ 203.34538351,  262.73374625],
         [ 209.48324564,  245.34313686],
         [ 238.12660229,  234.09038961],
         [ 246.31041847,  241.25122877],
         [ 213.57515374,  349.68679321],
         [ 205.39133755,  334.34213786],
         [ 239.14957931,  394.69778222],
         [ 313.82690199,  514.38609391],
         [ 308.71201687,  465.2831968 ],
         [ 297.45926962,  608.49998002],
         [ 189.02370518,  579.85662338],
         [ 287.22949939,  649.41906094],
         [ 328.14858031,  669.8786014 ],
         [ 324.05667222,  559.39708292],
         [ 326.10262626,  399.81266733],
         [ 305.6430858 ,  395.72075924],
         [ 314.84987901,  329.22725275],
         [ 227.89683206,  323.08939061],
         [ 227.89683206,  277.56691309],
         [ 216.6440848 ,  283.19328671],
         [ 243.75297591,  288.30817183],
         [ 243.75297591,  300.5838961 ],
         [ 255.00572317,  320.02045954],
         [ 261.1435853 ,  338.94553447],
         [ 254.49423465,  282.17030969],
         [ 259.60911977,  275.52095904],
         [ 251.9367921 ,  271.42905095],
         [ 255.00572317,  260.68779221],
         [ 272.90782107,  266.82565435],
         [ 280.06866023,  234.60187812],
         [ 291.32140748,  195.21726274],
         [ 298.99373515,  195.72875125],
         [ 303.59713176,  301.60687313],
         [ 315.36136752,  307.74473526],
         [ 327.6370918 ,  307.74473526],
         [ 327.6370918 ,  293.93454545],
         [ 319.96476412,  280.12435564],
         [ 304.10862027,  278.0784016 ],
         [ 320.47625264,  265.29118881],
         [ 317.40732157,  258.64183816],
         [ 316.89583306,  250.96951049],
         [ 305.13159729,  255.57290709],
         [ 309.73499389,  239.71676324],
         [ 325.07964924,  245.34313686],
         [ 324.05667222,  238.1822977 ],
         [ 319.45327561,  234.09038961],
         [ 310.75797092,  225.90657343],
         [ 322.01071817,  219.76871129],
         [ 318.9417871 ,  212.09638362],
         [ 311.78094794,  206.9814985 ],
         [ 314.84987901,  199.30917083],
         [ 338.37835054,  196.75172827],
         [ 334.79793096,  207.49298701],
         [ 336.33239649,  215.16531469],
         [ 336.33239649,  221.30317682],
         [ 341.95877012,  220.79168831],
         [ 347.07365523,  241.76271728],
         [ 335.82090798,  240.22825175],
         [ 354.23449439,  268.36011988],
         [ 357.30342546,  251.480999  ],
         [ 356.79193695,  238.1822977 ],
         [ 352.70002886,  216.18829171],
         [ 367.02170718,  203.40107892],
         [ 354.23449439,  176.29218781],
         [ 360.88384504,  187.54493506],
         [ 369.06766123,  184.98749251],
         [ 377.76296592,  170.15432567],
         [ 389.01571318,  170.66581419],
         [ 396.17655234,  162.481998  ],
         [ 385.69103785,  175.01346653],
         [ 391.57315573,  177.05942058],
         [ 394.13059829,  178.0823976 ],
         [ 397.19952936,  176.54793207],
         [ 400.52420468,  175.26921079],
         [ 398.73399489,  171.1773027 ],
         [ 401.54718171,  168.8756044 ],
         [ 405.6390898 ,  167.59688312],
         [ 409.47525364,  168.8756044 ],
         [ 414.33439449,  172.71176823],
         [ 418.17055833,  168.10837163],
         [ 423.5411877 ,  166.06241758],
         [ 417.91481407,  174.50197802],
         [ 421.2394894 ,  177.31516484],
         [ 425.07565324,  172.45602398],
         [ 427.37735154,  174.50197802],
         [ 428.1445843 ,  165.80667333],
         [ 432.49223665,  164.27220779],
         [ 431.72500389,  168.61986014],
         [ 436.839889  ,  165.80667333],
         [ 438.63009879,  169.89858142],
         [ 440.67605284,  167.85262737],
         [ 444.76796093,  164.27220779],
         [ 445.79093795,  170.15432567],
         [ 449.37135753,  165.80667333],
         [ 456.02070818,  167.08539461],
         [ 460.11261627,  165.03944056],
         [ 467.52919969,  164.01646354],
         [ 474.69003885,  163.24923077],
         [ 472.13259629,  167.08539461],
         [ 469.06366522,  167.59688312],
         [ 467.27345543,  169.13134865],
         [ 459.85687202,  172.20027972],
         [ 469.83089799,  175.52495504],
         [ 475.96876013,  169.89858142],
         [ 482.36236652,  171.1773027 ],
         [ 481.3393895 ,  167.08539461],
         [ 484.91980908,  168.8756044 ],
         [ 479.54917971,  189.59088911],
         [ 486.19853036,  160.94753247],
         [ 490.03469419,  164.7836963 ],
         [ 496.68404484,  163.50497502],
         [ 497.96276612,  168.10837163],
         [ 505.37934954,  151.22925075],
         [ 505.89083805,  155.83264735],
         [ 507.68104784,  158.13434565],
         [ 513.81890998,  155.5769031 ],
         [ 520.72400488,  156.85562438],
         [ 523.28144744,  153.78669331],
         [ 526.86186702,  151.74073926],
         [ 522.25847042,  140.74373626],
         [ 534.27845044,  146.62585415],
         [ 536.06866023,  147.64883117],
         [ 544.76396492,  143.81266733],
         [ 551.15757132,  141.25522478],
         [ 558.82989899,  140.48799201],
         [ 561.89883006,  136.14033966],
         [ 565.22350538,  139.46501499],
         [ 570.08264624,  138.18629371],
         [ 570.84987901,  135.11736264],
         [ 574.17455433,  134.60587413],
         [ 580.82390498,  136.39608392],
         [ 581.3353935 ,  130.00247752],
         [ 583.6370918 ,  127.95652348],
         [ 585.42730159,  124.12035964],
         [ 587.98474414,  130.25822178],
         [ 593.61111777,  120.02845155],
         [ 598.72600289,  116.44803197],
         [ 601.28344544,  118.23824176],
         [ 605.11960928,  115.93654346],
         [ 603.32939949,  128.72375624],
         [ 610.74598291,  126.42205794],
         [ 612.79193695,  116.95952048],
         [ 622.51021867,  114.65782218],
         [ 621.23149739,  117.21526474],
         [ 625.06766123,  117.21526474],
         [ 634.53019869,  115.6807992 ],
         [ 637.59912976,  115.16931069],
         [ 638.11061827,  117.21526474],
         [ 641.69103785,  117.21526474],
         [ 645.27145743,  114.14633367],
         [ 646.80592297,  116.70377622],
         [ 652.68804085,  115.42505495],
         [ 655.24548341,  116.70377622],
         [ 659.08164724,  113.89058941],
         [ 376.7399889 ,  319.73686758],
         [ 380.32040848,  294.162442  ],
         [ 363.4412876 ,  292.11648796],
         [ 374.69403485,  281.88671773],
         [ 369.57914974,  262.9616428 ],
         [ 372.64808081,  243.01359085],
         [ 385.94678211,  240.96763681],
         [ 390.0386902 ,  232.78382062],
         [ 388.50422466,  260.91568876],
         [ 405.38334554,  318.71389055],
         [ 418.17055833,  302.34625819],
         [ 414.07865024,  285.97862582],
         [ 408.96376512,  274.72587857],
         [ 425.33139749,  277.79480963],
         [ 423.28544345,  267.56503941],
         [ 414.07865024,  256.82378066],
         [ 427.37735154,  253.75484959],
         [ 408.96376512,  245.0595449 ],
         [ 412.03269619,  236.87572872],
         [ 405.89483405,  232.78382062],
         [ 421.75097791,  230.73786658],
         [ 430.44628261,  235.34126318],
         [ 444.25647242,  244.03656788],
         [ 438.11861028,  230.22637807],
         [ 448.85986902,  228.18042402],
         [ 453.97475413,  234.82977467],
         [ 454.48624265,  243.01359085],
         [ 456.53219669,  260.40420024],
         [ 442.21051837,  285.97862582],
         [ 445.79093795,  306.43816628],
         [ 460.11261627,  327.92068376],
         [ 466.76196692,  306.94965479],
         [ 474.94578311,  265.51908536],
         [ 494.38234654,  280.35225219],
         [ 493.35936952,  308.99560884],
         [ 514.33039849,  335.08152292],
         [ 527.62909979,  322.80579865],
         [ 544.50822067,  293.65095349],
         [ 517.91081807,  294.67393051],
         [ 532.23249639,  272.16843601],
         [ 519.44528361,  266.03057387],
         [ 517.91081807,  253.24336108],
         [ 505.6350938 ,  256.31229215],
         [ 489.77894994,  257.84675769],
         [ 479.0376912 ,  251.70889555],
         [ 477.50322566,  239.43317127],
         [ 490.80192696,  242.50210234],
         [ 500.52020868,  234.82977467],
         [ 510.74997891,  239.43317127],
         [ 516.37635254,  247.10549895],
         [ 517.91081807,  232.78382062],
         [ 507.16955933,  230.73786658],
         [ 503.58913975,  216.92767677],
         [ 490.29043845,  223.57702742],
         [ 479.0376912 ,  224.60000444],
         [ 462.15857032,  219.48511933],
         [ 469.83089799,  212.32428016],
         [ 472.38834055,  218.4621423 ],
         [ 438.11861028,  217.95065379],
         [ 441.69902986,  209.2553491 ],
         [ 435.04967921,  209.2553491 ],
         [ 436.58414474,  201.58302142],
         [ 427.88884005,  198.00260184],
         [ 418.68204684,  201.58302142],
         [ 409.47525364,  195.44515929],
         [ 405.38334554,  196.46813631],
         [ 405.38334554,  201.07153291],
         [ 397.19952936,  200.5600444 ],
         [ 397.19952936,  192.88771673],
         [ 386.96975913,  198.00260184],
         [ 379.29743146,  209.76683761],
         [ 370.60212676,  209.76683761],
         [ 514.33039849,  221.01958486],
         [ 522.00272616,  216.41618826],
         [ 527.62909979,  215.39321123],
         [ 524.56016872,  223.57702742],
         [ 530.18654235,  230.73786658],
         [ 534.27845044,  257.84675769],
         [ 562.92180708,  286.49011433],
         [ 562.41031857,  272.67992452],
         [ 579.80092796,  302.34625819],
         [ 577.2434854 ,  328.43217227],
         [ 587.47325563,  316.66793651],
         [ 601.79493395,  306.43816628],
         [ 616.11661228,  303.36923521],
         [ 632.48424464,  295.69690754],
         [ 624.30042846,  268.58801643],
         [ 612.5361927 ,  277.79480963],
         [ 601.28344544,  260.91568876],
         [ 592.58814075,  260.91568876],
         [ 582.86985903,  267.56503941],
         [ 567.52520369,  256.82378066],
         [ 576.22050838,  238.92168276],
         [ 583.38134754,  245.0595449 ],
         [ 586.45027861,  234.31828616],
         [ 553.20352536,  230.73786658],
         [ 552.69203685,  218.97363081],
         [ 509.21551338,  201.07153291],
         [ 519.95677212,  198.51409035],
         [ 512.79593296,  188.79580864],
         [ 503.07765124,  189.81878566],
         [ 494.38234654,  194.93367077],
         [ 498.47425463,  180.10050394],
         [ 509.72700189,  180.61199245],
         [ 521.49123765,  184.70390054],
         [ 516.88784105,  183.68092352],
         [ 535.81291597,  187.77283161],
         [ 527.11761128,  181.63496947],
         [ 544.50822067,  190.84176268],
         [ 551.15757132,  191.35325119],
         [ 548.60012876,  188.79580864],
         [ 556.78394494,  188.28432012],
         [ 565.47924964,  190.84176268],
         [ 554.7379909 ,  203.62897547],
         [ 554.7379909 ,  198.51409035],
         [ 573.66306582,  191.8647397 ],
         [ 579.28943945,  201.58302142],
         [ 583.38134754,  199.53706738],
         [ 577.2434854 ,  183.68092352],
         [ 583.89283605,  185.21538906],
         [ 585.42730159,  190.33027417],
         [ 596.68004884,  203.62897547],
         [ 589.51920968,  208.74386058],
         [ 589.00772117,  221.01958486],
         [ 576.22050838,  220.50809635],
         [ 566.50222666,  222.55405039],
         [ 598.21451437,  211.30130314],
         [ 607.93279609,  211.81279165],
         [ 604.35237651,  223.57702742],
         [ 598.72600289,  232.27233211],
         [ 616.11661228,  228.69191253],
         [ 613.55916972,  245.0595449 ],
         [ 648.3403885 ,  262.45015429],
         [ 652.9437851 ,  249.15145299],
         [ 640.66806083,  239.43317127],
         [ 629.92680209,  220.50809635],
         [ 623.27745144,  210.27832612],
         [ 618.16256632,  200.04855589],
         [ 625.32340548,  196.97962482],
         [ 612.02470418,  194.93367077],
         [ 622.25447441,  191.35325119],
         [ 637.59912976,  184.19241203],
         [ 640.15657232,  195.9566478 ],
         [ 650.89783106,  204.65195249],
         [ 658.05867022,  184.70390054],
         [ 678.00672217,  200.5600444 ],
         [ 687.72500389,  206.69790654],
         [ 669.31141747,  253.75484959],
         [ 671.35737152,  271.6569475 ],
         [ 679.02969919,  323.31728716],
         [ 662.66206682,  320.7598446 ],
         [ 679.5411877 ,  304.39221223],
         [ 712.27645244,  318.71389055],
         [ 719.4372916 ,  292.62797647],
         [ 714.83389499,  261.93866578],
         [ 693.35137751,  247.10549895],
         [ 708.18454434,  237.89870574],
         [ 697.95477411,  215.39321123],
         [ 715.85687202,  218.97363081],
         [ 725.57515374,  221.01958486],
         [ 733.24748141,  232.27233211],
         [ 736.82790099,  253.75484959],
         [ 745.52320568,  239.43317127],
         [ 759.33339549,  306.43816628],
         [ 771.60911977,  232.78382062],
         [ 790.02270618,  234.31828616],
         [ 768.02870019,  215.39321123],
         [ 731.71301587,  212.32428016],
         [ 726.59813076,  208.23237207],
         [ 738.36236652,  202.09450993],
         [ 719.94878011,  192.37622822],
         [ 736.31641248,  190.33027417],
         [ 732.22450438,  167.31329115],
         [ 723.52919969,  162.19840604],
         [ 682.09863026,   50.18242202],
         [ 682.61011877,   60.41219225],
         [ 689.77095793,   55.80879565],
         [ 707.16156732,   60.92368076],
         [ 698.46626263,   46.60200244],
         [ 697.95477411,   30.74585859],
         [ 720.46026862,   36.37223221],
         [ 729.66706183,   38.92967477],
         [ 735.80492396,   20.51608836],
         [ 740.40832057,   16.42418026],
         [ 758.82190698,   34.32627817],
         [ 773.65507382,   22.5620424 ],
         [ 775.70102786,    7.72887557],
         [ 763.42530359,   11.82078366],
         [ 787.97675214,   10.79780664],
         [ 781.83889   ,  165.26733711],
         [ 788.48824065,  176.52008436],
         [ 772.63209679,  195.44515929],
         [ 769.56316572,  202.60599845],
         [ 759.33339549,  199.53706738],
         [ 785.41930958,  206.18641803],
         [ 784.90782107,  229.20340104],
         [ 740.91980908,  298.25435009],
         [ 695.90882007,  195.44515929],
         [ 639.64508381,  179.58901543],
         [ 634.53019869,  179.58901543],
         [ 645.27145743,  173.45115329],
         [ 650.89783106,  170.38222222],
         [ 655.50122766,  170.38222222],
         [ 686.19053835,  181.12348096],
         [ 696.42030858,  181.12348096],
         [ 420.8531782 ,  436.66094241],
         [ 414.91608299,  390.35159977],
         [ 381.66834982,  363.0409618 ],
         [ 413.72866395,  357.10386659],
         [ 470.72477797,  374.91515222],
         [ 500.41025402,  364.22838084],
         [ 537.22024433,  364.22838084],
         [ 551.46927283,  504.34382781],
         [ 556.218949  ,  468.72125654],
         [ 499.22283498,  550.65317045],
         [ 585.90442505,  644.45927477],
         [ 650.02505333,  606.46186543],
         [ 640.52570099,  529.27962769],
         [ 615.58990111,  416.47481869],
         [ 663.08666279,  429.53642816],
         [ 686.83504363,  389.16418073],
         [ 653.58731045,  372.54031414],
         [ 631.02634865,  365.41579988],
         [ 604.90312973,  383.22708551],
         [ 591.84152026,  353.54160946],
         [ 625.08925344,  332.16806671],
         [ 733.14438627,  389.16418073],
         [ 759.2676052 ,  368.97805701],
         [ 806.76436688,  510.28092302],
         [ 739.08148148,  648.0215319 ],
         [ 843.57435718,  621.89831297],
         [ 804.3895288 ,  570.83929416],
         [ 938.56788055,  588.65057979],
         [ 867.32273803,  435.47352337],
         [ 813.88888113,  389.16418073],
         [ 798.45243359,  371.35289509],
         [ 840.01210006,  354.7290285 ],
         [1007.43818499,  642.08443669],
         [1013.3752802 ,  504.34382781],
         [ 978.94012798,  393.91385689],
         [1014.56269924,  418.84965678],
         [ 932.63078534,  346.41709521],
         [ 970.62819469,  336.91774287],
         [ 887.50886174,  342.85483808],
         [ 838.34216793,  328.60580958],
         [ 842.49813457,  281.70275742],
         [ 877.52699632,  272.20340508],
         [ 867.43393446,  252.01728137],
         [ 856.15345356,  240.14309094],
         [ 849.62264883,  230.64373861],
         [ 831.8113632 ,  206.30164825],
         [ 855.55974404,  202.73939112],
         [ 846.65410122,  199.17713399],
         [ 855.55974404,  190.27149118],
         [ 844.27926314,  184.33439597],
         [ 834.7799108 ,  184.92810549],
         [ 830.03023463,  184.33439597],
         [ 814.59378709,  182.5532674 ],
         [ 835.96732984,  164.14827225],
         [ 855.55974404,  158.80488656],
         [ 865.05909637,  178.99101028],
         [ 870.40248206,  170.08536746],
         [ 897.71312003,  172.46020555],
         [ 907.80618189,  173.64762459],
         [ 916.7118247 ,  174.24133411],
         [ 907.21247237,  189.67778166],
         [ 897.71312003,  200.36455303],
         [ 897.11941051,  218.76954819],
         [ 908.99360093,  221.14438627],
         [ 931.55456273,  237.76825286],
         [ 908.39989141,  262.70405274],
         [ 951.74068645,  259.73550514],
         [ 954.70923405,  230.05002909],
         [ 945.20988171,  233.01857669],
         [ 975.48906729,  234.20599573],
         [ 956.49036261,  197.39600543],
         [ 965.39600543,  197.98971495],
         [ 983.80100058,  177.80359124],
         [ 977.27019585,  153.46150087],
         [ 984.98841962,  160.58601513],
         [ 961.8337483 ,  151.08666279],
         [ 954.70923405,  155.24262944],
         [ 944.02246267,  171.86649602],
         [ 981.4261625 ,  276.95308125],
         [ 869.21506302,    8.8932325 ],
         [ 827.06168703,   21.36113244],
         [ 819.93717277,    8.29952298],
         [ 830.62394415,    5.92468489],
         [ 777.2354934 ,  308.12835165]]), array([[472]], dtype=uint16))]]
