[[(array([[ 194.57913669,  287.45923261],
         [ 122.15547562,  285.83173461],
         [ 225.29816147,  197.33653078],
         [ 174.03197442,  233.14148681],
         [ 283.48121503,  236.39648281],
         [ 339.62989608,  233.95523581],
         [ 336.37490008,  218.0871303 ],
         [ 347.76738609,  201.81215028],
         [ 314.81055156,  192.04716227],
         [ 268.01998401,  146.07034373],
         [ 220.82254197,  162.75219824],
         [ 223.26378897,  128.98161471],
         [ 193.96882494,  153.39408473],
         [ 112.59392486,  188.79216627],
         [ 139.04076739,  154.20783373],
         [ 163.04636291,  131.01598721],
         [ 180.54196643,  146.88409273],
         [  92.65707434,  152.58033573],
         [  85.33333333,  132.23661071],
         [  27.15027978,  133.45723421],
         [  41.79776179,  120.8441247 ],
         [  21.86091127,  102.12789768],
         [  33.66027178,   92.76978417],
         [  95.91207034,   94.39728217],
         [ 119.51079137,   90.32853717],
         [ 117.88329337,  108.63788969],
         [ 164.67386091,  100.90727418],
         [ 177.69384492,   98.46602718],
         [ 140.26139089,   82.59792166],
         [ 193.56195044,   93.99040767],
         [ 230.99440448,   93.58353317],
         [ 196.00319744,  120.8441247 ],
         [ 259.068745  ,  112.70663469],
         [ 273.71622702,   98.46602718],
         [ 302.19744205,  103.34852118],
         [ 341.25739408,  117.1822542 ],
         [ 341.25739408,  155.02158273],
         [ 387.23421263,  129.79536371],
         [ 401.88169464,  119.6235012 ],
         [ 416.12230216,  114.33413269],
         [ 359.5667466 ,  106.60351719],
         [ 371.77298161,  102.53477218],
         [ 349.39488409,   91.54916067],
         [ 337.18864908,   89.10791367],
         [ 359.9736211 ,   80.56354916],
         [ 299.34932054,   83.41167066],
         [ 149.82294165,  188.18185452],
         [ 243.60751399,  254.70583533],
         [ 265.57873701,  262.84332534],
         [ 212.68505196,  257.96083133],
         [ 423.03916867,  269.35331735],
         [ 428.12509992,  335.47042366],
         [ 516.00999201,  311.05795364],
         [ 525.77498002,  251.65427658],
         [ 559.13868905,  248.39928058],
         [ 483.46003197,  195.50559552],
         [ 508.686251  ,  191.43685052],
         [ 433.00759392,  193.06434852],
         [ 472.88129496,  169.4656275 ],
         [ 491.59752198,  168.6518785 ],
         [ 450.91007194,  134.47442046],
         [ 473.69504396,  109.24820144],
         [ 483.46003197,  125.52318145],
         [ 488.34252598,  137.72941647],
         [ 541.23621103,  166.21063149],
         [ 603.89488409,  298.03796962],
         [ 654.34732214,  333.84292566],
         [ 649.46482814,  276.0667466 ],
         [ 630.74860112,  233.75179856],
         [  67.02398082,   72.77657874],
         [  69.05835332,   54.06035172],
         [  85.33333333,   65.45283773],
         [ 103.23581135,   64.23221423],
         [ 123.17266187,   63.82533973],
         [  92.65707434,   46.32973621],
         [ 110.96642686,   41.44724221],
         [ 135.78577138,   46.73661071],
         [ 156.5363709 ,   39.4128697 ],
         [ 124.39328537,   36.9716227 ],
         [ 156.9432454 ,   49.99160671],
         [ 169.14948042,   58.12909672],
         [ 189.49320544,   60.16346922],
         [ 214.31254996,   73.99720224],
         [ 212.68505196,   50.39848122],
         [ 195.18944844,   41.85411671],
         [ 204.95443645,   34.1235012 ],
         [ 217.56754596,   29.64788169],
         [ 216.75379696,   21.51039169],
         [ 215.53317346,   17.84852118],
         [ 185.01758593,   21.51039169],
         [ 233.84252598,   73.18345324],
         [ 241.57314149,   60.97721823],
         [ 249.30375699,   43.07474021],
         [ 270.86810552,   56.90847322],
         [ 276.15747402,   78.06594724],
         [ 310.74180655,   63.82533973],
         [ 302.60431655,   43.88848921],
         [ 348.17426059,   49.99160671],
         [ 328.64428457,   39.0059952 ],
         [ 346.95363709,   34.9372502 ],
         [ 342.88489209,   21.51039169],
         [ 327.42366107,   23.13788969],
         [ 334.34052758,   17.84852118],
         [ 300.97681855,   17.84852118],
         [ 276.56434852,   26.39288569],
         [ 262.73061551,   22.32414069],
         [ 256.2206235 ,   17.84852118],
         [ 240.75939249,   22.73101519],
         [ 258.6618705 ,    6.04916067],
         [ 277.37809752,   13.37290168],
         [ 292.02557954,    5.64228617],
         [ 299.75619504,    4.82853717],
         [ 359.5667466 ,   43.88848921],
         [ 391.70983213,   56.90847322],
         [ 404.72981615,   53.24660272],
         [ 383.16546763,   37.7853717 ],
         [ 394.96482814,   87.01718625],
         [ 379.09672262,   84.16906475],
         [ 426.29416467,   64.63908873],
         [ 404.32294165,   96.37529976],
         [  41.39088729,   12.15227818],
         [ 114.62829736,   21.10351719],
         [ 131.31015188,    5.64228617],
         [ 152.8745004 ,   21.51039169],
         [ 235.47002398,   15.00039968],
         [ 187.45883293,   33.7166267 ],
         [ 459.04756195,   90.27218225],
         [ 475.72941647,   87.42406075],
         [ 494.03876898,   88.64468425],
         [ 496.88689049,  110.20903277],
         [ 542.45683453,  118.75339728],
         [ 587.61990408,  159.44084732],
         [ 581.10991207,  135.8421263 ],
         [ 586.39928058,   90.27218225],
         [ 593.72302158,  128.51838529],
         [ 629.52797762,  121.19464428],
         [ 639.69984013,  161.47521982],
         [ 684.86290967,  135.0283773 ],
         [ 658.82294165,  126.89088729],
         [ 644.58233413,  111.02278177],
         [ 625.86610711,  101.25779376],
         [ 629.12110312,   74.81095124],
         [ 558.73181455,   35.3441247 ],
         [ 492.81814548,   66.26658673],
         [ 465.15067946,   51.61910472],
         [ 455.79256595,   43.88848921],
         [ 443.58633094,   32.0891287 ],
         [ 459.04756195,   31.6822542 ],
         [ 427.31135092,   31.2753797 ],
         [ 406.1538769 ,   39.0059952 ],
         [ 393.54076739,   28.42725819],
         [ 358.95643485,   30.4616307 ],
         [ 382.55515588,   19.06914468],
         [ 364.65267786,   14.18665068],
         [ 350.81894484,    8.49040767],
         [ 423.24260592,   12.15227818],
         [ 443.99320544,   10.93165468],
         [ 465.15067946,   10.93165468],
         [ 489.56314948,    6.04916067],
         [ 489.56314948,   23.54476419],
         [ 493.63189448,   37.7853717 ],
         [ 513.9756195 ,   16.22102318],
         [ 533.50559552,   15.40727418],
         [ 502.99000799,    5.23541167],
         [ 510.7206235 ,    5.23541167],
         [ 589.24740208,   15.81414868],
         [ 612.0323741 ,    6.04916067],
         [ 597.79176659,    7.26978417],
         [ 575.00679456,    5.23541167],
         [ 633.59672262,   10.11790568],
         [ 645.80295763,   15.00039968],
         [ 662.89168665,   13.77977618],
         [ 684.04916067,   10.52478018],
         [ 672.65667466,    2.38729017],
         [ 687.30415667,    6.86290967],
         [ 693.40727418,   15.40727418],
         [ 679.16666667,   52.43285372],
         [ 664.92605915,   65.04596323],
         [ 643.36171063,   68.70783373],
         [ 648.65107914,   48.77098321],
         [ 660.04356515,   37.3784972 ],
         [ 640.92046363,   49.58473221],
         [ 671.02917666,   30.8685052 ],
         [ 627.49360512,   50.39848122],
         [ 615.2873701 ,   44.70223821],
         [ 596.16426859,   40.63349321],
         [ 589.24740208,   57.31534772],
         [ 599.01239009,   76.84532374],
         [ 607.9636291 ,   62.60471623],
         [ 684.04916067,   87.83093525],
         [ 690.96602718,  112.24340528],
         [ 409.0019984 ,   27.20663469],
         [ 401.27138289,   15.40727418],
         [ 745.28377298,  252.67146283],
         [ 851.07114309,  289.69704237],
         [ 844.96802558,  218.0871303 ],
         [ 941.80415667,  211.57713829],
         [ 905.18545164,  189.19904077],
         [ 852.29176659,  192.04716227],
         [ 796.14308553,  194.48840927],
         [ 786.78497202,  172.51718625],
         [ 772.95123901,  153.39408473],
         [ 751.38689049,  150.13908873],
         [ 711.51318945,  152.98721023],
         [ 703.37569944,  152.98721023],
         [ 666.3501199 ,  172.51718625],
         [ 641.12390088,  202.21902478],
         [ 888.09672262,  162.34532374],
         [ 823.81055156,  157.46282974],
         [ 852.29176659,  136.30535572],
         [ 898.67545963,  137.11910472],
         [ 957.26538769,  151.35971223],
         [ 944.24540368,  138.74660272],
         [ 870.80455635,  321.63669065],
         [ 769.08593125,  288.27298161],
         [ 701.54476419,  205.27058353],
         [ 714.5647482 ,  132.03317346],
         [ 782.30935252,  130.60911271],
         [ 750.57314149,  115.9616307 ],
         [ 726.97442046,  102.53477218],
         [ 701.34132694,   77.30855316],
         [ 710.29256595,   59.81294964],
         [ 699.30695444,   42.31734612],
         [ 703.78257394,   32.95923261],
         [ 720.87130296,   22.7873701 ],
         [ 731.45003997,   38.65547562],
         [ 741.21502798,   45.97921663],
         [ 766.8481215 ,   41.50359712],
         [ 783.12310152,   43.94484412],
         [ 770.91686651,   31.33173461],
         [ 760.3381295 ,   27.66986411],
         [ 758.71063149,   16.2773781 ],
         [ 742.43565148,   13.8361311 ],
         [ 791.66746603,   18.7186251 ],
         [ 806.72182254,   19.1254996 ],
         [ 807.53557154,   34.99360512],
         [ 780.27498002,   65.91606715],
         [ 798.99120703,   70.79856115],
         [ 766.441247  ,   83.00479616],
         [ 778.24060751,   85.03916867],
         [ 735.11191047,   80.15667466],
         [ 744.47002398,   74.46043165],
         [ 723.71942446,   69.57793765],
         [ 638.27577938,   28.89048761],
         [ 836.01678657,   27.26298961],
         [ 819.33493205,   39.06235012],
         [ 876.29736211,   21.1598721 ],
         [ 855.95363709,   28.07673861],
         [ 871.82174261,   85.44604317],
         [ 891.75859313,   68.76418865],
         [ 887.68984812,   60.62669864],
         [ 912.91606715,   66.72981615],
         [ 888.91047162,   41.91047162],
         [ 922.68105516,   28.07673861],
         [ 940.58353317,   13.02238209],
         [ 927.97042366,   96.02478018],
         [ 916.98481215,   85.44604317],
         [ 778.24060751,  112.29976019],
         [ 826.25179856,  135.49160671],
         [ 816.48681055,   89.10791367],
         [ 829.91366906,   82.19104716],
         [ 848.22302158,  104.56914468],
         [ 857.58113509,  121.6578737 ],
         [ 872.22861711,  118.8097522 ],
         [ 798.99120703,  142.00159872],
         [ 695.23820943,  123.2853717 ],
         [ 709.88569145,   96.02478018],
         [ 572.36211031,  123.6922462 ],
         [ 538.18465228,   58.99920064],
         [ 893.38609113,   20.3461231 ],
         [ 884.84172662,    8.54676259],
         [ 934.48041567,   22.3804956 ],
         [ 859.61550759,   14.6498801 ],
         [ 873.44924061,    9.76738609],
         [ 322.37512488,    9.7997003 ],
         [ 383.39410589,    6.74875125],
         [ 397.63186813,    6.74875125],
         [ 931.54795205, -113.25524476],
         [ 518.65284715, -154.95154845],
         [ 199.32017982,   14.88461538],
         [ 221.69380619,    5.73176823],
         [ 716.96453546,    7.76573427],
         [ 787.13636364,    8.78271728],
         [ 796.28921079,    4.71478521],
         [ 815.61188811,    8.78271728],
         [ 978.32917083,  183.7037962 ],
         [ 995.61788212,  147.09240759],
         [ 968.15934066,  120.65084915],
         [ 989.51598402,  113.53196803],
         [ 962.05744256,  100.31118881],
         [ 940.7007992 ,  113.53196803],
         [ 949.85364635,   88.10739261],
         [ 937.64985015,   79.97152847],
         [ 940.7007992 ,   60.64885115],
         [ 972.22727273,   63.6998002 ],
         [ 985.44805195,   82.00549451],
         [ 996.63486513,   88.10739261],
         [ 990.53296703,   24.03746254],
         [ 976.2952048 ,   27.08841159],
         [ 971.21028971,    8.78271728],
         [ 949.85364635,   20.98651349],
         [1008.83866134,   24.03746254]]), array([[302]], dtype=uint16))]]
