[[(array([[  9.64444444, 264.36851852],
         [  5.02962963, 255.13888889],
         [  2.06296296, 227.77962963],
         [ 21.18148148, 233.38333333],
         [ 32.38888889, 236.02037037],
         [ 34.6962963 , 259.09444444],
         [ 32.71851852, 244.59074074],
         [ 52.16666667, 233.0537037 ],
         [ 74.25185185, 257.77592593],
         [ 88.0962963 , 242.28333333],
         [101.61111111, 255.46851852],
         [110.84074074, 236.67962963],
         [126.66296296, 258.76481481],
         [142.81481481, 240.63518519],
         [143.47407407, 224.81296296],
         [156.32962963, 212.9462963 ],
         [126.33333333, 211.95740741],
         [165.55925926, 259.09444444],
         [180.06296296, 249.53518519],
         [199.18148148, 260.41296296],
         [217.31111111, 255.13888889],
         [213.68518519, 227.77962963],
         [184.34814815, 231.73518519],
         [180.06296296, 220.85740741],
         [173.14074074, 208.33148148],
         [200.82962963, 204.70555556],
         [222.58518519, 205.36481481],
         [231.15555556, 216.24259259],
         [245.32962963, 229.42777778],
         [264.44814815, 232.39444444],
         [283.56666667, 230.7462963 ],
         [250.6037037 , 212.9462963 ],
         [243.68148148, 203.71666667],
         [264.44814815, 201.07962963],
         [296.42222222, 203.05740741],
         [309.93703704, 202.39814815],
         [330.37407407, 182.29074074],
         [350.48148148, 182.62037037],
         [306.64074074, 189.54259259],
         [285.21481481, 183.27962963],
         [290.48888889, 168.77592593],
         [314.88148148, 162.51296296],
         [324.77037037, 152.9537037 ],
         [339.27407407, 141.41666667],
         [332.35185185, 131.52777778],
         [351.14074074, 121.30925926],
         [316.52962963, 125.92407407],
         [328.06666667, 114.71666667],
         [302.68518519, 126.58333333],
         [309.27777778, 141.41666667],
         [301.36666667, 152.62407407],
         [279.94074074, 142.73518519],
         [287.85185185, 135.81296296],
         [270.71111111, 160.20555556],
         [254.22962963, 163.50185185],
         [276.64444444, 180.31296296],
         [260.49259259, 180.31296296],
         [238.40740741, 180.31296296],
         [229.17777778, 159.5462963 ],
         [245.98888889, 146.69074074],
         [259.83333333, 139.43888889],
         [236.42962963, 135.81296296],
         [227.85925926, 148.99814815],
         [212.6962963 , 144.38333333],
         [205.77407407, 141.08703704],
         [200.5       , 150.97592593],
         [209.07037037, 167.45740741],
         [195.55555556, 174.37962963],
         [184.01851852, 174.05      ],
         [182.7       , 156.90925926],
         [185.9962963 , 141.7462963 ],
         [192.58888889, 129.22037037],
         [167.53703704, 126.2537037 ],
         [155.01111111, 165.15      ],
         [168.85555556, 165.15      ],
         [158.96666667, 177.3462963 ],
         [154.02222222, 155.59074074],
         [141.4962963 , 191.85      ],
         [125.34444444, 186.90555556],
         [116.11481481, 201.40925926],
         [139.51851852, 176.35740741],
         [131.93703704, 165.80925926],
         [128.64074074, 150.97592593],
         [135.89259259, 141.08703704],
         [113.47777778, 160.53518519],
         [104.24814815, 183.60925926],
         [ 93.04074074, 201.07962963],
         [ 80.84444444, 185.25740741],
         [ 83.81111111, 169.43518519],
         [ 98.97407407, 156.57962963],
         [ 68.31851852, 195.80555556],
         [ 50.51851852, 205.03518519],
         [ 37.66296296, 218.55      ],
         [  8.65555556, 209.97962963],
         [ 24.47777778, 195.1462963 ],
         [  9.64444444, 195.80555556],
         [  2.72222222, 179.32407407],
         [ 21.51111111, 176.35740741],
         [ 32.71851852, 180.97222222],
         [ 43.92592593, 172.40185185],
         [ 59.08888889, 175.69814815],
         [ 73.59259259, 162.84259259],
         [ 80.51481481, 152.29444444],
         [ 58.1       , 150.97592593],
         [106.22592593, 151.30555556],
         [ 95.34814815, 137.46111111],
         [ 77.54814815, 136.80185185],
         [ 61.72592593, 133.83518519],
         [ 33.04814815, 147.02037037],
         [  1.73333333, 141.08703704],
         [ 27.44444444, 139.43888889],
         [ 19.2037037 , 132.8462963 ],
         [ 17.55555556, 113.72777778],
         [ 28.76296296, 119.99074074],
         [ 38.32222222, 124.60555556],
         [ 57.77037037, 117.3537037 ],
         [ 69.96666667, 113.72777778],
         [ 43.92592593, 106.1462963 ],
         [ 12.94074074,  98.23518519],
         [ 10.63333333,  84.06111111],
         [ 34.36666667,  87.02777778],
         [ 46.56296296,  94.27962963],
         [ 66.67037037,  94.27962963],
         [ 81.17407407, 100.21296296],
         [100.95185185, 104.49814815],
         [109.85185185, 110.76111111],
         [134.24444444, 101.20185185],
         [147.1       , 114.05740741],
         [150.06666667, 134.49444444],
         [152.37407407, 102.19074074],
         [159.95555556,  98.56481481],
         [170.83333333, 104.49814815],
         [182.04074074, 104.82777778],
         [179.07407407, 119.33148148],
         [194.8962963 ,  88.3462963 ],
         [186.65555556,  87.35740741],
         [  5.02962963,  69.22777778],
         [  7.33703704,  57.36111111],
         [ 11.62222222,  47.80185185],
         [ 22.5       ,  49.12037037],
         [ 26.78518519,  57.36111111],
         [ 36.34444444,  46.81296296],
         [ 41.61851852,  55.38333333],
         [ 47.55185185,  69.22777778],
         [ 45.9037037 ,  57.69074074],
         [ 41.28888889,  80.10555556],
         [ 17.55555556,  68.56851852],
         [ 56.45185185,  83.40185185],
         [ 57.44074074,  71.53518519],
         [ 58.42962963,  58.02037037],
         [ 54.47407407,  46.81296296],
         [ 84.47037037,  46.48333333],
         [ 75.57037037,  62.30555556],
         [ 78.20740741,  51.09814815],
         [ 97.32592593,  55.71296296],
         [114.7962963 ,  58.02037037],
         [109.52222222,  65.93148148],
         [101.28148148,  76.47962963],
         [ 76.55925926,  74.50185185],
         [114.46666667,  75.82037037],
         [131.27777778,  49.12037037],
         [142.15555556,  69.88703704],
         [142.81481481,  84.72037037],
         [154.35185185,  79.4462963 ],
         [162.59259259,  86.36851852],
         [172.81111111,  92.96111111],
         [175.11851852,  83.73148148],
         [153.36296296,  65.60185185],
         [160.61481481,  70.87592593],
         [161.27407407,  53.40555556],
         [173.8       ,  58.02037037],
         [176.43703704,  48.13148148],
         [179.07407407,  67.25      ],
         [180.06296296,  73.84259259],
         [186.32592593,  68.56851852],
         [194.56666667,  64.94259259],
         [199.51111111,  71.53518519],
         [196.21481481,  56.37222222],
         [206.1037037 ,  50.10925926],
         [211.37777778,  61.31666667],
         [212.03703704,  70.87592593],
         [223.9037037 ,  85.05      ],
         [210.05925926,  95.26851852],
         [208.08148148,  83.07222222],
         [217.64074074,  77.79814815],
         [206.1037037 , 125.26481481],
         [209.07037037, 124.93518519],
         [251.92222222, 121.30925926],
         [259.5037037 , 109.77222222],
         [270.05185185, 113.06851852],
         [278.95185185, 123.28703704],
         [297.74074074, 119.00185185],
         [307.62962963, 107.79444444],
         [332.02222222, 100.54259259],
         [344.87777778,  92.30185185],
         [349.82222222,  71.20555556],
         [340.92222222,  61.31666667],
         [347.84444444,  54.39444444],
         [339.6037037 ,  49.45      ],
         [333.67037037,  53.07592593],
         [325.75925926,  59.66851852],
         [326.41851852,  69.88703704],
         [310.5962963 ,  69.55740741],
         [309.60740741,  56.04259259],
         [317.18888889,  47.14259259],
         [308.94814815,  46.48333333],
         [299.71851852,  56.70185185],
         [289.17037037,  63.9537037 ],
         [276.64444444,  59.99814815],
         [280.27037037,  48.13148148],
         [277.63333333,  68.56851852],
         [267.08518519,  61.31666667],
         [261.81111111,  52.08703704],
         [255.54814815,  48.13148148],
         [247.63703704,  54.39444444],
         [245.65925926,  48.79074074],
         [234.78148148,  58.02037037],
         [241.7037037 ,  62.63518519],
         [231.81481481,  65.27222222],
         [233.46296296,  75.16111111],
         [247.63703704,  86.03888889],
         [250.6037037 ,  76.15      ],
         [263.12962963,  68.89814815],
         [285.87407407,  91.31296296],
         [ 35.35555556, 162.84259259],
         [ 82.82222222, 122.95740741],
         [108.86296296, 133.50555556],
         [383.91658342, 128.80519481],
         [366.33416583, 127.60639361],
         [366.33416583, 112.82117882],
         [355.54495504, 102.03196803],
         [372.72777223,  98.83516484],
         [378.72177822, 109.62437562],
         [384.71578422, 109.22477522],
         [391.50899101,  96.83716284],
         [395.10539461,  86.04795205],
         [385.11538462,  84.04995005],
         [390.31018981,  78.85514486],
         [395.504995  ,  70.86313686],
         [390.31018981,  66.06793207],
         [373.92657343,  78.85514486],
         [361.13936064,  76.05794206],
         [365.13536464,  67.26673327],
         [366.33416583,  60.07392607],
         [369.93056943,  48.08591409],
         [378.72177822,  46.88711289],
         [385.11538462,  48.08591409],
         [386.71378621,  53.28071928],
         [391.10939061,  44.88911089],
         [394.30619381,  54.87912088],
         [399.1013986 ,  29.7042957 ],
         [394.30619381,  24.10989011],
         [399.9005994 ,  12.92107892],
         [383.11738262,  12.52147852],
         [372.32817183,  18.51548452],
         [373.12737263,  10.52347652],
         [379.52097902,  24.10989011],
         [373.12737263,  25.70829171],
         [365.93456543,  34.0999001 ],
         [363.93656344,  26.50749251],
         [359.14135864,  30.1038961 ],
         [355.54495504,  21.71228771],
         [362.33816184,  19.71428571],
         [350.35014985,  35.6983017 ],
         [349.55094905,  25.70829171],
         [339.16133866,  26.10789211],
         [331.16933067,  22.51148851],
         [360.34015984,  44.48951049],
         [355.54495504,  44.88911089],
         [339.16133866,  41.29270729],
         [332.36813187,  39.29470529],
         [327.57292707,  30.1038961 ],
         [319.98051948,  17.31668332],
         [296.4040959 ,  40.49350649],
         [300.7997003 ,  31.3026973 ],
         [308.39210789,  26.50749251],
         [304.7957043 ,  20.51348651],
         [301.5989011 ,  15.31868132],
         [301.1993007 ,  11.32267732],
         [287.61288711,  10.92307692],
         [276.82367632,  11.72227772],
         [274.42607393,  20.51348651],
         [290.01048951,  20.91308691],
         [293.60689311,  26.10789211],
         [285.61488511,  30.1038961 ],
         [292.40809191,  30.1038961 ],
         [280.02047952,  28.50549451],
         [268.03246753,  35.2987013 ],
         [272.42807193,  35.2987013 ],
         [278.42207792,  42.09190809],
         [266.43406593,  38.8951049 ],
         [259.64085914,  41.69230769],
         [237.26323676,  27.30669331],
         [240.85964036,  18.11588412],
         [246.45404595,  10.52347652],
         [261.63886114,  10.52347652],
         [238.46203796,   8.12587413],
         [224.87562438,  10.92307692],
         [229.67082917,  18.11588412],
         [220.48001998,  30.9030969 ],
         [232.06843157,  39.29470529],
         [208.89160839,  16.91708292],
         [200.5       ,  22.91108891],
         [194.50599401,  31.7022977 ],
         [185.71478521,  20.11388611],
         [193.70679321,  13.72027972],
         [208.49200799,   7.72627373],
         [170.92957043,  11.32267732],
         [156.14435564,  12.92107892],
         [166.53396603,  18.91508492],
         [165.73476523,  26.10789211],
         [182.11838162,  40.09390609],
         [164.13636364,  38.0959041 ],
         [142.15834166,  40.49350649],
         [145.35514486,  31.3026973 ],
         [145.75474525,  18.91508492],
         [138.96153846,  24.90909091],
         [133.36713287,  30.5034965 ],
         [130.56993007,  19.31468531],
         [121.77872128,  11.72227772],
         [117.38311688,  33.7002997 ],
         [122.57792208,  26.50749251],
         [ 97.0034965 ,  37.6963037 ],
         [100.9995005 ,  29.7042957 ],
         [100.9995005 ,  18.51548452],
         [ 97.0034965 ,  11.32267732],
         [115.78471528,   9.32467532],
         [ 77.42307692,   9.72427572],
         [ 78.62187812,  35.2987013 ],
         [ 71.42907093,  29.3046953 ],
         [ 57.04345654,  23.31068931],
         [ 18.28221778,  11.72227772],
         [ 23.47702298,  30.1038961 ],
         [ 36.66383616,  22.51148851],
         [ 36.66383616,  76.45754246],
         [ 58.64185814,  35.2987013 ],
         [ 45.85464535,  30.5034965 ],
         [ 34.66583417,  37.2967033 ],
         [172.12837163, 194.73926074],
         [235.26523477, 197.53646354],
         [228.47202797, 255.87812188],
         [395.9045954 , 160.37362637],
         [383.91658342, 213.92007992],
         [377.92257742, 181.15284715],
         [381.11938062, 165.16883117],
         [355.14535465, 159.17482517],
         [366.33416583, 152.78121878],
         [392.70779221, 144.78921079],
         [295.30519481,   6.71053946],
         [312.68781219,   6.31093906],
         [388.21228771,  35.68156843],
         [303.497003  ,  42.67457542],
         [252.54795205,  69.0482018 ],
         [141.95854146,   6.71053946],
         [ 72.02847153,  57.45979021],
         [ 82.21828172, 262.67132867],
         [ 76.82367632, 221.51248751],
         [ 57.64285714, 217.31668332],
         [ 40.65984016,   8.12587413],
         [166.13436563,   2.93106893],
         [200.1003996 ,   6.92707293],
         [190.90959041,   6.52747253],
         [196.9035964 ,   2.53146853],
         [257.24325674,  22.91108891],
         [258.04245754,  31.3026973 ],
         [252.04845155,  39.69430569],
         [273.62687313,  53.28071928],
         [351.54895105,  12.92107892],
         [341.55894106,   6.52747253],
         [384.31618382,   6.92707293],
         [392.30819181,   7.32667333],
         [368.33216783,   6.12787213],
         [378.72177822, 145.58841159]]), array([[373]], dtype=uint16))]]
