[[(array([[396.05760369, 285.52304147],
         [329.69815668, 285.52304147],
         [264.26036866, 268.47235023],
         [326.01152074, 227.45852535],
         [403.43087558, 251.88248848],
         [396.51843318, 231.60599078],
         [377.16359447, 231.60599078],
         [362.41705069, 207.18202765],
         [381.7718894 , 195.20046083],
         [407.57834101, 188.74884793],
         [405.27419355, 170.7764977 ],
         [390.06682028, 154.64746544],
         [376.24193548, 174.00230415],
         [355.96543779, 167.55069124],
         [354.58294931, 190.13133641],
         [336.14976959, 177.2281106 ],
         [320.02073733, 197.50460829],
         [255.50460829, 234.37096774],
         [290.06682028, 198.88709677],
         [310.80414747, 222.38940092],
         [378.08525346, 144.97004608],
         [361.9562212 , 156.9516129 ],
         [408.03917051, 126.07603687],
         [399.74423963, 114.55529954],
         [380.85023041, 113.17281106],
         [374.39861751,  82.29723502],
         [396.97926267,  82.29723502],
         [408.03917051,  75.84562212],
         [384.99769585,  62.94239631],
         [388.2235023 ,  44.50921659],
         [406.19585253,  29.76267281],
         [385.45852535,  28.84101382],
         [368.4078341 ,  37.1359447 ],
         [350.89631336,  93.81797235],
         [366.10368664, 104.87788018],
         [355.0437788 , 119.62442396],
         [367.02534562, 138.51843318],
         [352.73963134, 144.97004608],
         [332.46313364, 123.7718894 ],
         [326.47235023, 165.24654378],
         [304.35253456, 155.56912442],
         [302.0483871 , 188.74884793],
         [224.16820276, 248.19585253],
         [198.36175115, 242.66589862],
         [147.20967742, 258.79493088],
         [ 68.86866359, 256.02995392],
         [ 52.27880184, 293.35714286],
         [ 10.80414747, 256.02995392],
         [ 42.140553  , 227.45852535],
         [ 85.45852535, 225.15437788],
         [ 83.15437788, 203.49539171],
         [106.19585253, 185.06221198],
         [110.34331797, 208.10368664],
         [134.30645161, 214.55529954],
         [137.99308756, 184.140553  ],
         [158.26958525, 200.73041475],
         [152.73963134, 221.46774194],
         [169.32949309, 292.89631336],
         [177.62442396, 257.87327189],
         [288.2235023 , 168.47235023],
         [269.32949309, 183.6797235 ],
         [227.39400922, 190.5921659 ],
         [215.4124424 , 180.91474654],
         [187.76267281, 177.2281106 ],
         [243.06221198, 164.78571429],
         [278.54608295, 141.74423963],
         [313.56912442, 135.29262673],
         [338.45391705,  92.43548387],
         [345.82718894,  72.61981567],
         [355.50460829,  64.32488479],
         [336.61059908,  12.71198157],
         [290.06682028,  31.60599078],
         [286.38018433,  50.03917051],
         [280.38940092,  69.85483871],
         [268.86866359,  82.29723502],
         [233.38479263, 102.57373272],
         [243.98387097,  93.81797235],
         [220.94239631, 119.16359447],
         [238.91474654, 138.51843318],
         [ 86.38018433, 165.24654378],
         [107.57834101, 171.23732719],
         [ 55.50460829, 181.83640553],
         [ 50.89631336, 209.48617512],
         [ 30.15898618, 208.10368664],
         [ 28.3156682 , 173.08064516],
         [301.5875576 , 100.26958525],
         [285.45852535, 110.4078341 ],
         [271.17281106, 109.02534562],
         [319.55990783,  71.23732719],
         [396.05760369,  56.49078341],
         [398.82258065,  37.1359447 ],
         [355.0437788 ,  47.27419355],
         [349.97465438,  37.59677419],
         [332.92396313,  43.5875576 ],
         [305.73502304,  62.94239631],
         [260.11290323,  66.62903226],
         [226.47235023,  83.21889401],
         [209.88248848,  79.53225806],
         [211.26497696,  62.02073733],
         [224.16820276,  48.65668203],
         [231.54147465,  40.36175115],
         [251.81797235,   9.48617512],
         [290.98847926,   7.18202765],
         [302.50921659,  24.69354839],
         [305.27419355,  11.32949309],
         [361.03456221,  21.00691244],
         [369.32949309,   6.26036866],
         [404.81336406,   9.48617512],
         [317.25576037, 120.08525346],
         [284.99769585, 125.61520737],
         [412.64746544, 152.80414747],
         [272.09447005,   9.48617512],
         [267.02534562,  40.36175115],
         [247.20967742,  48.19585253],
         [252.73963134,  36.21428571],
         [238.45391705,  65.24654378],
         [246.28801843,  78.14976959],
         [249.05299539, 126.07603687],
         [260.11290323, 122.85023041],
         [250.89631336, 197.50460829],
         [210.34331797, 219.16359447],
         [175.78110599, 192.43548387],
         [202.50921659, 178.14976959],
         [164.26036866, 161.09907834],
         [190.52764977, 139.90092166],
         [189.14516129, 160.17741935],
         [202.97004608, 153.72580645],
         [206.65668203, 135.75345622],
         [196.51843318, 126.07603687],
         [193.75345622, 111.32949309],
         [208.03917051, 107.18202765],
         [194.21428571,  97.0437788 ],
         [193.75345622,  71.69815668],
         [199.28341014,  56.49078341],
         [214.02995392,  48.65668203],
         [235.68894009,  15.01612903],
         [187.76267281,  47.85023041],
         [175.3202765 , 110.98387097],
         [155.96543779, 137.25115207],
         [152.27880184, 119.0483871 ],
         [201.35714286,  20.43087558],
         [183.15437788,  22.73502304],
         [180.38940092,  95.3156682 ],
         [161.26497696, 110.98387097],
         [159.42165899,  94.39400922],
         [155.27419355,  75.96082949],
         [146.97926267,  85.86866359],
         [132.69354839, 116.51382488],
         [107.11751152, 295.20046083],
         [106.19585253, 238.05760369],
         [ 10.34331797, 222.85023041],
         [ 15.4124424 , 195.20046083],
         [ 50.89631336, 164.78571429],
         [ 20.94239631, 162.02073733],
         [  9.88248848, 156.9516129 ],
         [ 11.72580645, 137.59677419],
         [ 31.08064516, 133.44930876],
         [ 51.35714286, 148.65668203],
         [ 70.71198157, 153.72580645],
         [ 99.74423963, 158.33410138],
         [ 95.1359447 , 148.65668203],
         [ 90.06682028, 136.67511521],
         [116.33410138, 156.9516129 ],
         [129.23732719, 160.17741935],
         [130.61981567, 144.0483871 ],
         [115.87327189, 144.97004608],
         [117.71658986, 127.91935484],
         [110.80414747, 113.63364055],
         [108.5       ,  98.42626728],
         [ 89.60599078,  98.88709677],
         [ 96.97926267,  89.20967742],
         [ 94.67511521,  77.2281106 ],
         [123.70737327, 106.72119816],
         [126.01152074,  92.89631336],
         [118.17741935,  79.07142857],
         [109.88248848,  76.30645161],
         [104.81336406,  65.24654378],
         [110.80414747,  54.18663594],
         [113.10829493,  34.83179724],
         [ 98.82258065,  38.51843318],
         [101.5875576 ,  27.45852535],
         [139.83640553,  44.97004608],
         [134.76728111,  68.47235023],
         [155.50460829,  59.71658986],
         [167.02534562,  56.49078341],
         [164.72119816,  26.07603687],
         [167.48617512,  35.29262673],
         [184.99769585,  79.53225806],
         [175.3202765 , 132.52764977],
         [232.46313364, 151.42165899],
         [228.3156682 , 163.40322581],
         [290.06682028,  66.16820276],
         [218.63824885,  35.75345622],
         [220.02073733,  22.38940092],
         [209.88248848,  19.16359447],
         [195.1359447 ,  17.78110599],
         [185.91935484,  13.17281106],
         [171.63364055,   9.48617512],
         [159.19124424,  11.32949309],
         [124.16820276,   4.87788018],
         [116.79493088,  19.62442396],
         [129.23732719,  21.00691244],
         [104.35253456,   9.48617512],
         [ 89.14516129,  15.01612903],
         [ 52.27880184,  14.55529954],
         [ 49.97465438,  35.75345622],
         [ 33.84562212,  31.14516129],
         [ 31.54147465,  49.11751152],
         [ 30.61981567,  57.4124424 ],
         [ 50.89631336,  54.18663594],
         [ 69.32949309,  69.85483871],
         [ 77.16359447,  54.18663594],
         [ 65.64285714,  43.5875576 ],
         [ 78.08525346,  42.66589862],
         [ 89.14516129,  47.27419355],
         [ 93.29262673,  61.55990783],
         [ 75.78110599,  31.60599078],
         [ 76.24193548,  87.36635945],
         [140.75806452,  98.88709677],
         [173.93778802,  74.00230415],
         [155.0437788 ,  47.73502304],
         [133.84562212,  41.74423963],
         [ 55.50460829,  91.05299539],
         [ 40.75806452,  79.07142857],
         [ 52.27880184,  74.00230415],
         [ 26.01152074,  82.29723502],
         [  7.11751152,  82.29723502],
         [ 40.29723502, 109.94700461],
         [ 45.82718894, 121.46774194],
         [ 50.89631336, 132.06682028],
         [ 37.53225806, 148.19585253],
         [ 11.72580645, 118.24193548],
         [ 22.32488479, 108.56451613],
         [ 42.60138249,  17.78110599],
         [249.51382488, 279.53225806],
         [297.44009217, 246.81336406],
         [323.70737327,  35.75345622],
         [318.17741935,  48.19585253],
         [195.1359447 ,  35.29262673],
         [  9.88248848,  56.9516129 ],
         [ 65.64285714,  22.38940092],
         [ 65.64285714, 139.90092166],
         [ 78.08525346, 116.859447  ],
         [ 86.84101382, 180.45391705],
         [149.51382488,   5.33870968],
         [223.24654378,  16.39861751],
         [273.93778802,  28.84101382],
         [260.11290323,  24.69354839],
         [143.98387097,  61.55990783],
         [ 92.83179724, 128.84101382],
         [ 50.89631336, 198.88709677],
         [ 26.01152074, 139.90092166],
         [ 39.37557604,  99.34792627],
         [154.12211982, 102.57373272],
         [ -6.24654378,  32.98847926],
         [ 76.34415584,  15.01948052],
         [ 19.82467532,  16.68181818],
         [ 33.12337662,  10.44805195],
         [199.35714286,   5.46103896],
         [137.01948052,   9.2012987 ],
         [142.00649351,  27.07142857],
         [ 15.66883117,  96.47402597],
         [387.61688312,  16.26623377]]), array([[263]], dtype=uint16))]]
