[[(array([[  63.58069655,  475.28357383],
         [ 102.20251103,  450.23158606],
         [  43.7478729 ,  415.78510288],
         [  64.62452937,  390.73311512],
         [  23.91504925,  401.17144335],
         [ 199.27896363,  530.60671349],
         [ 236.85694528,  534.78204478],
         [ 232.68161398,  494.07256466],
         [ 233.72544681,  456.49458301],
         [ 169.00781174,  449.18775324],
         [ 274.43492693,  488.85340054],
         [ 336.02106352,  526.43138219],
         [ 356.89772   ,  485.72190207],
         [ 377.77437647,  451.27541889],
         [ 353.76622153,  430.39876242],
         [ 409.08936118,  430.39876242],
         [ 428.92218483,  479.45890513],
         [ 388.21270471,  526.43138219],
         [ 476.93849472,  532.69437913],
         [ 530.17396872,  504.51089289],
         [ 519.73564049,  466.93291124],
         [ 476.93849472,  445.01242195],
         [ 472.76316342,  389.68928229],
         [ 443.53584436,  371.94412429],
         [ 376.73054365,  366.72496017],
         [ 369.42371388,  390.73311512],
         [ 321.40740399,  380.29478688],
         [ 304.70607881,  351.06746782],
         [ 275.47875975,  377.16328841],
         [ 260.86510022,  350.02363499],
         [ 237.9007781 ,  328.1031457 ],
         [ 230.59394833,  393.86461359],
         [ 198.2351308 ,  381.3386197 ],
         [ 154.39415221,  357.33046476],
         [ 137.69282703,  410.56593877],
         [ 126.21066597,  386.55778382],
         [ 118.9038362 ,  364.63729453],
         [  74.01902479,  346.89213652],
         [  35.39721031,  320.79631593],
         [  74.01902479,  307.22648922],
         [ 100.11484538,  314.53331899],
         [ 115.77233773,  335.40997546],
         [ 116.81617056,  298.87582664],
         [ 119.94766903,  279.04300299],
         [  78.19435608,  289.48133122],
         [  83.4135202 ,  276.95533734],
         [  58.36153243,  265.47317628],
         [ 560.44512061,  454.40691736],
         [ 538.52463131,  408.47827312],
         [ 593.84777096,  382.38245253],
         [ 588.62860685,  331.23464417],
         [ 548.96295955,  351.06746782],
         [ 533.30546719,  354.19896629],
         [ 497.81515119,  355.24279911],
         [ 474.85082907,  350.02363499],
         [ 448.75500848,  343.76063805],
         [ 439.36051306,  331.23464417],
         [ 480.06999319,  330.19081135],
         [ 529.1301359 ,  328.1031457 ],
         [ 505.12198095,  306.1826564 ],
         [ 482.15765883,  289.48133122],
         [ 620.98742438,  478.4150723 ],
         [ 629.33808697,  500.3355616 ],
         [ 701.3625518 ,  482.5904036 ],
         [ 663.78457015,  459.62608148],
         [ 684.66122662,  394.90844641],
         [ 638.73258238,  364.63729453],
         [ 636.64491673,  330.19081135],
         [ 614.72442744,  343.76063805],
         [ 729.54603804,  465.88907842],
         [ 751.46652734,  450.23158606],
         [ 739.98436628,  523.29988372],
         [ 766.08018687,  510.77388984],
         [ 819.31566087,  494.07256466],
         [ 759.81718993,  408.47827312],
         [ 866.28813794,  466.93291124],
         [ 868.37580358,  526.43138219],
         [ 949.79476383,  494.07256466],
         [ 991.54807678,  537.91354325],
         [1012.42473325,  503.46706007],
         [ 972.75908595,  386.55778382],
         [ 917.4359463 ,  435.61792653],
         [ 924.74277606,  390.73311512],
         [ 942.48793406,  364.63729453],
         [ 889.25246006,  375.07562276],
         [ 856.89364252,  367.768793  ],
         [ 837.06081888,  354.19896629],
         [ 815.14032958,  374.03178994],
         [ 805.74583417,  336.45380829],
         [ 792.17600746,  336.45380829],
         [ 777.56234793,  346.89213652],
         [ 755.64185863,  368.81262582],
         [ 725.37070674,  379.25095406],
         [ 711.80088004,  367.768793  ],
         [ 708.66938157,  338.54147393],
         [ 693.01188921,  313.48948617],
         [ 727.45837239,  333.32230982],
         [ 744.15969757,  304.09499075],
         [ 733.72136933,  279.04300299],
         [ 776.5185151 ,  311.40182052],
         [ 810.96499828,  314.53331899],
         [ 825.57865782,  299.91965946],
         [ 803.65816852,  296.78816099],
         [ 802.61433569,  263.38551063],
         [ 860.025141  ,  255.03484804],
         [ 879.85796464,  292.61282969],
         [ 894.47162418,  277.99917016],
         [ 904.90995241,  313.48948617],
         [ 898.64695547,  330.19081135],
         [ 876.72646617,  335.40997546],
         [ 849.58681276,  336.45380829],
         [ 921.61127759,  355.24279911],
         [ 935.1811043 ,  340.62913958],
         [ 962.32075771,  351.06746782],
         [ 964.40842336,  336.45380829],
         [ 950.83859665,  322.88398158],
         [ 931.005773  ,  318.70865029],
         [ 902.82228677,  352.11130064],
         [ 994.67957525,  343.76063805],
         [1015.55623172,  358.37429758],
         [ 993.63574242,  315.57715181],
         [1014.5123989 ,  316.62098464],
         [ 996.76724089,  279.04300299],
         [ 996.76724089,  260.25401216],
         [1008.24940195,  247.72801828],
         [1018.68773019,  231.0266931 ],
         [ 972.75908595,   10.77796731],
         [ 940.40026842,   47.31211614],
         [ 918.47977912,   83.84626496],
         [ 905.95378524,   99.50375732],
         [ 901.77845394,  118.29274814],
         [ 928.91810736,  110.98591838],
         [ 871.50730206,  113.07358403],
         [ 887.16479441,  101.59142297],
         [ 902.82228677,   50.44361461],
         [ 903.86611959,   28.52312531],
         [ 875.68263335,   25.39162684],
         [ 852.71831123,   73.40793673],
         [ 840.19231735,   71.32027108],
         [ 838.1046517 ,  110.98591838],
         [ 819.31566087,  116.2050825 ],
         [ 733.72136933,  157.95839544],
         [ 860.025141  ,  255.03484804],
         [ 897.60312265,  247.72801828],
         [ 926.83044171,  255.03484804],
         [ 947.70709818,  240.42118851],
         [ 965.45225618,  265.47317628],
         [ 965.45225618,  247.72801828],
         [ 976.93441724,  252.9471824 ],
         [ 989.46041113,  243.55268698],
         [ 964.40842336,  225.80752898],
         [ 934.13727147,  221.63219769],
         [ 892.38395853,  233.11435875],
         [ 879.85796464,  247.72801828],
         [ 870.46346923,  233.11435875],
         [ 845.41148146,  233.11435875],
         [ 828.71015629,  228.93902745],
         [ 840.19231735,  214.32536792],
         [ 813.05266393,  233.11435875],
         [ 791.13217463,  225.80752898],
         [ 756.68569145,  238.33352286],
         [ 720.15154263,  274.86767169],
         [ 708.66938157,  262.34167781],
         [ 693.01188921,  274.86767169],
         [ 664.82840297,  293.65666252],
         [ 669.00373427,  264.42934346],
         [ 669.00373427,  241.46502134],
         [ 638.73258238,  233.11435875],
         [ 620.98742438,  260.25401216],
         [ 623.07509003,  245.64035263],
         [ 598.02310226,  269.64850757],
         [ 581.32177708,  291.56899687],
         [ 595.93543661,  316.62098464],
         [ 548.96295955,  294.70049534],
         [ 553.13829084,  318.70865029],
         [ 566.70811755,  336.45380829],
         [ 560.44512061,  276.95533734],
         [ 542.69996261,  272.78000604],
         [ 537.48079849,  256.07868087],
         [ 520.77947331,  267.56084193],
         [ 489.4644886 ,  267.56084193],
         [ 465.45633366,  263.38551063],
         [ 422.65918789,  271.73617322],
         [ 410.133194  ,  296.78816099],
         [ 423.70302071,  311.40182052],
         [ 394.47570165,  328.1031457 ],
         [ 394.47570165,  308.27032205],
         [ 393.43186882,  345.8483037 ],
         [ 358.98538564,  343.76063805],
         [ 324.53890246,  336.45380829],
         [ 334.9772307 ,  313.48948617],
         [ 302.61841317,  304.09499075],
         [ 280.69792387,  298.87582664],
         [ 219.11178727,  293.65666252],
         [ 191.97213386,  302.00732511],
         [ 174.22697586,  311.40182052],
         [ 169.00781174,  338.54147393],
         [ 196.14746515,  335.40997546],
         [ 177.35847433,  282.17450146],
         [ 166.92014609,  269.64850757],
         [ 187.79680257,  263.38551063],
         [ 199.27896363,  245.64035263],
         [ 191.97213386,  228.93902745],
         [ 169.00781174,  223.71986333],
         [ 141.86815832,  247.72801828],
         [ 116.81617056,  247.72801828],
         [ 117.86000338,  223.71986333],
         [  93.85184844,  252.9471824 ],
         [  86.54501867,  238.33352286],
         [  56.27386679,  233.11435875],
         [  42.70404008,  249.81568392],
         [  36.44104314,  223.71986333],
         [  18.69588513,  226.8513618 ],
         [  10.34522254,  191.3610458 ],
         [  30.17804619,  194.49254427],
         [  28.09038055,  184.05421603],
         [  16.60821949,  172.57205497],
         [  23.91504925,  164.22139238],
         [ 246.25144069,  260.25401216],
         [ 281.74175669,  267.56084193],
         [ 279.65409105,  245.64035263],
         [ 314.10057423,  267.56084193],
         [ 345.41555894,  252.9471824 ],
         [ 380.90587494,  257.12251369],
         [ 372.55521235,  233.11435875],
         [ 400.73869859,  241.46502134],
         [ 411.17702683,  223.71986333],
         [ 437.27284742,  245.64035263],
         [ 423.70302071,  252.9471824 ],
         [ 458.14950389,  234.15819157],
         [ 471.7193306 ,  225.80752898],
         [ 493.63981989,  231.0266931 ],
         [ 496.77131837,  258.16634651],
         [ 547.91912672,  238.33352286],
         [ 566.70811755,  248.7718511 ],
         [ 590.71627249,  260.25401216],
         [ 607.41759767,  219.54453204],
         [ 619.94359156,  213.2815351 ],
         [ 629.33808697,  225.80752898],
         [ 657.52157321,  228.93902745],
         [ 679.4420625 ,  219.54453204],
         [ 699.27488615,  218.50069921],
         [ 702.40638462,  199.71170839],
         [ 722.23920827,  221.63219769],
         [ 741.0281991 ,  211.19386945],
         [ 761.90485557,  225.80752898],
         [ 758.7733571 ,  212.23770227],
         [ 774.43084946,  209.1062038 ],
         [ 830.79782193,   52.53128025],
         [ 817.22799523,    8.69030166],
         [ 798.4390044 ,   12.86563296],
         [ 805.74583417,   51.48744743],
         [ 785.91301052,   55.66277873],
         [ 769.21168534,   21.21629555],
         [ 743.11586475,   52.53128025],
         [ 753.55419298,   56.70661155],
         [ 765.03635404,   64.01344131],
         [ 703.45021745,   34.78612225],
         [ 731.63370369,   32.69845661],
         [ 729.54603804,    4.51497037],
         [ 689.88039074,   43.13678484],
         [ 662.74073733,   79.67093367],
         [ 680.48589533,   94.2845932 ],
         [ 674.22289839,  113.07358403],
         [ 653.34624191,  113.07358403],
         [ 630.38191979,  116.2050825 ],
         [ 636.64491673,   91.15309473],
         [ 628.29425415,   86.97776343],
         [ 652.30240909,   54.6189459 ],
         [ 663.78457015,   41.04911919],
         [ 669.00373427,    8.69030166],
         [ 689.88039074,    6.60263601],
         [ 656.47774038,    3.47113754],
         [ 642.90791368,    3.47113754],
         [ 618.89975873,    5.55880319],
         [ 612.63676179,   45.22445049],
         [ 580.27794426,   54.6189459 ],
         [ 578.19027861,   91.15309473],
         [ 565.66428473,  118.29274814],
         [ 561.48895343,  140.21323744],
         [ 550.00679237,  127.68724356],
         [ 532.26163437,  109.94208556],
         [ 505.12198095,  127.68724356],
         [ 551.0506252 ,   98.4599245 ],
         [ 551.0506252 ,   57.75044437],
         [ 536.43696566,   61.92577567],
         [ 525.99863743,   80.71476649],
         [ 494.68365272,   83.84626496],
         [ 512.42881072,   73.40793673],
         [ 476.93849472,  113.07358403],
         [ 471.7193306 ,   93.24076038],
         [ 477.98232754,   78.62710085],
         [ 472.76316342,   62.96960849],
         [ 484.24532448,   44.18061767],
         [ 496.77131837,   42.09295202],
         [ 513.47264354,   28.52312531],
         [ 540.61229696,   40.00528637],
         [ 555.22595649,   40.00528637],
         [ 571.92728167,   34.78612225],
         [ 586.5409412 ,   29.56695813],
         [ 576.10261296,   18.08479707],
         [ 561.48895343,   10.77796731],
         [ 548.96295955,   14.9532986 ],
         [ 528.08630308,   20.17246272],
         [ 494.68365272,   10.77796731],
         [ 629.33808697,  207.01853815],
         [ 609.50526332,  197.62404274],
         [ 599.06693508,  191.3610458 ],
         [ 577.14644579,  216.41303357],
         [ 588.62860685,  216.41303357],
         [ 587.58477402,  195.53637709],
         [ 572.97111449,  198.66787557],
         [ 562.53278626,  216.41303357],
         [ 542.69996261,  211.19386945],
         [ 530.17396872,  225.80752898],
         [ 510.34114507,  214.32536792],
         [ 505.12198095,  191.3610458 ],
         [ 528.08630308,  197.62404274],
         [ 538.52463131,  194.49254427],
         [ 557.31362214,  187.18571451],
         [ 520.77947331,  176.74738627],
         [ 492.59598707,  172.57205497],
         [ 467.5439993 ,  164.22139238],
         [ 468.58783213,  203.88703968],
         [ 443.53584436,  197.62404274],
         [ 422.65918789,  212.23770227],
         [ 413.26469247,  198.66787557],
         [ 400.73869859,  197.62404274],
         [ 391.34420318,  223.71986333],
         [ 428.92218483,  173.6158878 ],
         [ 400.73869859,  175.70355345],
         [ 391.34420318,  180.92271756],
         [ 393.43186882,  162.13372674],
         [ 385.08120624,  157.95839544],
         [ 367.33604823,  172.57205497],
         [ 378.81820929,  211.19386945],
         [ 341.24022764,  221.63219769],
         [ 329.75806658,  245.64035263],
         [ 320.36357117,  211.19386945],
         [ 748.33502887,    4.51497037],
         [ 762.9486884 ,    4.51497037],
         [ 433.09751612,   18.08479707],
         [ 419.52768942,   18.08479707],
         [ 298.44308187,   89.06542908],
         [ 296.35541622,  108.89825273],
         [ 292.18008493,  149.60773285],
         [ 284.87325516,  157.95839544],
         [ 295.3115834 ,  164.22139238],
         [ 297.39924905,  194.49254427],
         [ 275.47875975,  203.88703968],
         [ 289.04858646,  223.71986333],
         [ 295.3115834 ,  218.50069921],
         [ 333.93339788,  194.49254427],
         [ 318.27590552,  165.26522521],
         [ 310.96907576,  150.65156568],
         [ 276.52259258,  147.52006721],
         [ 256.68976893,  146.47623438],
         [ 235.81311245,  175.70355345],
         [ 219.11178727,  175.70355345],
         [ 223.28711857,  187.18571451],
         [ 210.76112469,  199.71170839],
         [ 220.1556201 ,  223.71986333],
         [ 234.76927963,  212.23770227],
         [ 251.47060481,  213.2815351 ],
         [ 230.59394833,  250.85951675],
         [ 247.29527351,  238.33352286],
         [ 362.11688411,  289.48133122],
         [ 385.08120624,  289.48133122],
         [ 399.69486577,  274.86767169],
         [ 148.13115527,  218.50069921],
         [ 173.18314303,  211.19386945],
         [ 164.83248045,  201.79937404],
         [ 180.4899728 ,  197.62404274],
         [ 166.92014609,  188.22954733],
         [ 178.40230715,  178.83505192],
         [ 202.4104621 ,  187.18571451],
         [ 142.91199115,  197.62404274],
         [ 139.78049268,  168.39672368],
         [ 124.12300032,  173.6158878 ],
         [ 114.72850491,  197.62404274],
         [  95.93951408,  218.50069921],
         [  75.06285761,  220.58836486],
         [  83.4135202 ,  197.62404274],
         [  96.98334691,  184.05421603],
         [  89.67651714,  162.13372674],
         [  65.6683622 ,  188.22954733],
         [  65.6683622 ,  168.39672368],
         [  41.66020725,  153.78306415],
         [  18.69588513,  147.52006721],
         [  10.34522254,  161.08989391],
         [   4.0822256 ,  175.70355345],
         [   6.16989125,  245.64035263],
         [  54.18620114,  144.38856874],
         [  75.06285761,  146.47623438],
         [  92.80801561,  150.65156568],
         [ 102.20251103,  153.78306415],
         [ 140.8243255 ,  150.65156568],
         [ 186.75296974,  161.08989391],
         [ 170.05164456,  161.08989391],
         [ 181.53380562,  130.81874203],
         [ 172.13931021,  120.38041379],
         [ 152.30648656,  139.16940462],
         [  82.36968738,   27.47929249],
         [  36.44104314,   20.17246272],
         [  30.17804619,   15.99713143],
         [ 363.16071694,    6.60263601],
         [ 329.75806658,    4.51497037],
         [ 306.79374446,   18.08479707],
         [ 282.78558952,   15.99713143],
         [ 255.6459361 ,   22.26012837],
         [ 237.9007781 ,   29.56695813],
         [ 243.11994222,   12.86563296],
         [ 190.92830104,   12.86563296],
         [ 271.30342846,   50.44361461],
         [ 301.57458034,   42.09295202],
         [ 459.19333671,    7.64646884],
         [ 315.14440705,   35.82995508],
         [ 284.87325516,   85.93393061],
         [ 283.82942234,  105.76675426],
         [ 266.08426434,  114.11741685],
         [ 260.86510022,   86.97776343],
         [ 248.33910634,   91.15309473],
         [ 252.51443763,   76.5394352 ],
         [ 241.03227657,   76.5394352 ],
         [ 234.76927963,   72.3641039 ],
         [ 227.46244986,   94.2845932 ],
         [ 215.9802888 ,   95.32842602],
         [ 202.4104621 ,   92.19692755],
         [ 201.36662927,   77.58326802],
         [ 178.40230715,   70.27643826],
         [ 200.32279645,   61.92577567],
         [ 170.05164456,   58.7942772 ],
         [ 212.84879033,  136.03790615],
         [ 224.33095139,  143.34473591],
         [ 193.01596668,  136.03790615],
         [ 131.42983009,   83.84626496],
         [ 131.42983009,   61.92577567],
         [ 128.29833162,   99.50375732],
         [ 116.81617056,  105.76675426],
         [ 124.12300032,  120.38041379],
         [ 110.55317362,  127.68724356],
         [ 100.11484538,  136.03790615],
         [  71.93135914,  116.2050825 ],
         [  59.40536526,  128.73107638],
         [  54.18620114,  116.2050825 ],
         [  47.9232042 ,  108.89825273],
         [  31.22187902,   99.50375732],
         [  98.02717973,   88.02159626],
         [  77.15052326,   88.02159626],
         [  62.53686373,   86.97776343],
         [  44.79170573,   83.84626496],
         [  35.39721031,   76.5394352 ],
         [  26.0027149 ,   79.67093367],
         [  20.78355078,   72.3641039 ],
         [   3.03839278,   99.50375732],
         [  26.0027149 ,  127.68724356],
         [   7.21372407,  124.55574509],
         [ 189.88446821,  357.33046476],
         [ 647.46177775,   40.60593343],
         [ 661.78345607,  158.24829107],
         [ 646.43880073,  168.4780613 ],
         [ 103.23800153,  171.54699237],
         [ 692.47276676,  254.40813123],
         [ 473.55568385,   20.14639297],
         [ 471.5097298 ,   10.93959976],
         [ 145.18005947,  126.53600336],
         [ 841.82741212,  315.78675261],
         [ 860.24099853,  222.69584352],
         [ 659.73750203,  202.23630306],
         [ 667.92131821,  193.02950985],
         [ 678.15108844,  196.09844092],
         [ 115.51372581,   82.54799137],
         [ 895.02221731,   88.68585351],
         [ 267.93730223,  185.86867069],
         [ 274.07516437,  317.83270666],
         [ 284.3049346 ,  335.22331605]]), array([[476]], dtype=uint16))]]
