[[(array([[ 538.98528139,  374.54172494],
         [ 476.58368298,  367.38088578],
         [ 586.04222444,  499.34492174],
         [ 496.02024642,  398.07019647],
         [ 669.92634033,  429.78248418],
         [ 612.63962704,  333.62264402],
         [ 636.16809857,  331.57668998],
         [ 701.63862804,  355.10516151],
         [ 758.92534133,  443.08118548],
         [ 807.00526141,  413.41485181],
         [ 844.85541126,  364.31195471],
         [ 906.23403263,  401.13912754],
         [ 943.06120546,  398.07019647],
         [ 969.65860806,  376.58767899],
         [1003.41684982,  390.90935731],
         [ 124.67958708,  469.67858808],
         [  35.68058608,  493.20705961],
         [  87.85241425,  414.43782884],
         [ 107.28897769,  392.95531136],
         [  28.51974692,  358.17409257],
         [  79.66859807,  333.62264402],
         [   9.08318348,  385.79447219],
         [   3.96829837,  304.97928738],
         [  25.45081585,  267.12913753],
         [   9.08318348,   41.05121545],
         [  20.33593074,   52.3039627 ],
         [  29.54272394,   54.34991675],
         [   7.03722944,  135.16510157],
         [  22.38188478,  161.76250416],
         [  42.84142524,  175.06120546],
         [  51.02524143,  151.53273393],
         [ 510.34192474,  178.13013653],
         [ 581.95031635,  192.45181485],
         [ 597.29497169,  208.81944722],
         [ 610.59367299,  215.98028638],
         [ 942.03822844,  205.75051615],
         [ 971.7045621 ,  194.4977689 ],
         [ 992.16410256,  194.4977689 ],
         [1022.85341325,  209.84242424],
         [ 263.8044622 ,  462.51774892],
         [ 289.37888778,  420.57569098],
         [ 187.08118548,  369.42683983],
         [ 252.55171495,  360.22004662],
         [ 157.41485181,  336.69157509],
         [ 142.07019647,  401.13912754],
         [ 103.1970696 ,  331.57668998],
         [ 123.65661006,  328.50775891],
         [  97.05920746,  302.93333333],
         [  62.27798868,  297.81844822],
         [  40.7954712 ,  320.32394272],
         [ 264.82743923,  365.33493173],
         [ 224.93133533,  345.8983683 ],
         [ 342.57369297,  336.69157509],
         [ 330.2979687 ,  314.18608059],
         [ 389.63063603,  390.90935731],
         [ 458.17009657,  328.50775891],
         [ 444.87139527,  310.09417249],
         [ 509.31894772,  340.78348318],
         [ 541.03123543,  340.78348318],
         [ 590.13413253,  313.16310356],
         [ 755.85641026,  335.66859807],
         [ 777.33892774,  355.10516151],
         [ 896.0042624 ,  357.15111555],
         [ 930.78548119,  333.62264402],
         [ 897.02723943,  321.34691975],
         [ 961.47479187,  333.62264402],
         [ 955.33692974,  307.02524143],
         [1000.34791875,  333.62264402],
         [ 988.07219447,  310.09417249],
         [1004.43982684,  291.68058608],
         [1011.600666  ,  248.71555112],
         [ 985.0032634 ,  246.66959707],
         [ 972.72753913,  235.41684982],
         [ 963.52074592,  241.55471195],
         [ 954.31395271,  245.64662005],
         [ 799.84442224,  237.46280386],
         [ 822.34991675,  227.23303363],
         [ 840.76350316,  248.71555112],
         [ 720.81944722,  333.36689977],
         [ 704.45181485,  312.3958708 ],
         [ 670.18208458,  330.80945721],
         [ 660.46380286,  312.3958708 ],
         [ 642.56170496,  302.16610057],
         [ 623.12514153,  286.82144522],
         [ 615.96430236,  299.0971695 ],
         [ 594.48178488,  285.28697969],
         [ 581.18308358,  281.70656011],
         [ 559.18907759,  319.04522145],
         [ 531.56869797,  308.3039627 ],
         [ 556.12014652,  299.0971695 ],
         [ 540.26400266,  283.24102564],
         [ 520.31595072,  292.44781885],
         [ 654.32594073,  247.94831835],
         [ 657.90636031,  263.8044622 ],
         [ 670.69357309,  263.8044622 ],
         [ 664.55571096,  254.597669  ],
         [ 670.18208458,  251.52873793],
         [ 678.87738928,  260.22404262],
         [ 659.44082584,  242.32194472],
         [ 725.42284382,  265.33892774],
         [ 727.46879787,  252.55171495],
         [ 717.75051615,  257.15511156],
         [ 708.54372294,  276.08018648],
         [ 685.01525142,  276.59167499],
         [ 737.18707959,  275.05720946],
         [ 742.81345321,  254.597669  ],
         [ 752.02024642,  254.597669  ],
         [ 762.76150516,  259.71255411],
         [ 765.83043623,  261.75850816],
         [ 763.78448218,  278.63762904],
         [ 751.50875791,  272.4997669 ],
         [ 780.15211455,  263.8044622 ],
         [ 780.15211455,  249.99427239],
         [ 770.94532135,  247.94831835],
         [ 700.35990676,  266.36190476],
         [ 701.38288378,  256.13213453],
         [ 694.73353313,  247.94831835],
         [ 723.88837829,  296.53972694],
         [ 701.38288378,  289.37888778],
         [ 693.1990676 ,  297.56270396],
         [ 669.67059607,  285.7984682 ],
         [ 647.67659008,  292.44781885],
         [ 631.30895771,  281.1950716 ],
         [ 623.63663004,  272.4997669 ],
         [ 597.55071595,  267.8963703 ],
         [ 589.87838828,  264.31595072],
         [ 514.68957709,  263.29297369],
         [ 819.02524143,  287.33293373],
         [ 843.57668998,  316.48777889],
         [ 841.53073593,  293.98228438],
         [ 850.22604063,  278.12614053],
         [ 883.47279387,  275.05720946],
         [ 921.32294372,  284.77549118],
         [ 940.24801865,  270.96530137],
         [ 957.12713953,  265.33892774],
         [ 975.02923743,  263.29297369],
         [ 988.83942724,  281.1950716 ],
         [ 962.24202464,  285.28697969],
         [ 938.71355311,  291.93633034],
         [ 906.48977689,  306.25800866],
         [ 823.62863803,  350.24602065],
         [ 812.88737929,  328.76350316],
         [ 775.03722944,  312.90735931],
         [ 745.37089577,  310.86140526],
         [ 800.1001665 ,  286.82144522],
         [ 728.49177489,  218.79347319],
         [ 773.5027639 ,  216.74751915],
         [ 708.54372294,  222.88538129],
         [ 782.70955711,  218.28198468],
         [ 796.00825841,  222.37389277],
         [ 800.61165501,  219.3049617 ],
         [ 807.77249417,  219.3049617 ],
         [ 811.35291375,  222.37389277],
         [ 837.43882784,  225.44282384],
         [ 843.57668998,  223.90835831],
         [ 846.64562105,  222.37389277],
         [ 851.24901765,  222.37389277],
         [ 857.8983683 ,  225.95431235],
         [ 863.52474192,  223.90835831],
         [ 865.05920746,  219.3049617 ],
         [ 872.73153513,  218.28198468],
         [ 876.82344322,  218.28198468],
         [ 887.05321345,  218.28198468],
         [ 894.72554113,  217.25900766],
         [ 915.18508159,  254.597669  ],
         [ 914.67359307,  228.0002664 ],
         [ 902.90935731,  233.11515152],
         [ 925.41485181,  230.04622045],
         [ 926.43782884,  236.6955711 ],
         [ 923.88038628,  243.85641026],
         [ 913.13912754,  241.2989677 ],
         [ 902.3978688 ,  244.87938728],
         [ 669.92634033,  224.16410256],
         [ 672.9952714 ,  224.16410256],
         [ 677.08717949,  220.07219447],
         [ 680.15611056,  220.07219447],
         [ 685.27099567,  221.0951715 ],
         [ 689.36290376,  224.16410256],
         [ 693.45481185,  227.23303363],
         [ 692.43183483,  225.18707959],
         [ 695.5007659 ,  227.23303363],
         [ 655.604662  ,  224.16410256],
         [ 649.46679987,  227.23303363],
         [ 646.3978688 ,  227.23303363],
         [ 640.26000666,  227.23303363],
         [ 635.14512155,  224.16410256],
         [ 627.98428238,  224.16410256],
         [ 741.53473193,  220.07219447],
         [ 743.58068598,  220.07219447],
         [ 747.67259407,  221.0951715 ],
         [ 752.78747919,  224.16410256],
         [ 756.87938728,  224.16410256],
         [ 760.97129537,  220.07219447],
         [ 780.40785881,  241.55471195],
         [ 775.29297369,  242.57768898],
         [ 774.26999667,  238.48578089],
         [ 769.15511156,  238.48578089],
         [ 765.06320346,  245.64662005],
         [ 757.9023643 ,  239.50875791],
         [ 742.55770896,  246.66959707],
         [ 750.74152514,  246.66959707],
         [  78.38987679,  268.91934732],
         [  52.3039627 ,  228.51175491],
         [  85.03922744,  235.67259407],
         [  73.78648019,  260.22404262],
         [  52.81545122,  251.01724942],
         [ 178.13013653,  227.48877789],
         [ 181.71055611,  228.0002664 ],
         [ 188.35990676,  228.0002664 ],
         [ 191.94032634,  229.02324342],
         [ 304.46779887,  307.79247419],
         [ 241.04322344,  314.95331335],
         [ 205.23902764,  323.13712954],
         [ 183.75651016,  315.97629038],
         [ 158.69357309,  312.90735931],
         [ 129.02723943,  278.12614053],
         [ 131.58468198,  304.72354312],
         [ 107.54472194,  286.30995671],
         [ 152.55571096,  268.91934732],
         [ 170.96929737,  276.59167499],
         [ 195.52074592,  286.30995671],
         [ 298.32993673,  283.75251415],
         [ 367.89237429,  285.28697969],
         [ 361.24302364,  318.53373293],
         [ 343.34092574,  301.65461205],
         [ 337.71455211,  293.47079587],
         [ 403.18508159,  305.74652015],
         [ 383.23702964,  288.86739927],
         [ 391.93233433,  276.08018648],
         [ 429.78248418,  286.82144522],
         [ 447.17309357,  288.86739927],
         [ 459.44881785,  293.47079587],
         [ 468.65561106,  281.70656011],
         [ 492.18408258,  293.47079587],
         [ 493.20705961,  308.81545122],
         [ 497.81045621,  282.72953713],
         [ 506.50576091,  276.59167499],
         [ 508.55171495,  301.14312354],
         [ 474.28198468,  304.21205461],
         [ 252.2959707 ,  265.33892774],
         [ 236.43982684,  263.8044622 ],
         [ 217.51475191,  258.17808858],
         [ 220.58368298,  272.4997669 ],
         [ 204.21605062,  273.52274392],
         [ 183.24502165,  270.45381285],
         [ 189.89437229,  264.31595072],
         [ 183.24502165,  258.68957709],
         [ 131.07319347,  263.8044622 ],
         [ 135.16510157,  252.55171495],
         [ 154.601665  ,  227.48877789],
         [ 161.25101565,  232.09217449],
         [ 331.06520147,  249.48278388],
         [ 327.48478188,  249.99427239],
         [ 323.9043623 ,  256.64362304],
         [ 341.29497169,  251.01724942],
         [ 340.27199467,  257.15511156],
         [ 331.06520147,  263.29297369],
         [ 311.62863803,  243.85641026],
         [ 299.86440226,  242.32194472],
         [ 303.95631036,  246.41385281],
         [ 303.95631036,  251.52873793],
         [ 243.600666  ,  242.32194472],
         [ 120.33193473,  233.11515152],
         [ 317.25501166,  281.83443223],
         [ 278.63762904,  302.03822844],
         [ 278.12614053,  265.72254412],
         [ 263.8044622 ,  289.63463203],
         [ 259.71255411,  252.2959707 ],
         [ 253.06320346,  255.36490176],
         [ 234.64961705,  253.31894772],
         [ 148.71954712,  255.36490176],
         [ 150.25401265,  246.15810856],
         [ 160.48378288,  242.57768898],
         [ 167.13313353,  241.55471195],
         [ 175.31694972,  241.55471195],
         [ 194.24202464,  248.2040626 ],
         [ 181.96630037,  247.69257409],
         [ 176.85141525,  252.2959707 ],
         [ 164.06420246,  255.36490176],
         [ 203.96030636,  226.21005661],
         [ 211.63263403,  227.74452214],
         [ 215.72454212,  228.25601066],
         [ 315.46480186,  241.04322344],
         [ 322.11415251,  239.50875791],
         [ 329.78648019,  244.11215451],
         [ 345.64262404,  243.08917749],
         [ 350.24602065,  243.08917749],
         [ 357.91834832,  245.13513154],
         [ 370.19407259,  248.2040626 ],
         [ 378.37788878,  246.15810856],
         [ 381.44681985,  255.36490176],
         [ 376.84342324,  239.50875791],
         [ 384.0042624 ,  235.41684982],
         [ 388.60765901,  237.46280386],
         [ 392.6995671 ,  238.9972694 ],
         [ 392.6995671 ,  244.62364302],
         [ 397.81445221,  247.69257409],
         [ 413.67059607,  256.8993673 ],
         [ 386.56170496,  301.91035631],
         [ 412.13613054,  273.52274392],
         [ 401.39487179,  266.87339327],
         [ 526.70955711,  275.05720946],
         [ 557.91035631,  275.56869797],
         [ 438.73353313,  299.0971695 ],
         [ 219.81645022,  292.44781885],
         [ 192.70755911,  297.05121545],
         [ 575.81245421,  301.65461205],
         [ 622.86939727,  309.83842824],
         [ 296.02823843,  264.82743923],
         [ 249.22703963,  304.85141525],
         [ 309.07119547,  335.28498168],
         [ 198.07818848,  339.37688978],
         [ 329.78648019,  273.71455211],
         [ 316.61565102,  260.92733933]]), array([[314]], dtype=uint16))]]
