[[(array([[ 27.05032468, 373.39366883],
         [ 77.57792208, 366.65665584],
         [ 58.71428571, 332.29788961],
         [121.36850649, 344.42451299],
         [268.90909091, 353.18262987],
         [342.34253247, 362.61444805],
         [611.82305195, 355.87743506],
         [578.13798701, 351.83522727],
         [549.84253247, 376.08847403],
         [499.98863636, 361.94074675],
         [453.50324675, 321.51866883],
         [473.71428571, 327.58198052],
         [389.50162338, 313.43425325],
         [321.45779221, 337.6875    ],
         [155.05357143, 324.88717532],
         [239.93993506, 289.18100649],
         [225.79220779, 282.44399351],
         [252.06655844, 279.74918831],
         [264.19318182, 274.35957792],
         [254.76136364, 264.25405844],
         [239.26623377, 260.21185065],
         [227.13961039, 249.43262987],
         [215.01298701, 245.39042208],
         [200.19155844, 250.10633117],
         [206.25487013, 248.08522727],
         [310.67857143, 282.44399351],
         [ 42.54545455, 296.59172078],
         [ 52.65097403, 274.35957792],
         [ 18.29220779, 269.64366883],
         [  9.53409091, 268.29626623],
         [ 10.88149351, 240.00081169],
         [ 32.43993506, 227.87418831],
         [ 20.98701299, 244.71672078],
         [ 29.74512987, 266.94886364],
         [ 52.65097403, 249.43262987],
         [ 41.19805195, 246.73782468],
         [ 74.20941558, 240.00081169],
         [ 53.32467532, 231.9163961 ],
         [ 66.7987013 , 221.13717532],
         [ 80.94642857, 222.48457792],
         [ 89.70454545, 229.22159091],
         [ 49.28246753, 260.21185065],
         [115.9788961 , 217.76866883],
         [127.43181818, 224.50568182],
         [133.49512987, 211.70535714],
         [103.17857143, 202.27353896],
         [ 82.29383117, 177.34659091],
         [ 72.18831169, 167.24107143],
         [ 89.70454545, 175.32548701],
         [ 61.40909091, 159.15665584],
         [ 33.11363636, 197.55762987],
         [  9.53409091, 173.30438312],
         [ 14.25      , 165.21996753],
         [ 23.68181818, 113.34496753],
         [ 28.39772727, 120.08198052],
         [ 85.66233766, 111.32386364],
         [ 98.46266234, 111.99756494],
         [109.91558442,  99.87094156],
         [140.90584416, 105.93425325],
         [156.40097403, 206.98944805],
         [151.68506494, 227.20048701],
         [167.18019481, 210.35795455],
         [164.48538961, 218.44237013],
         [159.09577922, 251.45373377],
         [145.62175325, 241.34821429],
         [125.41071429, 235.2849026 ],
         [254.76136364, 244.71672078],
         [254.76136364, 230.56899351],
         [265.54058442, 235.9586039 ],
         [274.9724026 , 225.85308442],
         [378.0487013 , 235.9586039 ],
         [343.68993506, 245.39042208],
         [362.55357143, 248.08522727],
         [312.02597403, 243.36931818],
         [316.06818182, 227.87418831],
         [327.5211039 , 243.36931818],
         [270.93019481, 249.43262987],
         [264.19318182, 250.10633117],
         [216.69724026, 227.70576299],
         [199.18100649, 230.06371753],
         [169.2012987 , 251.28530844],
         [191.43344156, 255.32751623],
         [213.66558442, 209.85267857],
         [234.55032468, 203.45251623],
         [222.4237013 , 215.91599026],
         [251.05600649, 204.46306818],
         [268.57224026, 203.45251623],
         [302.93100649, 224.00040584],
         [293.16233766, 222.3161526 ],
         [369.62743506, 234.10592532],
         [367.26948052, 225.34780844],
         [356.49025974, 222.3161526 ],
         [349.75324675, 229.39001623],
         [337.62662338, 230.06371753],
         [332.91071429, 209.51582792],
         [342.34253247, 218.9476461 ],
         [357.16396104, 210.52637987],
         [374.34334416, 215.91599026],
         [312.69967532, 213.55803571],
         [297.87824675, 204.46306818],
         [303.26785714, 189.30478896],
         [327.85795455, 186.94683442],
         [320.44724026, 180.54667208],
         [348.06899351, 199.74715909],
         [401.62824675, 199.74715909],
         [395.22808442, 221.30560065],
         [382.76461039, 223.66355519],
         [382.09090909, 199.74715909],
         [358.84821429, 173.80965909],
         [337.62662338, 176.16761364],
         [286.08847403, 191.66274351],
         [270.93019481, 188.96793831],
         [278.34090909, 181.22037338],
         [258.80357143, 185.59943182],
         [242.63474026, 184.58887987],
         [224.44480519, 180.54667208],
         [229.49756494, 176.50446429],
         [216.36038961, 175.15706169],
         [206.25487013, 173.80965909],
         [229.83441558, 168.4200487 ],
         [252.74025974, 172.79910714],
         [247.6875    , 158.98823052],
         [239.60308442, 155.95657468],
         [233.87662338, 114.52394481],
         [260.15097403, 154.94602273],
         [267.89853896, 167.7463474 ],
         [283.39366883, 171.45170455],
         [283.05681818, 161.68303571],
         [293.83603896, 170.10430195],
         [319.77353896, 171.45170455],
         [347.73214286, 166.06209416],
         [335.94237013, 162.35673701],
         [285.07792208, 154.94602273],
         [306.97321429, 153.59862013],
         [293.16233766, 151.24066558],
         [319.09983766, 146.52475649],
         [325.83685065, 149.21956169],
         [314.04707792, 137.42978896],
         [328.53165584, 141.8088474 ],
         [334.93181818, 146.86160714],
         [345.37418831, 148.88271104],
         [301.24675325, 154.27232143],
         [293.83603896, 146.52475649],
         [302.93100649, 130.35592532],
         [295.85714286, 127.99797078],
         [299.5625    , 122.94521104],
         [299.5625    , 134.73498377],
         [286.76217532, 132.37702922],
         [242.97159091, 129.00852273],
         [243.98214286, 119.2398539 ],
         [378.0487013 , 158.31452922],
         [369.96428571, 164.04099026],
         [392.87012987, 173.13595779],
         [377.71185065, 189.30478896],
         [420.15503247, 164.04099026],
         [401.62824675, 166.06209416],
         [411.06006494, 163.03043831],
         [407.01785714, 163.70413961],
         [343.68993506, 177.34659091],
         [ 33.11363636, 111.32386364],
         [ 41.87175325, 111.99756494],
         [210.29707792,  99.87094156],
         [197.49675325, 102.56574675],
         [412.40746753, 226.52678571],
         [363.22727273, 200.92613636],
         [328.19480519, 193.51542208],
         [314.72077922, 199.57873377],
         [260.82467532, 227.20048701],
         [244.65584416, 230.56899351],
         [238.59253247, 224.50568182],
         [220.4025974 , 192.84172078],
         [308.65746753, 162.52516234],
         [308.65746753, 177.34659091],
         [324.8262987 , 163.87256494],
         [319.43668831, 158.48295455],
         [316.06818182, 153.09334416],
         [272.9512987 , 149.05113636],
         [248.69805195, 147.03003247],
         [456.19805195, 210.35795455],
         [497.29383117, 215.07386364],
         [490.55681818, 199.57873377],
         [490.55681818, 158.48295455],
         [442.72402597, 168.58847403],
         [465.96672078, 176.50446429],
         [530.64204545, 148.20900974],
         [516.83116883, 141.1351461 ],
         [497.29383117, 136.75608766],
         [510.09415584, 129.68222403],
         [443.73457792, 132.04017857],
         [432.28165584, 135.07183442],
         [437.33441558, 156.29342532],
         [443.06087662, 144.5036526 ],
         [427.9025974 , 150.56696429],
         [402.30194805, 150.56696429],
         [392.53327922, 146.18790584],
         [416.11282468, 136.41923701],
         [403.3125    , 139.78774351],
         [417.79707792, 144.16680195],
         [412.40746753, 152.25121753],
         [426.89204545, 134.39813312],
         [429.25      , 123.95576299],
         [456.5349026 , 130.69277597],
         [449.12418831, 122.94521104],
         [478.43019481, 139.45089286],
         [479.1038961 , 131.02962662],
         [470.00892857, 131.02962662],
         [477.75649351, 121.59780844],
         [471.69318182, 107.11323052],
         [453.8400974 ,  87.23904221],
         [452.49269481,  59.28043831],
         [490.55681818,  95.32345779],
         [484.49350649, 106.43952922],
         [493.58847403, 106.43952922],
         [481.125     ,  96.67086039],
         [473.04058442,  97.68141234],
         [468.66152597,  95.99715909],
         [462.59821429, 100.37621753],
         [519.86282468, 122.60836039],
         [530.9788961 , 122.60836039],
         [540.41071429, 126.31371753],
         [539.40016234, 143.8299513 ],
         [558.60064935, 131.36647727],
         [555.90584416, 124.96631494],
         [556.24269481, 114.86079545],
         [559.27435065, 110.14488636],
         [542.76866883, 109.47118506],
         [541.08441558, 102.39732143],
         [530.30519481, 103.07102273],
         [529.96834416, 110.48173701],
         [516.83116883, 103.40787338],
         [500.32548701, 115.8713474 ],
         [509.75730519, 115.8713474 ],
         [491.90422078, 116.88189935],
         [535.0211039 ,  85.89163961],
         [539.06331169,  94.64975649],
         [535.35795455,  99.36566558],
         [557.25324675, 107.11323052],
         [552.53733766,  98.69196429],
         [558.9375    , 101.72362013],
         [567.35876623, 109.47118506],
         [579.48538961, 129.00852273],
         [610.47564935, 114.52394481],
         [605.08603896, 114.52394481],
         [592.28571429, 110.81858766],
         [580.83279221, 104.75527597],
         [567.35876623,  98.69196429],
         [558.60064935,  88.58644481],
         [551.86363636,  91.9549513 ],
         [547.82142857,  86.90219156],
         [505.37824675, 110.65016234],
         [435.98701299, 120.08198052],
         [506.05194805,  99.19724026],
         [512.11525974,  93.80762987],
         [485.84090909, 146.35633117],
         [473.71428571, 153.76704545],
         [464.95616883, 140.96672078],
         [458.21915584, 147.03003247],
         [450.13474026, 151.07224026],
         [458.21915584, 126.14529221],
         [471.01948052, 115.36607143],
         [479.1038961 , 114.01866883],
         [479.7775974 , 181.3887987 ],
         [624.76136364, 100.71306818],
         [615.32954545,  98.35511364],
         [618.69805195,  88.58644481],
         [614.65584416,  85.21793831],
         [607.58198052,  79.49147727],
         [595.79220779,  92.29180195],
         [589.05519481,  94.64975649],
         [596.80275974,  95.99715909],
         [583.32873377,  89.2601461 ],
         [583.32873377,  75.78612013],
         [567.49675325,  76.12297078],
         [582.99188312,  50.85917208],
         [570.52840909,  70.05965909],
         [570.52840909,  60.96469156],
         [548.63311688,  79.82832792],
         [558.06493506,  82.85998377],
         [555.70698052,  65.34375   ],
         [603.53977273,  40.7536526 ],
         [646.31980519,  92.29180195],
         [608.92938312,  91.28125   ],
         [592.28571429,  72.92288961],
         [590.26461039,  63.49107143],
         [598.34902597,  56.08035714],
         [552.53733766,  60.12256494],
         [557.92694805,  54.73295455],
         [594.98051948, 126.14529221],
         [572.74837662,  94.48133117],
         [577.46428571,  93.13392857],
         [577.46428571,  82.35470779],
         [516.15746753,  90.43912338],
         [546.47402597, 120.08198052],
         [508.07305195, 153.76704545],
         [485.84090909, 120.08198052],
         [503.35714286, 130.8612013 ],
         [305.28896104, 118.73457792],
         [316.74188312, 124.79788961],
         [285.07792208, 123.45048701],
         [312.69967532, 268.29626623],
         [314.72077922, 238.65340909],
         [248.69805195, 321.51866883],
         [219.7288961 , 329.60308442],
         [475.73538961, 384.84659091],
         [631.36038961, 351.83522727],
         [ 30.41883117, 299.96022727],
         [ 23.00811688, 294.57061688],
         [ 18.96590909, 290.52840909],
         [ 30.41883117, 280.42288961],
         [ 12.2288961 , 316.80275974],
         [345.03733766, 104.58685065],
         [345.03733766,  77.6387987 ],
         [325.5       ,  87.07061688],
         [310.67857143,  85.72321429],
         [299.22564935,  90.43912338],
         [281.70941558, 103.91314935],
         [291.81493506,  84.37581169],
         [348.40584416,  30.47970779],
         [334.93181818,  37.21672078],
         [380.06980519,  83.70211039],
         [388.15422078,  82.35470779],
         [394.89123377,  78.9862013 ],
         [332.91071429, 105.93425325],
         [315.39448052, 115.36607143],
         [372.65909091, 147.03003247],
         [398.93344156, 141.64042208],
         [391.52272727, 136.25081169],
         [374.68019481, 192.84172078],
         [389.50162338, 189.47321429],
         [410.38636364, 192.84172078],
         [526.26298701,  91.78652597],
         [217.70779221, 110.65016234],
         [142.92694805, 188.12581169],
         [153.70616883, 191.49431818],
         [167.18019481, 190.14691558],
         [153.03246753, 177.34659091],
         [163.13798701, 184.75730519],
         [208.27597403, 235.9586039 ],
         [208.27597403, 215.07386364],
         [442.38311688,  87.22077922],
         [424.2012987 ,  68.38961039],
         [483.29220779,  85.27272727],
         [480.69480519,  80.07792208],
         [469.65584416,  84.62337662],
         [469.65584416,  72.28571429],
         [510.56493506,  76.18181818],
         [533.29220779,  80.07792208],
         [539.13636364,  78.12987013],
         [581.34415584,  37.22077922],
         [585.24025974,  24.88311688],
         [591.08441558,  37.87012987]]), array([[351]], dtype=uint16))]]
