[[(array([[103.8966034 , 373.72677323],
         [ 73.32717283, 310.19030969],
         [ 30.17032967, 292.80769231],
         [ 15.78471528, 262.23826174],
         [ 34.96553447, 220.28021978],
         [  7.99250749, 231.66883117],
         [ 16.38411588, 197.502997  ],
         [ 38.56193806, 196.3041958 ],
         [ 10.98951049, 169.93056943],
         [ 79.32117882, 250.84965035],
         [ 85.91458541, 228.07242757],
         [104.496004  , 223.27722278],
         [ 87.71278721, 210.68981019],
         [ 99.7007992 , 191.50899101],
         [ 63.73676324, 189.11138861],
         [ 73.32717283, 182.51798202],
         [ 48.15234765, 172.32817183],
         [ 37.36313686, 163.93656344],
         [ 45.75474525, 149.55094905],
         [ 51.74875125, 162.13836164],
         [ 63.13736264, 161.53896104],
         [ 60.73976024, 151.34915085],
         [ 79.32117882, 162.13836164],
         [ 78.12237762, 119.58091908],
         [ 85.91458541, 111.78871129],
         [ 97.3031968 , 116.58391608],
         [106.89360639, 115.38511489],
         [114.08641359, 107.59290709],
         [ 63.13736264, 109.99050949],
         [ 56.54395604, 114.78571429],
         [ 43.95654346, 122.57792208],
         [ 31.36913087, 118.98151848],
         [ 21.77872128, 115.98451548],
         [ 12.78771229, 124.97552448],
         [  3.7967033 , 126.17432567],
         [  7.99250749, 153.14735265],
         [ 16.38411588, 151.34915085],
         [ 97.3031968 , 150.15034965],
         [104.496004  , 166.33416583],
         [ 90.11038961, 165.13536464],
         [112.88761239, 154.34615385],
         [117.68281718, 163.33716284],
         [111.68881119, 177.72277722],
         [124.87562438, 181.31918082],
         [119.48101898, 207.09340659],
         [128.47202797, 220.28021978],
         [156.04445554, 220.28021978],
         [164.43606394, 244.25624376],
         [138.66183816, 247.25324675],
         [150.64985015, 265.83466533],
         [118.28221778, 289.81068931],
         [175.82467532, 311.38911089],
         [214.78571429, 294.60589411],
         [251.94855145, 368.33216783],
         [293.30719281, 249.65084915],
         [235.76473526, 228.07242757],
         [229.17132867, 205.89460539],
         [208.79170829, 237.66283716],
         [353.84665335, 274.22627373],
         [389.81068931, 307.79270729],
         [450.94955045, 356.34415584],
         [508.49200799, 316.18431568],
         [575.62487512, 289.21128871],
         [545.65484515, 250.84965035],
         [491.10939061, 273.02747253],
         [482.11838162, 253.84665335],
         [432.96753247, 247.85264735],
         [464.73576424, 225.67482517],
         [429.37112887, 226.27422577],
         [416.18431568, 202.2982018 ],
         [428.17232767, 193.30719281],
         [449.15134865, 186.71378621],
         [429.97052947, 172.32817183],
         [417.98251748, 179.52097902],
         [387.41308691, 212.48801199],
         [365.83466533, 222.07842158],
         [370.03046953, 250.84965035],
         [341.25924076, 209.49100899],
         [321.47902098, 194.50599401],
         [340.65984016, 180.71978022],
         [309.49100899, 229.27122877],
         [284.31618382, 212.48801199],
         [254.34615385, 198.1023976 ],
         [269.93056943, 154.94555445],
         [231.56893107, 133.36713287],
         [197.4030969 , 135.16533467],
         [166.83366633, 160.34015984],
         [153.64685315, 168.73176823],
         [144.65584416, 192.70779221],
         [145.25524476, 155.54495504],
         [148.25224775, 136.36413586],
         [156.64385614, 125.57492507],
         [158.44205794, 143.55694306],
         [170.43006993, 135.16533467],
         [171.62887113, 108.79170829],
         [183.61688312, 110.58991009],
         [196.2042957 , 114.78571429],
         [190.21028971, 109.39110889],
         [140.46003996, 148.35214785],
         [132.06843157, 148.95154845],
         [114.08641359, 139.96053946],
         [121.27922078, 150.15034965],
         [219.58091908, 113.58691309],
         [208.19230769, 111.78871129],
         [202.1983017 , 111.78871129],
         [224.37612388, 102.7977023 ],
         [230.96953047, 105.79470529],
         [231.56893107,  99.8006993 ],
         [239.36113886, 102.7977023 ],
         [246.55394605, 102.7977023 ],
         [250.74975025, 113.58691309],
         [264.53596404, 105.1953047 ],
         [257.34315684, 102.1983017 ],
         [283.11738262, 103.9965035 ],
         [275.32517483, 107.59290709],
         [293.30719281, 101.5989011 ],
         [302.8976024 ,  99.8006993 ],
         [303.497003  , 126.77372627],
         [285.51498501, 148.95154845],
         [293.30719281, 141.15934066],
         [265.13536464, 144.75574426],
         [335.86463536, 167.53296703],
         [365.23526474, 181.91858142],
         [360.44005994, 201.0994006 ],
         [386.81368631, 197.502997  ],
         [385.61488511, 178.32217782],
         [389.21128871, 163.33716284],
         [360.44005994, 166.93356643],
         [365.83466533, 155.54495504],
         [373.02747253, 145.95454545],
         [345.45504496, 148.35214785],
         [337.06343656, 150.15034965],
         [347.25324675, 138.76173826],
         [401.7987013 , 125.57492507],
         [380.81968032, 143.55694306],
         [394.00649351, 115.38511489],
         [390.41008991, 106.39410589],
         [382.61788212, 100.4000999 ],
         [375.42507493, 103.9965035 ],
         [358.64185814, 105.1953047 ],
         [358.64185814,  98.0024975 ],
         [344.25624376,  95.6048951 ],
         [340.65984016,  99.8006993 ],
         [331.66883117, 102.1983017 ],
         [320.28021978,  99.2012987 ],
         [311.88861139, 102.7977023 ],
         [404.7957043 , 111.18931069],
         [407.19330669, 105.1953047 ],
         [413.78671329, 102.7977023 ],
         [408.99150849,  99.2012987 ],
         [454.0964036 , 169.63086913],
         [462.78771229, 161.23926074],
         [446.3041958 , 156.44405594],
         [432.81768232, 148.05244755],
         [419.63086913, 155.54495504],
         [465.78471528, 145.95454545],
         [452.8976024 , 145.35514486],
         [452.2982018 , 123.17732268],
         [443.00749251, 101.5989011 ],
         [423.22727273, 103.0974026 ],
         [451.6988012 , 102.1983017 ],
         [453.1973027 , 107.29320679],
         [462.78771229, 107.29320679],
         [464.88561439, 102.1983017 ],
         [473.27722278, 104.8956044 ],
         [488.56193806,  98.9015984 ],
         [498.45204795, 125.87462537],
         [505.04545455, 109.69080919],
         [510.73976024, 103.6968032 ],
         [528.72177822, 106.99350649],
         [543.70679321, 112.08841159],
         [563.78671329, 106.09440559],
         [576.37412587, 103.6968032 ],
         [591.35914086, 107.29320679],
         [577.27322677, 144.15634366],
         [585.06543457, 147.45304695],
         [566.78371628, 139.96053946],
         [545.8046953 , 145.65484515],
         [532.01848152, 145.35514486],
         [540.11038961, 154.34615385],
         [551.1993007 , 138.46203796],
         [549.1013986 , 191.20929071],
         [561.38911089, 179.82067932],
         [580.27022977, 158.84165834],
         [588.06243756, 164.83566434],
         [561.08941059, 152.84765235],
         [587.16333666, 181.61888112],
         [580.27022977, 100.9995005 ],
         [564.23626374, 234.06643357],
         [543.25724276, 172.92757243]]), array([[190]], dtype=uint8))]]
