[[(array([[2.31148200e+01, 4.68706185e+02],
         [1.20728019e+02, 5.28775846e+02],
         [1.61087322e+02, 4.63074654e+02],
         [1.74227561e+02, 3.72031574e+02],
         [4.34305101e+00, 3.84233224e+02],
         [7.75529502e+01, 2.78172729e+02],
         [1.75166149e+02, 2.82865672e+02],
         [2.09893922e+02, 2.95067322e+02],
         [2.69024994e+02, 2.97883087e+02],
         [2.81226644e+02, 3.73908751e+02],
         [2.47437460e+02, 3.68277221e+02],
         [1.93937918e+02, 2.35936249e+02],
         [2.14586864e+02, 2.21857422e+02],
         [2.65270640e+02, 2.17164480e+02],
         [1.30113903e+02, 2.30304718e+02],
         [5.31496505e+01, 2.17164480e+02],
         [8.60002462e+01, 2.04962830e+02],
         [2.46587411e+00, 1.52401877e+02],
         [3.15621161e+01, 1.54279054e+02],
         [1.18850842e+02, 1.66480704e+02],
         [1.52640026e+02, 1.73050823e+02],
         [1.28236727e+02, 1.35507285e+02],
         [8.22458924e+01, 1.14858339e+02],
         [1.07587781e+02, 8.67006854e+01],
         [2.87463507e+01, 9.79637468e+01],
         [8.09740482e+00, 3.32011437e+01],
         [2.87463507e+01, 4.72799705e+01],
         [2.78077623e+01, 5.04349016e+00],
         [9.03599327e+00, 9.73643241e+00],
         [5.97197696e+01, 2.00609054e+01],
         [8.97546001e+01, 4.44642051e+01],
         [1.22605196e+02, 5.19729127e+01],
         [7.63797146e+01, 7.04269669e-01],
         [1.02190897e+02, 3.21469828e+01],
         [1.38795847e+02, 2.69847463e+01],
         [1.43019495e+02, 5.37345171e+01],
         [1.46773848e+02, 9.40938205e+01],
         [1.19554783e+02, 7.10984035e+01],
         [1.78685856e+02, 8.98701725e+01],
         [1.73523619e+02, 5.09187518e+01],
         [1.89479623e+02, 5.93660479e+01],
         [1.97926919e+02, 4.43486326e+01],
         [2.08720686e+02, 4.81029864e+01],
         [2.06843509e+02, 1.38445080e+01],
         [2.17637276e+02, 1.66602733e+01],
         [2.42040576e+02, 1.33752138e+01],
         [2.59404463e+02, 6.80509460e+00],
         [2.32185397e+02, 3.49627481e+01],
         [2.48141401e+02, 6.78133439e+01],
         [2.41101988e+02, 9.83174686e+01],
         [2.48141401e+02, 1.26475122e+02],
         [2.22799513e+02, 1.09580530e+02],
         [2.20922336e+02, 1.33045241e+02],
         [1.92764683e+02, 1.35391712e+02],
         [1.95111154e+02, 1.67773014e+02],
         [2.71606112e+02, 1.74343133e+02],
         [2.83338468e+02, 1.33045241e+02],
         [2.79114820e+02, 7.81378169e+01],
         [3.02579531e+02, 7.81378169e+01],
         [3.16189064e+02, 7.29755804e+01],
         [2.99763766e+02, 5.23266345e+01],
         [2.78176232e+02, 2.83926290e+01],
         [2.88031410e+02, 8.21297728e+00],
         [3.02579531e+02, 1.64285812e+00],
         [3.14781181e+02, 3.26162770e+01],
         [3.36838010e+02, 7.74368305e+00],
         [3.51855425e+02, 3.82478077e+01],
         [3.48101071e+02, 1.43138022e+01],
         [3.68280723e+02, 1.80681560e+01],
         [3.67342134e+02, 3.73092193e+01],
         [3.82359550e+02, 1.94760387e+01],
         [3.84236727e+02, 3.52003502e+00],
         [3.87521786e+02, 3.91863962e+01],
         [3.56548367e+02, 6.26511074e+01],
         [3.79074490e+02, 5.98353421e+01],
         [3.64526369e+02, 8.75237014e+01],
         [3.17596947e+02, 1.04418294e+02],
         [3.03987414e+02, 1.12865590e+02],
         [2.91785764e+02, 1.00663940e+02],
         [3.36368716e+02, 1.08641942e+02],
         [3.31675773e+02, 1.42431126e+02],
         [3.29798596e+02, 1.75281722e+02],
         [3.11496122e+02, 2.34882088e+02],
         [2.76299055e+02, 2.41452207e+02],
         [3.50447542e+02, 1.90768431e+02],
         [3.85175315e+02, 1.79505370e+02],
         [3.77666607e+02, 1.49001245e+02],
         [4.00192730e+02, 1.55102070e+02],
         [3.96438376e+02, 1.10988413e+02],
         [4.04885672e+02, 1.24597945e+02],
         [4.18025911e+02, 8.56465245e+01],
         [3.90806846e+02, 6.35896959e+01],
         [4.18495205e+02, 6.03046363e+01],
         [4.09578615e+02, 4.62258095e+01],
         [4.25534618e+02, 2.36996867e+01],
         [4.28819678e+02, 4.34100442e+01],
         [4.16148734e+02, 3.96556904e+01],
         [4.25534618e+02, 3.52003502e+00],
         [4.44306387e+02, 9.15156573e+00],
         [4.33512620e+02, 1.61909791e+01],
         [4.39144151e+02, 3.12083943e+01],
         [4.62608862e+02, 3.02698059e+01],
         [4.50407212e+02, 4.48179269e+01],
         [4.73402629e+02, 1.94760387e+01],
         [4.86542868e+02, 2.93312174e+01],
         [4.69178981e+02, 5.88967536e+01],
         [4.79972749e+02, 5.65502825e+01],
         [4.59793097e+02, 7.39141688e+01],
         [4.77626277e+02, 7.81378169e+01],
         [4.42898505e+02, 8.89315841e+01],
         [4.24596030e+02, 1.06764765e+02],
         [4.18964499e+02, 1.47593362e+02],
         [4.26942501e+02, 1.59325718e+02],
         [4.50876507e+02, 1.62610777e+02],
         [4.29288972e+02, 1.93114902e+02],
         [4.10047909e+02, 1.96399962e+02],
         [4.20841676e+02, 2.34882088e+02],
         [4.08170732e+02, 2.72894920e+02],
         [4.60731685e+02, 2.37697854e+02],
         [4.92643693e+02, 2.34412794e+02],
         [4.81380631e+02, 1.88891254e+02],
         [4.87481456e+02, 1.35391712e+02],
         [4.87012162e+02, 1.03479705e+02],
         [3.22524536e+02, 3.67338632e+02],
         [3.52559366e+02, 2.89435791e+02],
         [3.86348551e+02, 3.77663105e+02],
         [3.45989247e+02, 3.46689686e+02],
         [4.11690439e+02, 4.42425708e+02],
         [3.33787597e+02, 5.48486203e+02],
         [3.94795847e+02, 5.52240557e+02],
         [4.73637276e+02, 5.56933499e+02],
         [4.47356800e+02, 4.61197477e+02],
         [4.98979165e+02, 4.48995827e+02],
         [4.72698688e+02, 3.62645690e+02],
         [4.55804096e+02, 3.36365213e+02],
         [5.11180815e+02, 3.46689686e+02],
         [4.31400796e+02, 2.82865672e+02],
         [4.71760100e+02, 2.89435791e+02],
         [4.91470457e+02, 3.08207560e+02],
         [5.13996580e+02, 2.40629191e+02],
         [5.05549284e+02, 2.36874838e+02],
         [5.58110237e+02, 1.89945415e+02],
         [5.15873757e+02, 1.62726350e+02],
         [5.12119403e+02, 1.28937166e+02],
         [5.28075407e+02, 1.35507285e+02],
         [5.45908587e+02, 1.66480704e+02],
         [5.60926002e+02, 2.89435791e+02],
         [5.61864591e+02, 3.49505452e+02],
         [5.59987414e+02, 4.41487120e+02],
         [5.59048826e+02, 4.95925250e+02],
         [5.91899421e+02, 5.11881254e+02],
         [7.12038743e+02, 5.36284553e+02],
         [7.12038743e+02, 5.02495369e+02],
         [7.35503454e+02, 4.85600777e+02],
         [6.69802263e+02, 4.29285470e+02],
         [6.97959916e+02, 4.10513701e+02],
         [7.28933335e+02, 4.17083820e+02],
         [7.73046992e+02, 4.26469705e+02],
         [6.13486956e+02, 3.29325800e+02],
         [6.37420961e+02, 3.38242390e+02],
         [6.30381548e+02, 2.63624608e+02],
         [6.60885672e+02, 2.88027908e+02],
         [6.56662024e+02, 2.49545782e+02],
         [6.67925086e+02, 2.44383545e+02],
         [6.78249559e+02, 2.48607193e+02],
         [6.98429211e+02, 2.50484370e+02],
         [7.21893922e+02, 2.46730016e+02],
         [7.21424628e+02, 2.80988495e+02],
         [7.47705104e+02, 2.76764847e+02],
         [7.22832510e+02, 3.41527450e+02],
         [6.96552034e+02, 3.41527450e+02],
         [7.34564866e+02, 3.39650273e+02],
         [7.58029577e+02, 3.33080154e+02],
         [7.93695938e+02, 3.39650273e+02],
         [8.11059825e+02, 3.37303802e+02],
         [8.27485123e+02, 3.41996744e+02],
         [8.38748184e+02, 3.88456872e+02],
         [7.70231227e+02, 4.84192894e+02],
         [7.60376048e+02, 2.78172729e+02],
         [7.87595113e+02, 2.82396377e+02],
         [8.10121236e+02, 2.85681437e+02],
         [7.84310054e+02, 2.50484370e+02],
         [7.62253225e+02, 2.41098486e+02],
         [8.60335718e+02, 4.82785012e+02],
         [8.89431960e+02, 4.89355131e+02],
         [8.87554783e+02, 4.54627358e+02],
         [9.11958083e+02, 4.57443124e+02],
         [9.53255975e+02, 3.92680520e+02],
         [9.72966332e+02, 4.45241474e+02],
         [9.76720686e+02, 3.75785928e+02],
         [9.17589614e+02, 3.89864755e+02],
         [8.68548367e+02, 3.30733683e+02],
         [8.42267891e+02, 3.18062739e+02],
         [8.90135902e+02, 3.27448623e+02],
         [9.31903088e+02, 3.28856506e+02],
         [9.36126736e+02, 3.12900502e+02],
         [9.41288972e+02, 3.10084737e+02],
         [9.68038743e+02, 2.79111318e+02],
         [9.96665691e+02, 2.42506368e+02],
         [1.00276652e+03, 2.84273554e+02],
         [1.00276652e+03, 3.15246973e+02],
         [9.59122153e+02, 2.56585195e+02],
         [9.56775682e+02, 2.17633774e+02],
         [9.75078156e+02, 2.19510951e+02],
         [9.87279806e+02, 2.23734599e+02],
         [9.16416378e+02, 2.52361547e+02],
         [9.32841676e+02, 2.60339549e+02],
         [9.36126736e+02, 2.23265305e+02],
         [9.07499788e+02, 2.81457789e+02],
         [8.88258725e+02, 2.52830841e+02],
         [8.90605196e+02, 2.91782262e+02],
         [8.80280723e+02, 2.88497202e+02],
         [8.69017661e+02, 2.85681437e+02],
         [8.52592364e+02, 2.88497202e+02],
         [8.18333885e+02, 2.24673188e+02],
         [8.47430127e+02, 2.50953664e+02],
         [6.01285306e+02, 2.10125067e+02],
         [6.17241309e+02, 2.01677771e+02],
         [5.75004829e+02, 1.89476121e+02],
         [5.78759183e+02, 1.60849173e+02],
         [5.96592364e+02, 1.52401877e+02],
         [5.13996580e+02, 1.01718101e+02],
         [5.26198230e+02, 1.09226808e+02],
         [5.37930585e+02, 1.06880337e+02],
         [5.58110237e+02, 1.14389045e+02],
         [5.75943418e+02, 1.22367047e+02],
         [6.08324719e+02, 1.20020575e+02],
         [6.11140485e+02, 1.30345048e+02],
         [6.33666607e+02, 1.22836341e+02],
         [6.58069907e+02, 1.28937166e+02],
         [6.50561200e+02, 1.39730933e+02],
         [6.42113903e+02, 1.66011409e+02],
         [6.48214728e+02, 1.71173646e+02],
         [6.58069907e+02, 1.76335882e+02],
         [6.82942501e+02, 1.66011409e+02],
         [7.06876507e+02, 1.74458706e+02],
         [6.91389797e+02, 1.75397294e+02],
         [6.98898505e+02, 2.04962830e+02],
         [7.19078156e+02, 2.04962830e+02],
         [7.26117570e+02, 1.79620942e+02],
         [7.37849925e+02, 1.85252473e+02],
         [7.37849925e+02, 2.10594361e+02],
         [7.72108404e+02, 2.18572363e+02],
         [7.88064408e+02, 2.18572363e+02],
         [8.04020411e+02, 2.04962830e+02],
         [8.25138651e+02, 1.80559530e+02],
         [8.42502538e+02, 2.16695186e+02],
         [8.00735352e+02, 1.58502702e+02],
         [7.93226644e+02, 1.63664938e+02],
         [8.08713353e+02, 1.68827175e+02],
         [7.97919586e+02, 1.41608110e+02],
         [8.10121236e+02, 1.38323050e+02],
         [8.05897588e+02, 1.18143398e+02],
         [8.27015828e+02, 1.23305635e+02],
         [8.19507121e+02, 9.89023353e+01],
         [8.02612529e+02, 1.00310218e+02],
         [8.23730769e+02, 7.87226836e+01],
         [7.47705104e+02, 9.79637468e+01],
         [7.73046992e+02, 7.87226836e+01],
         [7.44889339e+02, 1.21897752e+02],
         [7.53805929e+02, 1.32222225e+02],
         [7.84310054e+02, 1.17204810e+02],
         [7.56621694e+02, 1.59910585e+02],
         [7.36911337e+02, 1.59441290e+02],
         [7.15323803e+02, 1.55217642e+02],
         [6.93266974e+02, 1.46770346e+02],
         [6.77310970e+02, 1.35507285e+02],
         [6.65578615e+02, 1.09226808e+02],
         [6.86227561e+02, 1.13450456e+02],
         [7.03591447e+02, 1.12042574e+02],
         [7.33156983e+02, 1.12042574e+02],
         [7.19547451e+02, 7.49683298e+01],
         [7.28464041e+02, 7.54376240e+01],
         [6.53846259e+02, 8.10691547e+01],
         [6.29912254e+02, 1.03595278e+02],
         [6.02223894e+02, 8.43542143e+01],
         [5.85329302e+02, 9.93716295e+01],
         [5.85329302e+02, 1.11573279e+02],
         [5.66557533e+02, 9.04550392e+01],
         [5.44969999e+02, 8.43542143e+01],
         [5.83452125e+02, 8.20077431e+01],
         [6.03162483e+02, 6.83982106e+01],
         [5.28544701e+02, 8.10691547e+01],
         [4.86777515e+02, 8.10691547e+01],
         [4.97101988e+02, 7.77840951e+01],
         [5.08834343e+02, 7.87226836e+01],
         [5.52009412e+02, 7.02753875e+01],
         [4.95694105e+02, 1.57216849e+01],
         [5.05549284e+02, 1.61909791e+01],
         [5.20566699e+02, 1.66602733e+01],
         [5.22913170e+02, 3.54320424e+01],
         [5.37930585e+02, 3.30855712e+01],
         [5.14465874e+02, 4.90415749e+01],
         [5.58579531e+02, 3.82478077e+01],
         [5.71250475e+02, 1.10287426e+01],
         [5.79697771e+02, 1.19673311e+01],
         [5.80167066e+02, 3.82478077e+01],
         [6.06447542e+02, 2.36996867e+01],
         [6.13017661e+02, 9.62085995e+00],
         [6.28035077e+02, 3.07391001e+01],
         [6.39767432e+02, 6.17125190e+01],
         [6.46806846e+02, 4.29407500e+01],
         [6.67455792e+02, 4.99801633e+01],
         [6.42583198e+02, 3.07391001e+01],
         [6.54315553e+02, 1.66602733e+01],
         [6.70740851e+02, 3.30855712e+01],
         [6.85758266e+02, 5.27959287e+01],
         [7.25178981e+02, 5.37345171e+01],
         [7.40196397e+02, 6.17125190e+01],
         [7.05937918e+02, 1.85374502e+01],
         [6.77780265e+02, 3.05074080e+00],
         [7.15793097e+02, 3.52003502e+00],
         [8.79811429e+02, 2.17518202e+02],
         [8.76995663e+02, 2.33004911e+02],
         [8.99991080e+02, 2.12355965e+02],
         [8.66201896e+02, 1.94522785e+02],
         [8.45552950e+02, 1.99685021e+02],
         [8.47430127e+02, 1.83729018e+02],
         [8.90135902e+02, 1.95461373e+02],
         [9.12192730e+02, 1.92176314e+02],
         [9.32372382e+02, 1.91707019e+02],
         [9.38942501e+02, 1.72935250e+02],
         [9.76486039e+02, 1.73404545e+02],
         [1.00605158e+03, 2.17048908e+02],
         [9.91503454e+02, 1.49001245e+02],
         [1.00370510e+03, 1.23659357e+02],
         [9.92911337e+02, 1.03479705e+02],
         [9.83525452e+02, 1.26475122e+02],
         [9.57714270e+02, 1.26005828e+02],
         [9.46451209e+02, 1.49939833e+02],
         [9.30025911e+02, 1.50878422e+02],
         [9.01398963e+02, 1.67773014e+02],
         [9.37065324e+02, 1.26944416e+02],
         [9.12192730e+02, 1.22251474e+02],
         [8.70894838e+02, 1.68242308e+02],
         [8.74179898e+02, 1.52286304e+02],
         [8.43675773e+02, 1.39615360e+02],
         [8.53061658e+02, 1.21312886e+02],
         [8.76526369e+02, 1.10049824e+02],
         [8.50715187e+02, 7.95456995e+01],
         [8.71833427e+02, 8.47079360e+01],
         [8.45083656e+02, 6.17125190e+01],
         [8.69017661e+02, 6.64054612e+01],
         [8.60101071e+02, 5.51423998e+01],
         [8.07540118e+02, 3.77785135e+01],
         [8.31004829e+02, 4.29407500e+01],
         [7.92991997e+02, 5.98353421e+01],
         [7.65303638e+02, 6.35896959e+01],
         [7.54979165e+02, 1.52523907e+01],
         [7.88299055e+02, 3.02698059e+01],
         [8.96706021e+02, 9.15156573e+00],
         [9.32372382e+02, 2.36996867e+01],
         [9.56775682e+02, 2.88619232e+01],
         [9.83525452e+02, 2.22918040e+01],
         [9.70854508e+02, 4.92791770e+00],
         [9.69446626e+02, 4.20021615e+01],
         [9.96196397e+02, 6.35896959e+01],
         [9.45043326e+02, 3.91863962e+01],
         [9.04684023e+02, 5.51423998e+01],
         [9.39411795e+02, 8.56465245e+01],
         [9.09846259e+02, 1.07703353e+02],
         [8.26781181e+02, 1.05356882e+02]]), array([[362]], dtype=uint16))]]
