[[(array([[ 27.53703704, 330.07407407],
         [ 34.27777778, 297.81481481],
         [ 13.09259259, 280.48148148],
         [ 76.16666667, 354.14814815],
         [ 69.90740741, 336.81481481],
         [ 57.38888889, 314.18518519],
         [ 88.2037037 , 307.92592593],
         [ 90.12962963, 288.66666667],
         [ 70.87037037, 268.92592593],
         [ 59.7962963 , 255.44444444],
         [100.24074074, 260.25925926],
         [134.90740741, 360.88888889],
         [154.64814815, 335.85185185],
         [150.31481481, 310.81481481],
         [150.7962963 , 278.07407407],
         [154.16666667, 252.07407407],
         [190.27777778, 266.51851852],
         [229.75925926, 297.33333333],
         [210.01851852, 314.18518519],
         [217.72222222, 352.22222222],
         [277.42592593, 330.55555556],
         [303.90740741, 328.14814815],
         [341.46296296, 345.48148148],
         [328.46296296, 304.07407407],
         [379.98148148, 327.18518519],
         [403.09259259, 320.92592593],
         [386.24074074, 305.03703704],
         [416.57407407, 297.81481481],
         [445.94444444, 345.48148148],
         [470.01851852, 280.96296296],
         [499.87037037, 278.55555556],
         [506.12962963, 346.44444444],
         [444.01851852, 319.96296296],
         [394.90740741, 255.44444444],
         [372.27777778, 279.03703704],
         [354.46296296, 280.        ],
         [350.61111111, 255.92592593],
         [370.83333333, 255.92592593],
         [387.2037037 , 242.44444444],
         [429.09259259, 223.18518519],
         [453.64814815, 224.62962963],
         [465.68518519, 234.74074074],
         [503.24074074, 206.33333333],
         [258.16666667, 282.88888889],
         [244.68518519, 254.96296296],
         [226.38888889, 259.77777778],
         [227.35185185, 277.59259259],
         [ 31.59259259,  51.89814815],
         [ 53.5       ,  60.08333333],
         [ 66.01851852,  65.86111111],
         [ 36.16666667,  81.02777778],
         [ 61.68518519,  95.9537037 ],
         [ 91.05555556,  52.62037037],
         [115.61111111,  60.56481481],
         [109.83333333,  82.23148148],
         [ 92.98148148, 102.69444444],
         [ 27.01851852, 135.19444444],
         [ 18.11111111, 172.50925926],
         [ 50.85185185, 192.49074074],
         [ 50.61111111, 136.63888889],
         [131.01851852, 156.13888889],
         [130.77777778, 136.39814815],
         [146.66666667, 114.00925926],
         [158.22222222, 111.60185185],
         [149.31481481,  94.50925926],
         [156.05555556,  52.62037037],
         [136.55555556,  50.4537037 ],
         [175.7962963 ,  56.23148148],
         [159.94444444,  67.30555556],
         [200.87037037,  38.41666667],
         [222.77777778,  43.47222222],
         [246.61111111,  37.4537037 ],
         [209.77777778,  70.19444444],
         [191.96296296,  73.32407407],
         [204.96296296,  92.10185185],
         [189.7962963 ,  99.56481481],
         [202.7962963 , 112.56481481],
         [178.48148148, 127.49074074],
         [191.        , 155.89814815],
         [169.81481481, 151.32407407],
         [173.42592593, 169.13888889],
         [224.94444444, 125.44444444],
         [224.94444444, 116.2962963 ],
         [237.94444444, 116.77777778],
         [252.87037037, 108.11111111],
         [269.24074074,  82.59259259],
         [220.61111111,  80.66666667],
         [282.24074074,  68.14814815],
         [311.61111111,  69.11111111],
         [341.94444444,  69.59259259],
         [357.83333333,  70.07407407],
         [376.61111111,  69.59259259],
         [301.5       ,  94.62962963],
         [314.98148148, 109.07407407],
         [315.94444444,  98.96296296],
         [272.12962963, 125.44444444],
         [278.87037037, 142.77777778],
         [269.24074074, 151.92592593],
         [305.83333333, 124.96296296],
         [313.53703704, 142.77777778],
         [256.72222222, 167.81481481],
         [248.05555556, 145.18518519],
         [217.72222222, 164.44444444],
         [220.61111111, 141.33333333],
         [145.98148148, 151.44444444],
         [171.5       , 186.59259259],
         [148.87037037, 212.11111111],
         [ 86.75925926, 200.07407407],
         [125.75925926, 208.74074074],
         [ 75.2037037 , 200.07407407],
         [ 58.35185185, 148.55555556],
         [ 71.35185185, 147.11111111],
         [ 19.35185185, 107.62962963],
         [  3.94444444,  77.2962963 ],
         [  3.94444444,  90.77777778],
         [ 81.94444444,  74.88888889],
         [247.57407407, 177.44444444],
         [248.53703704, 195.25925926],
         [203.75925926, 210.18518519],
         [206.16666667, 228.96296296],
         [204.72222222, 249.18518519],
         [378.53703704, 363.77777778],
         [496.5       , 181.2962963 ],
         [467.12962963, 175.03703704],
         [482.53703704, 152.88888889],
         [496.98148148, 144.22222222],
         [504.2037037 , 125.44444444],
         [479.64814815, 142.77777778],
         [492.64814815, 121.11111111],
         [484.46296296,  91.25925926],
         [493.61111111,  68.14814815],
         [501.31481481,  70.55555556],
         [470.5       ,  69.59259259],
         [458.46296296,  76.81481481],
         [430.05555556,  78.74074074],
         [435.83333333, 112.92592593],
         [404.53703704, 127.85185185],
         [400.2037037 , 149.51851852],
         [388.64814815, 161.55555556],
         [418.98148148, 156.25925926],
         [423.31481481, 168.2962963 ],
         [401.16666667, 185.62962963],
         [380.94444444, 117.74074074],
         [390.57407407, 101.85185185],
         [340.01851852, 111.        ],
         [329.42592593, 104.25925926],
         [349.16666667, 137.96296296],
         [355.90740741, 151.44444444],
         [372.75925926, 159.14814815],
         [364.57407407, 174.55555556],
         [368.90740741, 202.        ],
         [389.61111111, 226.07407407],
         [320.75925926, 272.77777778],
         [308.72222222, 256.88888889],
         [287.53703704, 251.59259259],
         [314.5       , 203.92592593],
         [328.94444444, 181.77777778],
         [320.27777778, 173.11111111],
         [288.5       , 153.85185185],
         [238.90740741, 215.48148148],
         [ 23.68518519, 207.77777778],
         [  5.38888889, 146.14814815],
         [119.01851852,  70.55555556],
         [140.68518519,  87.40740741],
         [351.57407407, 235.7037037 ],
         [541.43406593, 313.63186813],
         [517.80769231, 153.74175824],
         [534.84065934, 146.04945055],
         [530.44505495, 116.92857143],
         [514.51098901,  94.4010989 ],
         [517.80769231,  38.35714286],
         [481.54395604,  50.99450549],
         [455.17032967,  31.76373626],
         [446.37912088,  64.73076923],
         [407.91758242,  64.18131868],
         [372.2032967 ,  30.11538462],
         [322.75274725,  41.1043956 ],
         [368.35714286,  24.62087912],
         [352.97252747,  26.81868132],
         [306.26923077,  60.88461538],
         [301.87362637,  42.2032967 ],
         [278.24725275,  42.75274725],
         [298.57692308,  34.51098901],
         [271.65384615,  25.17032967],
         [196.92857143,  26.26923077],
         [163.41208791,  30.11538462],
         [ 60.11538462,  29.01648352],
         [ 48.02747253,  27.91758242],
         [ 76.04945055,  24.62087912],
         [ 92.53296703,  25.17032967],
         [116.70879121,  25.17032967],
         [141.43406593,  25.17032967],
         [ 15.06043956,  25.17032967],
         [425.5       , 133.96153846],
         [209.56593407, 190.55494505],
         [300.22527473, 191.65384615],
         [450.22527473, 119.12637363],
         [543.08241758, 233.41208791],
         [ 62.31318681,  13.08241758],
         [101.87362637,  10.88461538],
         [ 82.64285714,   8.68681319],
         [120.55494505,   4.84065934],
         [136.48901099,  13.08241758],
         [170.55494505,   8.13736264],
         [178.7967033 ,  16.92857143],
         [201.87362637,   8.13736264],
         [227.6978022 ,  16.37912088],
         [241.43406593,  16.92857143],
         [266.15934066,   7.58791209],
         [282.09340659,   6.48901099],
         [285.93956044,  16.37912088],
         [298.02747253,   5.39010989],
         [306.81868132,   6.48901099],
         [328.7967033 ,  18.02747253],
         [341.98351648,  18.57692308],
         [319.45604396,   4.29120879],
         [390.88461538,  14.18131868],
         [372.75274725,  16.37912088],
         [418.35714286,   9.78571429],
         [464.51098901,  15.82967033],
         [480.99450549,  10.88461538],
         [394.73076923, 277.91758242]]), array([[222]], dtype=uint8))]]
